1s 2s 2p- 2p+ 3s 3p- 3p+ 3d- 3d+ 4s 4p- 4p+ 4d- 4d+ 5s 5p- 5p+ 4f- 4f+ 5d- 5d+ 6s 6p- 6p+ 5f- 5f+ 6d- 6d+ 7s 
1.72732907E+05	3.47016069E+04	3.37092125E+04	2.49591956E+04	9.27812979E+03	8.80682366E+03	6.69131175E+03	5.94763918E+03	5.57527865E+03	2.62946031E+03	2.40248063E+03	1.80204296E+03	1.44278137E+03	1.34208871E+03	6.63843086E+02	5.64120597E+02	3.98339087E+02	8.65370088E+02	8.36826420E+02	2.49556566E+02	2.24446988E+02	1.14791142E+02	8.14728655E+01	4.27899151E+01	4.89481661E+01	4.35659304E+01	8.63468099E+00	7.11502285E+00	8.30900013E+00
1.72742272E+05	3.47105736E+04	3.37181308E+04	2.49680698E+04	9.28700880E+03	8.81571032E+03	6.70018554E+03	5.95651044E+03	5.58412769E+03	2.63816877E+03	2.41130038E+03	1.81082160E+03	1.45155388E+03	1.35084116E+03	6.72507601E+02	5.72940842E+02	4.07031031E+02	8.74204654E+02	8.45693972E+02	2.58398372E+02	2.33257094E+02	1.23048414E+02	9.00708777E+01	5.08984288E+01	5.78119594E+01	5.23221673E+01	1.49898608E+01	1.72203352E+01	1.87830288E+01
1.72752186E+05	3.47203914E+04	3.37279107E+04	2.49778450E+04	9.29676356E+03	8.82546207E+03	6.70995021E+03	5.96624104E+03	5.59386871E+03	2.64787937E+03	2.42099877E+03	1.82052606E+03	1.46125158E+03	1.36054639E+03	6.82229668E+02	5.82641306E+02	4.16706073E+02	8.83878342E+02	8.55326516E+02	2.68011308E+02	2.42824790E+02	1.32802465E+02	9.99137383E+01	6.05683574E+01	6.73931169E+01	6.19201085E+01	2.69616984E+01	2.42213809E+01
1.72765218E+05	3.47334340E+04	3.37409531E+04	2.49908900E+04	9.30974079E+03	8.83844758E+03	6.72293757E+03	5.97917188E+03	5.60686758E+03	2.66081300E+03	2.43395465E+03	1.83350937E+03	1.47417160E+03	1.37355387E+03	6.95073472E+02	5.95525065E+02	4.29654496E+02	8.96785477E+02	8.68384885E+02	2.80872214E+02	2.55927163E+02	1.45107558E+02	1.12048396E+02	7.26004506E+01	7.97660663E+01	7.49508369E+01	3.75458634E+01	3.59540601E+01
1.72778890E+05	3.47473301E+04	3.37548188E+04	2.50047814E+04	9.32355245E+03	8.85224550E+03	6.73676551E+03	5.99310563E+03	5.62070413E+03	2.67461890E+03	2.44774347E+03	1.84730578E+03	1.48813234E+03	1.38736502E+03	7.08988546E+02	6.09430287E+02	4.43511633E+02	9.10757553E+02	8.82180989E+02	2.95130809E+02	2.69775045E+02	1.59198261E+02	1.26909871E+02	8.66660860E+01	9.51675647E+01	8.87962805E+01	5.03070834E+01
1.72794354E+05	3.47627935E+04	3.37702581E+04	2.50202677E+04	9.33889790E+03	8.86759960E+03	6.75204298E+03	6.00832115E+03	5.63600540E+03	2.68983824E+03	2.46294022E+03	1.86241566E+03	1.50316670E+03	1.40245933E+03	7.23999226E+02	6.24296292E+02	4.58318195E+02	9.25953414E+02	8.97284990E+02	3.09579402E+02	2.84468845E+02	1.73604196E+02	1.39694780E+02	1.00139258E+02	1.08978271E+02	1.03254940E+02	6.32007121E+01
1.72810723E+05	3.47792160E+04	3.37866303E+04	2.50366967E+04	9.35514899E+03	8.88383378E+03	6.76831979E+03	6.02452512E+03	5.65231337E+03	2.70598246E+03	2.47900709E+03	1.87861936E+03	1.51917328E+03	1.41870737E+03	7.40011466E+02	6.40066109E+02	4.74375406E+02	9.42031085E+02	9.13543536E+02	3.25277975E+02	3.00566670E+02	1.89170498E+02	1.53508050E+02	1.14630256E+02	1.24466552E+02	1.19217386E+02	7.74755253E+01
1.72827962E+05	3.47965302E+04	3.38039299E+04	2.50538701E+04	9.37221490E+03	8.90089998E+03	6.78515580E+03	6.04157382E+03	5.66921802E+03	2.72294551E+03	2.49593448E+03	1.89514946E+03	1.53604788E+03	1.43529100E+03	7.56824251E+02	6.56754223E+02	4.90386180E+02	9.58842972E+02	9.30174311E+02	3.41877465E+02	3.16621795E+02	2.05443292E+02	1.68673059E+02	1.29055615E+02	1.40772777E+02	1.35096154E+02	9.11234303E+01
1.72845894E+05	3.48145842E+04	3.38219983E+04	2.50720717E+04	9.39004670E+03	8.91876063E+03	6.80321676E+03	6.05949141E+03	5.68726600E+03	2.74066243E+03	2.51366006E+03	1.91330446E+03	1.55384332E+03	1.45337942E+03	7.74406661E+02	6.74328008E+02	5.08830917E+02	9.76660880E+02	9.48199694E+02	3.59582990E+02	3.35031361E+02	2.22525517E+02	1.85480700E+02	1.47141135E+02	1.58286356E+02	1.53465432E+02
1.72873320E+05	3.48425883E+04	3.38499191E+04	2.51000255E+04	9.41840686E+03	8.94731920E+03	6.83132530E+03	6.08749340E+03	5.71448794E+03	2.76876655E+03	2.54185056E+03	1.94036249E+03	1.58075016E+03	1.48026788E+03	8.00953721E+02	7.01244524E+02	5.33396412E+02	1.00401193E+03	9.73135912E+02	3.83670760E+02	3.54083540E+02	2.44328832E+02	2.06746728E+02	1.66309857E+02	1.81440371E+02	1.76852999E+02
1.72901779E+05	3.48716592E+04	3.38788882E+04	2.51291644E+04	9.44786475E+03	8.97700897E+03	6.86045044E+03	6.11734939E+03	5.74345163E+03	2.79793552E+03	2.57113869E+03	1.96954805E+03	1.60994022E+03	1.50916996E+03	8.28391210E+02	7.29250754E+02	5.58855324E+02	1.03296347E+03	1.00185855E+03	4.10250687E+02	3.77656879E+02	2.66738861E+02	2.28733710E+02	1.86409866E+02	2.05925500E+02	2.01504075E+02
1.72931331E+05	3.49018495E+04	3.39089628E+04	2.51593674E+04	9.47847534E+03	9.00784502E+03	6.89070570E+03	6.14850503E+03	5.77373977E+03	2.82814314E+03	2.60146409E+03	2.00004924E+03	1.64050717E+03	1.53969782E+03	8.56714881E+02	7.58151282E+02	5.85311980E+02	1.06429242E+03	1.03238288E+03	4.39870170E+02	4.03282823E+02	2.89760651E+02	2.51329136E+02	2.06871703E+02	2.32721421E+02	2.28336528E+02
1.72961898E+05	3.49331065E+04	3.39400761E+04	2.51905879E+04	9.51020513E+03	9.03974971E+03	6.92211852E+03	6.18065341E+03	5.80515855E+03	2.85936699E+03	2.63278037E+03	2.03098886E+03	1.67185693E+03	1.57035039E+03	8.85979879E+02	7.87941990E+02	6.12896499E+02	1.09661732E+03	1.06320463E+03	4.66726285E+02	4.30040418E+02	3.13431526E+02	2.74533520E+02	2.27750525E+02	2.60690455E+02	2.56659823E+02
1.72993512E+05	3.49654223E+04	3.39722366E+04	2.52228990E+04	9.54301818E+03	9.07272352E+03	6.95470204E+03	6.21325615E+03	5.83774883E+03	2.89157608E+03	2.66508654E+03	2.06255451E+03	1.70321691E+03	1.60169152E+03	9.16021762E+02	8.18503040E+02	6.41555662E+02	1.11460336E+03	1.09461211E+03	4.88962449E+02	4.57822617E+02	3.37641555E+02	2.98295513E+02	2.49240236E+02	2.87613458E+02	2.84324952E+02
1.73026206E+05	3.49988534E+04	3.40054758E+04	2.52563864E+04	9.57691186E+03	9.10674033E+03	6.98858104E+03	6.24702124E+03	5.87171476E+03	2.92476101E+03	2.69835628E+03	2.09537568E+03	1.73602043E+03	1.63439978E+03	9.46733514E+02	8.49532094E+02	6.71404542E+02	1.14836903E+03	1.12746673E+03	5.16721160E+02	4.86977486E+02	3.62309150E+02	3.22467524E+02	2.71476627E+02	3.17923292E+02	3.12093590E+02
1.73059890E+05	3.50333060E+04	3.40397239E+04	2.52910091E+04	9.61186981E+03	9.14170183E+03	7.02383624E+03	6.28159012E+03	5.90721075E+03	2.95890989E+03	2.73252693E+03	2.12964966E+03	1.77036877E+03	1.66881373E+03	9.78139929E+02	8.80786489E+02	7.02633253E+02	1.18309444E+03	1.16218334E+03	5.37135372E+02	5.17885937E+02	3.87462578E+02	3.46899414E+02	2.94635047E+02	3.45346607E+02
1.73094099E+05	3.50683392E+04	3.40744890E+04	2.53262066E+04	9.64838443E+03	9.17789672E+03	7.06056217E+03	6.31903722E+03	5.94384612E+03	2.99423018E+03	2.76762529E+03	2.16478612E+03	1.80599868E+03	1.70409339E+03	1.01276085E+03	9.15922944E+02	7.36912136E+02	1.22123265E+03	1.19789966E+03	5.67671729E+02	5.51007182E+02	4.14840762E+02	3.73149053E+02	3.18999091E+02	3.78260442E+02
1.73130031E+05	3.51051262E+04	3.41110803E+04	2.53628823E+04	9.68546784E+03	9.21471677E+03	7.09718015E+03	6.35472368E+03	5.98062911E+03	3.03027084E+03	2.80359460E+03	2.19948075E+03	1.84122731E+03	1.73871872E+03	1.04575425E+03	9.47054614E+02	7.67837608E+02	1.25377274E+03	1.23282168E+03	6.00830972E+02	5.80899153E+02	4.40767768E+02	3.97804771E+02	3.41864571E+02	4.07265449E+02
1.73166915E+05	3.51428828E+04	3.41486395E+04	2.54008232E+04	9.72383657E+03	9.25264560E+03	7.13567709E+03	6.39218292E+03	6.01919715E+03	3.06739458E+03	2.84050908E+03	2.23653523E+03	1.87795309E+03	1.77532770E+03	1.08007002E+03	9.79479268E+02	8.00800237E+02	1.28967768E+03	1.26954132E+03	6.32489110E+02	6.12715937E+02	4.67660977E+02	4.23242814E+02	3.66323146E+02	4.38641559E+02
1.73204698E+05	3.51815457E+04	3.41870928E+04	2.54394504E+04	9.76329243E+03	9.29166907E+03	7.17507872E+03	6.43102815E+03	6.05908803E+03	3.10544086E+03	2.87833892E+03	2.27438791E+03	1.91524144E+03	1.81351955E+03	1.11544383E+03	1.01315461E+03	8.34327824E+02	1.32789902E+03	1.30805943E+03	6.65065372E+02	6.45984726E+02	4.95267831E+02	4.49445116E+02	3.91160474E+02	4.71812861E+02
1.73243466E+05	3.52212109E+04	3.42265329E+04	2.54791130E+04	9.80372968E+03	9.33183438E+03	7.21461430E+03	6.47108433E+03	6.09870827E+03	3.14435201E+03	2.91713074E+03	2.31167921E+03	1.95318154E+03	1.85082870E+03	1.15150494E+03	1.04799538E+03	8.67468913E+02	1.36510146E+03	1.34590584E+03	7.00327216E+02	6.78082344E+02	5.23330306E+02	4.76358253E+02	4.15544974E+02	5.03538915E+02
1.73283170E+05	3.52618525E+04	3.42669135E+04	2.55198405E+04	9.84510248E+03	9.37314997E+03	7.25555843E+03	6.51240442E+03	6.13888158E+03	3.18409383E+03	2.95688290E+03	2.35056663E+03	1.99238262E+03	1.88820598E+03	1.18821300E+03	1.08410315E+03	9.02408601E+02	1.41381989E+03	1.38370585E+03	7.42485814E+02	7.09790406E+02	5.51816593E+02	5.03985774E+02	4.41008027E+02	5.34634050E+02
1.73323615E+05	3.53034244E+04	3.43082421E+04	2.55617506E+04	9.88748840E+03	9.41562108E+03	7.29927873E+03	6.55541331E+03	6.18335647E+03	3.22470914E+03	2.99757829E+03	2.39274907E+03	2.03338089E+03	1.93185345E+03	1.22585570E+03	1.12151042E+03	9.41784115E+02	1.45639835E+03	1.42750676E+03	7.79055880E+02	7.50677755E+02	5.80896539E+02	5.32308131E+02	4.69082561E+02
1.73354744E+05	3.53339358E+04	3.43389936E+04	2.55918378E+04	9.91712568E+03	9.44545246E+03	7.32851618E+03	6.58495469E+03	6.21302290E+03	3.25336562E+03	3.02650114E+03	2.42090092E+03	2.06158831E+03	1.96026926E+03	1.25259148E+03	1.14871812E+03	9.67402601E+02	1.48461424E+03	1.45587239E+03	8.04680489E+02	7.76753298E+02	6.00998899E+02	5.54542083E+02	4.91096680E+02
1.73386462E+05	3.53649976E+04	3.43703171E+04	2.56228600E+04	9.94732337E+03	9.47583059E+03	7.35862185E+03	6.61550542E+03	6.24327903E+03	3.28261539E+03	3.05597364E+03	2.44991014E+03	2.09123291E+03	1.98956974E+03	1.28002672E+03	1.17652498E+03	9.94314439E+02	1.51438292E+03	1.48555379E+03	8.32170152E+02	8.03537171E+02	6.22731328E+02	5.78308128E+02	5.15729546E+02
1.73418850E+05	3.53966107E+04	3.44021871E+04	2.56543677E+04	9.97807776E+03	9.50670907E+03	7.38918374E+03	6.64578192E+03	6.27387703E+03	3.31245957E+03	3.08592728E+03	2.47938453E+03	2.12000779E+03	2.01890711E+03	1.30818130E+03	1.20480854E+03	1.02171663E+03	1.54346404E+03	1.51493419E+03	8.58219351E+02	8.30375805E+02	6.46249739E+02	6.02530883E+02	5.38273671E+02
1.73451854E+05	3.54287846E+04	3.44346209E+04	2.56865787E+04	1.00094055E+04	9.53812890E+03	7.42053743E+03	6.67774645E+03	6.30534078E+03	3.34294060E+03	3.11643552E+03	2.50985041E+03	2.15151352E+03	2.04945906E+03	1.33712297E+03	1.23369005E+03	1.05043624E+03	1.57471641E+03	1.54559063E+03	8.88464391E+02	8.58939730E+02	6.71855375E+02	6.27705155E+02
1.73489327E+05	3.54643648E+04	3.44697556E+04	2.57220795E+04	1.00437768E+04	9.57193271E+03	7.45480790E+03	6.71206647E+03	6.33976087E+03	3.37605806E+03	3.14879050E+03	2.54274432E+03	2.18429026E+03	2.08242922E+03	1.36781133E+03	1.26287285E+03	1.08053345E+03	1.60774803E+03	1.57872535E+03	9.17562605E+02	8.88697605E+02	6.93499235E+02	6.54784929E+02
1.73527696E+05	3.55007043E+04	3.45064718E+04	2.57582816E+04	1.00789246E+04	9.60722366E+03	7.48979786E+03	6.74721479E+03	6.37483305E+03	3.41009838E+03	3.18288953E+03	2.57646895E+03	2.21807235E+03	2.11613441E+03	1.39984052E+03	1.29481929E+03	1.11183458E+03	1.64157101E+03	1.61251212E+03	9.48597216E+02	9.19573386E+02	7.21290107E+02
1.73565533E+05	3.55370669E+04	3.45435941E+04	2.57950426E+04	1.01141763E+04	9.64309056E+03	7.52542329E+03	6.78313277E+03	6.41068254E+03	3.44390041E+03	3.21742568E+03	2.61059647E+03	2.25248353E+03	2.15043324E+03	1.43041183E+03	1.32661386E+03	1.14249991E+03	1.67614529E+03	1.64704199E+03	9.79384597E+02	9.50025710E+02	7.49716562E+02
1.73603039E+05	3.55743546E+04	3.45814184E+04	2.58325412E+04	1.01506719E+04	9.67976230E+03	7.56185205E+03	6.81971973E+03	6.44720080E+03	3.47934263E+03	3.25293337E+03	2.64572237E+03	2.28768379E+03	2.18553466E+03	1.46369460E+03	1.35982799E+03	1.17494950E+03	1.71138668E+03	1.68224059E+03	1.01158415E+03	9.82018338E+02
1.73654291E+05	3.56252308E+04	3.46330291E+04	2.58824575E+04	1.01999600E+04	9.72943645E+03	7.61035819E+03	6.86841919E+03	6.49415533E+03	3.52555715E+03	3.29961311E+03	2.69085102E+03	2.33222830E+03	2.22709884E+03	1.50264592E+03	1.40017976E+03	1.20544081E+03	1.75600366E+03	1.72657139E+03	1.04785735E+03	1.01882902E+03
1.73708131E+05	3.56773810E+04	3.46855128E+04	2.59338242E+04	1.02500711E+04	9.77985122E+03	7.66018275E+03	6.91930872E+03	6.54432295E+03	3.57250495E+03	3.34703663E+03	2.73731725E+03	2.37962817E+03	2.27380014E+03	1.54247338E+03	1.44176755E+03	1.24057842E+03	1.80276231E+03	1.77354875E+03	1.08702459E+03	1.05791564E+03
1.73761009E+05	3.57301121E+04	3.47386774E+04	2.59863774E+04	1.03008350E+04	9.83092808E+03	7.71047439E+03	6.97095490E+03	6.59504799E+03	3.62018189E+03	3.39509039E+03	2.78406605E+03	2.42825491E+03	2.32100717E+03	1.58337159E+03	1.48417016E+03	1.27867444E+03	1.85116505E+03	1.82105729E+03	1.12778354E+03	1.09955885E+03
1.73814727E+05	3.57838078E+04	3.47926184E+04	2.60399851E+04	1.03523453E+04	9.88269464E+03	7.76129174E+03	7.02200076E+03	6.64619758E+03	3.66862233E+03	3.44379219E+03	2.83125513E+03	2.47503546E+03	2.36781422E+03	1.62532737E+03	1.52737080E+03	1.31837160E+03	1.89852011E+03	1.86808135E+03	1.16622484E+03	1.13944107E+03
1.73869264E+05	3.58384965E+04	3.48473347E+04	2.60947152E+04	1.04046133E+04	9.93515311E+03	7.81316659E+03	7.07416362E+03	6.69828032E+03	3.71784736E+03	3.49313104E+03	2.87962398E+03	2.52367376E+03	2.41542973E+03	1.66847774E+03	1.57128315E+03	1.35949795E+03	1.94525545E+03	1.91671371E+03	1.20694582E+03	1.17822634E+03
1.73924599E+05	3.58942559E+04	3.49028294E+04	2.61508848E+04	1.04576612E+04	9.98829612E+03	7.86640484E+03	7.12868305E+03	6.75257892E+03	3.76798477E+03	3.54322063E+03	2.92971665E+03	2.57602373E+03	2.46669264E+03	1.71334049E+03	1.61651978E+03	1.40344550E+03	1.99869197E+03	1.96763105E+03	1.25231465E+03
1.73982309E+05	3.59517267E+04	3.49599016E+04	2.62079865E+04	1.05122219E+04	1.00427881E+04	7.91959718E+03	7.18122105E+03	6.80618469E+03	3.81853470E+03	3.59290847E+03	2.97815513E+03	2.62131250E+03	2.51488689E+03	1.75517777E+03	1.65178735E+03	1.44328319E+03	2.04658675E+03	2.01628165E+03	1.29276884E+03
1.74040987E+05	3.60101747E+04	3.50181768E+04	2.62667305E+04	1.05675906E+04	1.00981986E+04	7.97521217E+03	7.23643191E+03	6.86239216E+03	3.87016684E+03	3.64381439E+03	3.02963672E+03	2.67157289E+03	2.56646224E+03	1.79940273E+03	1.69074211E+03	1.48525223E+03	2.09924392E+03	2.06832272E+03	1.33703384E+03
1.74100655E+05	3.60694188E+04	3.50776675E+04	2.63253890E+04	1.06236648E+04	1.01545422E+04	8.02917434E+03	7.29235601E+03	6.91737345E+03	3.92252210E+03	3.69596046E+03	3.07856350E+03	2.72254263E+03	2.61612862E+03	1.84470921E+03	1.73351959E+03	1.52507425E+03	2.15022471E+03	2.11874029E+03	1.37800045E+03
1.74161304E+05	3.61294472E+04	3.51383914E+04	2.63861926E+04	1.06804572E+04	1.02118198E+04	8.08756133E+03	7.35017292E+03	6.97586017E+03	3.97573768E+03	3.74936622E+03	3.13439761E+03	2.77585765E+03	2.67145939E+03	1.89173990E+03	1.78029794E+03	1.57451382E+03	2.20408220E+03	2.17395251E+03
1.74252614E+05	3.62232915E+04	3.52319341E+04	2.64795755E+04	1.07738907E+04	1.03069132E+04	8.17781456E+03	7.44138414E+03	7.06038603E+03	4.05530860E+03	3.83113975E+03	3.20787638E+03	2.85052477E+03	2.73461615E+03	1.94955948E+03	1.83802423E+03	1.62619077E+03	2.28043202E+03	2.25105299E+03
1.74345417E+05	3.63186959E+04	3.53269629E+04	2.65753239E+04	1.08689213E+04	1.04037252E+04	8.26953057E+03	7.53871409E+03	7.15183863E+03	4.13609641E+03	3.91454406E+03	3.28254824E+03	2.93145015E+03	2.80677036E+03	2.00806070E+03	1.89651544E+03	1.67987572E+03	2.35984877E+03	2.33080657E+03
1.74439682E+05	3.64156442E+04	3.54234514E+04	2.66724876E+04	1.09656537E+04	1.05020559E+04	8.36304999E+03	7.63871093E+03	7.24636936E+03	4.21826581E+03	3.99915727E+03	3.35864665E+03	3.01604488E+03	2.88240882E+03	2.06728061E+03	1.95568912E+03	1.73467123E+03	2.44544079E+03	2.41605120E+03
1.74535401E+05	3.65141215E+04	3.55213751E+04	2.67706795E+04	1.10642517E+04	1.06018997E+04	8.45870243E+03	7.74023117E+03	7.34282633E+03	4.30207340E+03	4.08501554E+03	3.43643115E+03	3.09879750E+03	2.95978038E+03	2.12727688E+03	2.01555839E+03	1.78927305E+03	2.53416632E+03	2.50554529E+03
1.74632597E+05	3.66141748E+04	3.56207794E+04	2.68705723E+04	1.11646383E+04	1.07032888E+04	8.55663169E+03	7.83916893E+03	7.44144115E+03	4.38730287E+03	4.17209350E+03	3.51593866E+03	3.18106252E+03	3.03890423E+03	2.18800706E+03	2.07612288E+03	1.84422932E+03	2.61849308E+03	2.59200940E+03
1.74731295E+05	3.67158080E+04	3.57216660E+04	2.69723707E+04	1.12667823E+04	1.08061721E+04	8.65732989E+03	7.94082474E+03	7.54304888E+03	4.47389073E+03	4.26025469E+03	3.59759742E+03	3.26684494E+03	3.12055973E+03	2.24945269E+03	2.13735609E+03	1.90026874E+03	2.70097191E+03	2.67653342E+03
1.74831374E+05	3.68189607E+04	3.58239695E+04	2.70761751E+04	1.13710093E+04	1.09105881E+04	8.76152403E+03	8.04580242E+03	7.64845138E+03	4.56236589E+03	4.34960110E+03	3.68214344E+03	3.35564188E+03	3.20558886E+03	2.31173043E+03	2.19925344E+03	1.95771999E+03	2.78977137E+03
1.74932833E+05	3.69235846E+04	3.59275899E+04	2.71819657E+04	1.14781803E+04	1.10170307E+04	8.87049349E+03	8.15803597E+03	7.75883847E+03	4.65415423E+03	4.44127046E+03	3.77098628E+03	3.45363485E+03	3.29555599E+03	2.37513250E+03	2.26198332E+03	2.01688304E+03	2.89150134E+03
1.75037284E+05	3.70311753E+04	3.60346140E+04	2.72887792E+04	1.15842725E+04	1.11212396E+04	8.97199067E+03	8.25313706E+03	7.86201268E+03	4.74151660E+03	4.52507908E+03	3.85128412E+03	3.51383680E+03	3.37619263E+03	2.43772597E+03	2.32405684E+03	2.07286773E+03	2.97754896E+03
1.75143281E+05	3.71403536E+04	3.61431681E+04	2.73988430E+04	1.16929002E+04	1.12278306E+04	9.08009513E+03	8.35588020E+03	7.97065509E+03	4.83152519E+03	4.61156143E+03	3.93702310E+03	3.58955259E+03	3.46149374E+03	2.50139013E+03	2.38704696E+03	2.13238568E+03	3.06950360E+03
1.75250802E+05	3.72510788E+04	3.62532125E+04	2.75094308E+04	1.18036316E+04	1.13368539E+04	9.19095535E+03	8.46336580E+03	8.08432631E+03	4.92356648E+03	4.70077862E+03	4.02471319E+03	3.67194151E+03	3.55086075E+03	2.56592887E+03	2.45096958E+03	2.19250283E+03	3.16756769E+03
1.75359918E+05	3.73634542E+04	3.63648276E+04	2.76215926E+04	1.19159953E+04	1.14483712E+04	9.29747900E+03	8.57396495E+03	8.19398460E+03	5.01688910E+03	4.79265843E+03	4.10861206E+03	3.75936145E+03	3.63604439E+03	2.63116026E+03	2.51582949E+03	2.25074367E+03	3.26039635E+03
1.75470632E+05	3.74774873E+04	3.64780090E+04	2.77360056E+04	1.20298263E+04	1.15624492E+04	9.40864931E+03	8.68780208E+03	8.30139887E+03	5.11128934E+03	4.88723634E+03	4.19633963E+03	3.84962342E+03	3.71879952E+03	2.69702025E+03	2.58161599E+03	2.31059731E+03	3.35017836E+03
1.75582925E+05	3.75931640E+04	3.65927474E+04	2.78531599E+04	1.21456202E+04	1.16791289E+04	9.53096068E+03	8.80719262E+03	8.42877233E+03	5.20755067E+03	4.98452020E+03	4.29419292E+03	3.94534288E+03	3.82318935E+03	2.76368174E+03	2.64831685E+03	2.37537203E+03
1.75658768E+05	3.76653272E+04	3.66664482E+04	2.79230970E+04	1.22122220E+04	1.17469346E+04	9.59542632E+03	8.87363428E+03	8.49554814E+03	5.26723105E+03	5.04569663E+03	4.35061107E+03	4.00374318E+03	3.88247675E+03	2.80665468E+03	2.69732168E+03	2.42373210E+03
1.75735930E+05	3.77384101E+04	3.67408756E+04	2.79958554E+04	1.22798241E+04	1.18155235E+04	9.66237687E+03	8.94281208E+03	8.56323716E+03	5.32816424E+03	5.10783354E+03	4.41045063E+03	4.06575420E+03	3.94268750E+03	2.85335199E+03	2.74884574E+03	2.47698403E+03
1.75814479E+05	3.78124070E+04	3.68160645E+04	2.80692957E+04	1.23484404E+04	1.18847885E+04	9.72984574E+03	9.00981032E+03	8.63114589E+03	5.39037599E+03	5.17067159E+03	4.47081893E+03	4.12450298E+03	4.00297080E+03	2.90398210E+03	2.80152306E+03	2.52597015E+03
1.75894383E+05	3.78873414E+04	3.68919719E+04	2.81446425E+04	1.24181062E+04	1.19548387E+04	9.79940589E+03	9.08188331E+03	8.70147141E+03	5.45393293E+03	5.23446480E+03	4.53390173E+03	4.19149237E+03	4.06657705E+03	2.95881473E+03	2.85633684E+03
1.75985969E+05	3.79702715E+04	3.69724608E+04	2.82268270E+04	1.24938602E+04	1.20279784E+04	9.87426347E+03	9.15718565E+03	8.77728409E+03	5.52111040E+03	5.29770399E+03	4.59974407E+03	4.25697858E+03	4.13306878E+03	3.00464337E+03	2.91486862E+03
1.76081232E+05	3.80542099E+04	3.70588160E+04	2.83099063E+04	1.25708535E+04	1.21061071E+04	9.95029823E+03	9.23460034E+03	8.85396713E+03	5.59066004E+03	5.36776193E+03	4.66765821E+03	4.32566904E+03	4.20115259E+03	3.06336077E+03
1.76167148E+05	3.81337201E+04	3.71422741E+04	2.83910391E+04	1.26441829E+04	1.21823300E+04	1.00248874E+04	9.31087422E+03	8.92968022E+03	5.65459337E+03	5.43542382E+03	4.73297125E+03	4.39274788E+03	4.26756105E+03	3.12241146E+03
1.76259347E+05	3.82173923E+04	3.72263923E+04	2.84739251E+04	1.27216539E+04	1.22602112E+04	1.01013765E+04	9.38831786E+03	9.00685501E+03	5.72471582E+03	5.50581326E+03	4.80140317E+03	4.46183159E+03	4.33620446E+03
1.76384701E+05	3.83397816E+04	3.73522872E+04	2.85919250E+04	1.28334371E+04	1.23741757E+04	1.02094062E+04	9.49839413E+03	9.10730602E+03	5.81116656E+03	5.59741182E+03	4.87174940E+03	4.54693534E+03	4.42227486E+03
1.76511549E+05	3.84640790E+04	3.74794860E+04	2.87142541E+04	1.29464341E+04	1.24892346E+04	1.03203272E+04	9.61487280E+03	9.22061092E+03	5.89973063E+03	5.69135403E+03	4.95193056E+03	4.63839951E+03	4.51305368E+03
1.76639857E+05	3.85904114E+04	3.76079177E+04	2.88396372E+04	1.30607022E+04	1.26052977E+04	1.04317885E+04	9.73385139E+03	9.33484522E+03	5.99075371E+03	5.78678141E+03	5.03778698E+03	4.73345091E+03	4.60960013E+03
1.76769660E+05	3.87188130E+04	3.77375942E+04	2.89673964E+04	1.31762503E+04	1.27223691E+04	1.05436405E+04	9.84843591E+03	9.44895394E+03	6.08424265E+03	5.88368331E+03	5.12661961E+03	4.82225598E+03	4.70155891E+03
1.76900978E+05	3.88493437E+04	3.78685390E+04	2.90978283E+04	1.32930917E+04	1.28404520E+04	1.06579454E+04	9.96630684E+03	9.56445946E+03	6.18032063E+03	5.98199574E+03	5.21823827E+03	4.91582162E+03	4.79060835E+03
1.77033764E+05	3.89821717E+04	3.80008065E+04	2.92323573E+04	1.34113177E+04	1.29596159E+04	1.07761824E+04	1.00921013E+04	9.68844623E+03	6.27947958E+03	6.08267612E+03	5.31534569E+03	5.01993702E+03
1.77172474E+05	3.91185431E+04	3.81356873E+04	2.93667508E+04	1.35318284E+04	1.30799706E+04	1.08904312E+04	1.01993666E+04	9.80516477E+03	6.37127334E+03	6.16183035E+03	5.40359584E+03	5.11315812E+03
1.77313249E+05	3.92566974E+04	3.82735817E+04	2.95061776E+04	1.36537874E+04	1.32024457E+04	1.10117207E+04	1.03211580E+04	9.92961499E+03	6.46795479E+03	6.24924321E+03	5.49639600E+03	5.21504390E+03
1.77456133E+05	3.93962346E+04	3.84145536E+04	2.96432517E+04	1.37768671E+04	1.33270789E+04	1.11267704E+04	1.04440502E+04	1.00497122E+04	6.56703393E+03	6.34505322E+03	5.58436598E+03	5.30933919E+03
1.77601136E+05	3.95371882E+04	3.85586530E+04	2.97871660E+04	1.39012079E+04	1.34538748E+04	1.12562348E+04	1.05729076E+04	1.01807616E+04	6.67005963E+03	6.44942325E+03	5.69186697E+03
1.77746075E+05	3.96706097E+04	3.86967772E+04	2.99140252E+04	1.40162918E+04	1.35731233E+04	1.13634424E+04	1.06886204E+04	1.02973644E+04	6.74950642E+03	6.54192871E+03	5.78211294E+03
1.77893900E+05	3.98058330E+04	3.88360992E+04	3.00482630E+04	1.41337065E+04	1.36939670E+04	1.14791659E+04	1.08104951E+04	1.04148183E+04	6.83614445E+03	6.63868163E+03	5.88103256E+03
1.78044723E+05	3.99428454E+04	3.89767109E+04	3.01836059E+04	1.42534870E+04	1.38160159E+04	1.15955960E+04	1.09267784E+04	1.05329643E+04	6.93026984E+03	6.73765469E+03	5.97227359E+03
1.78198442E+05	4.00816999E+04	3.91185259E+04	3.03234965E+04	1.43757173E+04	1.39396549E+04	1.17172209E+04	1.10558796E+04	1.06571569E+04	7.03220576E+03	6.84058731E+03
1.78380445E+05	4.02378308E+04	3.92677158E+04	3.04773765E+04	1.45082205E+04	1.40628058E+04	1.18468480E+04	1.11872691E+04	1.07904012E+04	7.11890865E+03	6.95214891E+03
1.78571627E+05	4.03958672E+04	3.94329986E+04	3.06328921E+04	1.46440701E+04	1.42022346E+04	1.19796543E+04	1.13248144E+04	1.09256080E+04	7.22883288E+03
1.78733990E+05	4.05388537E+04	3.95876064E+04	3.07804857E+04	1.47651277E+04	1.43334189E+04	1.21052661E+04	1.14565577E+04	1.10555209E+04	7.33817061E+03
1.78912815E+05	4.06928963E+04	3.97432121E+04	3.09322267E+04	1.48994779E+04	1.44692433E+04	1.22365558E+04	1.15912326E+04	1.11892723E+04
1.79177135E+05	4.09452392E+04	4.00076215E+04	3.11678566E+04	1.50912456E+04	1.46772898E+04	1.23997127E+04	1.17904846E+04	1.13885156E+04
1.79444727E+05	4.12023396E+04	4.02747448E+04	3.14171109E+04	1.52877024E+04	1.48895949E+04	1.25799204E+04	1.20065909E+04	1.16002097E+04
1.79715590E+05	4.14645759E+04	4.05443744E+04	3.16752417E+04	1.54893813E+04	1.51047567E+04	1.27699606E+04	1.22303772E+04	1.18268245E+04
1.79989778E+05	4.17320670E+04	4.08165395E+04	3.19398252E+04	1.56963017E+04	1.53227581E+04	1.29657006E+04	1.24395407E+04	1.20414561E+04
1.80267354E+05	4.20049625E+04	4.10912822E+04	3.22118817E+04	1.59085914E+04	1.55435524E+04	1.31675408E+04	1.26580491E+04	1.22477807E+04
1.80548247E+05	4.22837356E+04	4.13688019E+04	3.24963866E+04	1.61269148E+04	1.57685559E+04	1.33809219E+04	1.29002550E+04
1.80845019E+05	4.25709897E+04	4.16513300E+04	3.27754818E+04	1.63332881E+04	1.59550909E+04	1.35772033E+04	1.31215060E+04
1.81147041E+05	4.28621697E+04	4.19421886E+04	3.30709977E+04	1.65484253E+04	1.61589177E+04	1.37854482E+04	1.33656110E+04
1.81454396E+05	4.31562409E+04	4.22415844E+04	3.33557792E+04	1.67681448E+04	1.63801664E+04	1.39813305E+04	1.35900449E+04
1.81767168E+05	4.34533754E+04	4.25497164E+04	3.36634104E+04	1.69951615E+04	1.66190120E+04	1.42144303E+04
1.82071006E+05	4.37153617E+04	4.28292774E+04	3.39006104E+04	1.71625621E+04	1.68207350E+04	1.44064122E+04
1.82382132E+05	4.39821447E+04	4.31110699E+04	3.41646177E+04	1.73455675E+04	1.70300554E+04	1.46163725E+04
1.82701112E+05	4.42537498E+04	4.33954120E+04	3.44308086E+04	1.75446917E+04	1.72441763E+04	1.48104185E+04
1.83027650E+05	4.45302955E+04	4.36820440E+04	3.47105136E+04	1.77603684E+04	1.74661910E+04
1.83435275E+05	4.48481416E+04	4.39721047E+04	3.50209319E+04	1.79525745E+04	1.77168961E+04
1.83872449E+05	4.51705389E+04	4.43211503E+04	3.53348356E+04	1.81885407E+04
1.84208670E+05	4.54360760E+04	4.46293478E+04	3.56184418E+04	1.84189742E+04
1.84596662E+05	4.57407573E+04	4.49403309E+04	3.59154530E+04
1.85298866E+05	4.61848670E+04	4.55225254E+04	3.64302346E+04
1.86024026E+05	4.66699445E+04	4.61140105E+04	3.70031236E+04
1.86774218E+05	4.71973234E+04	4.67142734E+04	3.75248117E+04
1.87548415E+05	4.77677070E+04	4.73239762E+04
1.88623452E+05	4.83460284E+04	4.81295334E+04
1.89830261E+05	4.89884292E+04
1.90584890E+05	4.96025104E+04
1.91556363E+05
1.94682070E+05
