1.26606476E+04	1.66633505E+03	1.48254712E+03	1.44125133E+03	2.40519183E+02	1.77171322E+02	1.70330735E+02	6.16004912E+01	6.06014073E+01	1.95732497E+01	8.58432909E+00	8.58432909E+00
1.26725987E+04	1.67811267E+03	1.49422602E+03	1.45311315E+03	2.52001757E+02	1.88849194E+02	1.82283036E+02	7.31763491E+01	7.22903181E+01	2.75311529E+01	2.26033525E+01	2.08884814E+01
1.26862529E+04	1.69150084E+03	1.50773546E+03	1.46657690E+03	2.65251182E+02	2.01884073E+02	1.95333422E+02	8.57768698E+01	8.51289160E+01	3.93956857E+01	3.11165043E+01
1.27013862E+04	1.70623224E+03	1.52227068E+03	1.48121889E+03	2.79718189E+02	2.16004121E+02	2.09256212E+02	1.00486031E+02	9.93098290E+01	5.20704595E+01	4.23280111E+01
1.27180952E+04	1.72244410E+03	1.53856568E+03	1.49759143E+03	2.95599302E+02	2.31805934E+02	2.25744703E+02	1.16469535E+02	1.15577312E+02	6.58236568E+01
1.27368299E+04	1.74044000E+03	1.55694655E+03	1.51595898E+03	3.12511212E+02	2.49375346E+02	2.43289396E+02	1.34074230E+02	1.33170636E+02	8.11078716E+01
1.27571524E+04	1.76004002E+03	1.57662265E+03	1.53563099E+03	3.31585611E+02	2.68435230E+02	2.62327543E+02	1.53026359E+02	1.52116978E+02
1.27951955E+04	1.79780432E+03	1.61385377E+03	1.57161272E+03	3.62682128E+02	2.94165178E+02	2.88022904E+02	1.83760331E+02	1.82964905E+02
1.28359051E+04	1.83804892E+03	1.65511452E+03	1.61085871E+03	3.95277207E+02	3.31151525E+02	3.17865428E+02	2.18722005E+02	2.18041415E+02
1.28792515E+04	1.88071098E+03	1.69954030E+03	1.65342800E+03	4.29319589E+02	3.55454728E+02	3.51263630E+02	2.55061306E+02	2.61012375E+02
1.29252336E+04	1.92571102E+03	1.74578017E+03	1.69936236E+03	4.64719828E+02	3.93329141E+02	3.87564260E+02	2.91127163E+02	3.01070971E+02
1.29738313E+04	1.97300769E+03	1.79517555E+03	1.74871918E+03	5.01457377E+02	4.30628881E+02	4.26176411E+02	3.43716326E+02	3.42511394E+02
1.30246531E+04	2.02511560E+03	1.84646754E+03	1.79990986E+03	5.43559143E+02	4.75502548E+02	4.65444720E+02	3.83451943E+02	3.82874031E+02
1.30780842E+04	2.07960215E+03	1.89990392E+03	1.85489590E+03	5.86865149E+02	5.18150529E+02	5.09451833E+02	4.26417541E+02
1.31339704E+04	2.13658537E+03	1.95598613E+03	1.91058734E+03	6.31585829E+02	5.63497532E+02	5.51903033E+02	4.72314746E+02
1.31924250E+04	2.19591075E+03	2.01349011E+03	1.96828513E+03	6.77543496E+02	6.10768455E+02	5.96911104E+02	5.16747654E+02
1.32534204E+04	2.25759356E+03	2.07542504E+03	2.03402609E+03	7.24810417E+02	6.57244612E+02	6.49049693E+02
1.33173016E+04	2.31444794E+03	2.13450587E+03	2.08744920E+03	7.60781120E+02	6.99357490E+02	6.92183760E+02
1.33834116E+04	2.37286134E+03	2.19585936E+03	2.14640110E+03	7.98191231E+02	7.47201579E+02	7.38572918E+02
1.34517573E+04	2.43269734E+03	2.25626455E+03	2.20858594E+03	8.35943709E+02	7.95119309E+02	7.89192396E+02
1.35243302E+04	2.49592373E+03	2.32133574E+03	2.27304956E+03	8.86074573E+02	8.43152596E+02
1.35981435E+04	2.55920088E+03	2.38070692E+03	2.33714450E+03	9.33726674E+02	8.92095297E+02
1.36745048E+04	2.62502233E+03	2.44844575E+03	2.40603980E+03	9.84666762E+02
1.37444268E+04	2.68384527E+03	2.51204055E+03	2.46939689E+03	1.03562139E+03
1.38201750E+04	2.74950264E+03	2.57906540E+03	2.53629374E+03
1.39972724E+04	2.85555224E+03	2.70979650E+03	2.66974264E+03
1.41810490E+04	2.96724119E+03	2.85262030E+03	2.81629837E+03
1.43715438E+04	3.08271297E+03	2.99926649E+03	2.96332517E+03
1.45770707E+04	3.22414691E+03	3.15046597E+03
1.47840872E+04	3.35514707E+03	3.30492112E+03
1.49990077E+04	3.49942255E+03
1.51694826E+04	3.63606548E+03
1.53650729E+04
1.59682725E+04
