1.61082299E+04	2.22915350E+03	2.01461533E+03	1.94738140E+03	3.68671378E+02	2.90325439E+02	2.79573553E+02	1.42094704E+02	1.40307887E+02	5.04791249E+01	2.83456452E+01	2.71141114E+01	0	0	4.80688385E+00
1.61152637E+04	2.23614137E+03	2.02165078E+03	1.95441289E+03	3.75532314E+02	2.97274937E+02	2.86520058E+02	1.49064211E+02	1.47275037E+02	5.69375816E+01	3.49509937E+01	3.36967624E+01	0	0	1.05866942E+01
1.61235912E+04	2.24440220E+03	2.02991275E+03	1.96267517E+03	3.83745226E+02	3.05488427E+02	2.94730063E+02	1.57267242E+02	1.55477293E+02	6.49180764E+01	4.28484058E+01	4.15758742E+01
1.61411755E+04	2.26167467E+03	2.04731917E+03	1.97954401E+03	4.00396834E+02	3.22367199E+02	3.10457865E+02	1.73450788E+02	1.71791542E+02	7.65744503E+01	5.59072511E+01	5.48523979E+01
1.61601541E+04	2.28021832E+03	2.06604993E+03	1.99806472E+03	4.18191012E+02	3.40422210E+02	3.27831330E+02	1.91638472E+02	1.89646147E+02	8.88766200E+01	6.91955751E+01	6.91955751E+01
1.61805687E+04	2.30002196E+03	2.08569331E+03	2.01806373E+03	4.37067859E+02	3.59232918E+02	3.47432776E+02	2.10696964E+02	2.08902474E+02	1.01617756E+02	9.14502088E+01	8.84064753E+01
1.62023792E+04	2.32109013E+03	2.10717062E+03	2.03928166E+03	4.57496261E+02	3.79592901E+02	3.67577155E+02	2.30638858E+02	2.28869397E+02	1.19357683E+02	1.04162333E+02
1.62254423E+04	2.34318171E+03	2.12873907E+03	2.06135968E+03	4.78637325E+02	3.99818854E+02	3.88128429E+02	2.51885380E+02	2.49796905E+02	1.37229628E+02	1.20788105E+02
1.62498912E+04	2.36660871E+03	2.15235687E+03	2.08504894E+03	5.01056283E+02	4.22156657E+02	4.11278620E+02	2.74522958E+02	2.72699572E+02	1.56216814E+02
1.62755629E+04	2.39100250E+03	2.17739009E+03	2.11004925E+03	5.23465950E+02	4.45546297E+02	4.34619032E+02	2.98148819E+02	2.96305781E+02	1.76422523E+02
1.63029916E+04	2.41719101E+03	2.20371434E+03	2.13636290E+03	5.48424409E+02	4.70506153E+02	4.59533154E+02	3.23077422E+02	3.21223678E+02
1.63538610E+04	2.46711143E+03	2.25376395E+03	2.18395912E+03	5.88068920E+02	5.07601494E+02	4.92931033E+02	3.63228779E+02	3.61590712E+02
1.64072839E+04	2.51932153E+03	2.30784205E+03	2.23499882E+03	6.29070152E+02	5.47327030E+02	5.30867042E+02	4.08128629E+02	4.06698620E+02
1.64632508E+04	2.57381293E+03	2.36446441E+03	2.28953668E+03	6.71431476E+02	5.86739401E+02	5.72634939E+02	4.53823068E+02	4.61070257E+02
1.65218364E+04	2.63049145E+03	2.42236620E+03	2.34757288E+03	7.15014292E+02	6.30532756E+02	6.17429300E+02	4.99257731E+02	5.10060004E+02
1.65830415E+04	2.68936703E+03	2.48320117E+03	2.40920071E+03	7.59849440E+02	6.78543474E+02	6.64652422E+02	5.64201859E+02	5.62812595E+02
1.66461828E+04	2.75372845E+03	2.54727572E+03	2.47312648E+03	8.10770517E+02	7.27106465E+02	7.13328283E+02	6.11346715E+02
1.67120653E+04	2.82016681E+03	2.61290712E+03	2.54000899E+03	8.62497313E+02	7.81035612E+02	7.65739771E+02	6.64989756E+02
1.67803594E+04	2.88916855E+03	2.68015239E+03	2.60743869E+03	9.15729358E+02	8.33246841E+02	8.16500884E+02	7.20761391E+02
1.68512635E+04	2.96039378E+03	2.74939783E+03	2.67672375E+03	9.70084944E+02	8.88224917E+02	8.69593323E+02	7.74338287E+02
1.69247221E+04	3.03397003E+03	2.82349994E+03	2.75530269E+03	1.02578537E+03	9.45515551E+02	9.31198535E+02
1.70003127E+04	3.10076911E+03	2.89296297E+03	2.81823416E+03	1.06792450E+03	9.94982168E+02	9.81985333E+02
1.70783307E+04	3.16922710E+03	2.96487240E+03	2.88759428E+03	1.11210037E+03	1.04961626E+03	1.03731999E+03
1.71588359E+04	3.23926797E+03	3.03680793E+03	2.95988226E+03	1.15712888E+03	1.10522062E+03	1.09388241E+03
1.72436982E+04	3.31269033E+03	3.11571006E+03	3.03516899E+03	1.21511765E+03	1.16209310E+03
1.73299990E+04	3.38601285E+03	3.18040226E+03	3.10997227E+03	1.26894944E+03	1.21960053E+03
1.74188766E+04	3.46223919E+03	3.25909305E+03	3.18932653E+03	1.32779680E+03
1.74996409E+04	3.52988075E+03	3.33239813E+03	3.26227437E+03	1.38639249E+03
1.75871059E+04	3.60528132E+03	3.40943940E+03	3.33912566E+03
1.77894752E+04	3.72643508E+03	3.55916608E+03	3.49179710E+03
1.79994661E+04	3.85492044E+03	3.72029924E+03	3.66016099E+03
1.82177089E+04	3.99024718E+03	3.88659057E+03	3.82387396E+03
1.84501645E+04	4.14914513E+03	4.05934949E+03
1.86856274E+04	4.29423738E+03	4.23624631E+03
1.89289059E+04	4.45749739E+03
1.91215397E+04	4.61190002E+03
1.93428290E+04
2.00254513E+04
