2.10498541E+04	3.05827248E+03	2.80397160E+03	2.68711994E+03	5.58539773E+02	4.60669726E+02	4.40214541E+02	2.66908191E+02	2.63157268E+02	8.18886312E+01	4.84858844E+01	4.66144362E+01	1.17550239E+01	1.14227854E+01	5.42573825E+00
2.10581681E+04	3.06646229E+03	2.81225313E+03	2.69536623E+03	5.66632345E+02	4.68906165E+02	4.48404953E+02	2.75104306E+02	2.71371847E+02	8.96336867E+01	5.64666508E+01	5.45651234E+01	2.00037683E+01	1.96889594E+01	1.47812764E+01
2.10677336E+04	3.07588486E+03	2.82166680E+03	2.70479365E+03	5.76043137E+02	4.78287961E+02	4.57813439E+02	2.84451758E+02	2.80770944E+02	9.89147778E+01	6.57247833E+01	6.38124824E+01	2.87811945E+01	2.84315425E+01
2.10836482E+04	3.09212545E+03	2.83794253E+03	2.72104530E+03	5.91978974E+02	4.94276128E+02	4.73512960E+02	3.00001961E+02	2.96445761E+02	1.14181275E+02	8.16823211E+01	7.76652973E+01	4.15512086E+01	4.13789986E+01
2.11014039E+04	3.11022752E+03	2.85593328E+03	2.73915123E+03	6.09618595E+02	5.11863356E+02	4.91247007E+02	3.17824643E+02	3.14119631E+02	1.30792731E+02	9.78972916E+01	9.39148806E+01	5.60429359E+01
2.11207894E+04	3.13003313E+03	2.87552427E+03	2.75869467E+03	6.28798228E+02	5.30931380E+02	5.10053012E+02	3.36768607E+02	3.33175383E+02	1.48592485E+02	1.15416201E+02	1.10542632E+02	7.19178401E+01
2.11417439E+04	3.15142509E+03	2.89669245E+03	2.77973234E+03	6.49384262E+02	5.51410296E+02	5.30044128E+02	3.56319391E+02	3.52826825E+02	1.67412711E+02	1.34344908E+02	1.28413451E+02	8.76701310E+01
2.11641911E+04	3.17432814E+03	2.91959927E+03	2.80315331E+03	6.71294229E+02	5.73331288E+02	5.53043160E+02	3.80084647E+02	3.76355811E+02	1.87197757E+02	1.53200239E+02	1.49658339E+02
2.11911983E+04	3.20046956E+03	2.94603291E+03	2.82865340E+03	6.95885606E+02	5.98282439E+02	5.76270737E+02	4.04254027E+02	4.00738718E+02	2.03929718E+02	1.72245584E+02	1.69148598E+02
2.12194726E+04	3.22769749E+03	2.97364321E+03	2.85593247E+03	7.21428572E+02	6.24376445E+02	6.01322876E+02	4.30518457E+02	4.26428590E+02	2.21424192E+02	1.94396129E+02	1.90280405E+02
2.12491043E+04	3.25603834E+03	3.00193967E+03	2.88455890E+03	7.47869111E+02	6.50715682E+02	6.28559383E+02	4.57047561E+02	4.53381265E+02	2.39162407E+02	2.16600631E+02	2.14001129E+02
2.12801647E+04	3.28563092E+03	3.03205280E+03	2.91441629E+03	7.76019887E+02	6.79804171E+02	6.56405456E+02	4.85980481E+02	4.81239100E+02	2.63338879E+02	2.38829217E+02
2.13125281E+04	3.31613947E+03	3.06174547E+03	2.94506972E+03	8.04466770E+02	7.05805014E+02	6.84467517E+02	5.13784224E+02	5.09790944E+02	2.86577030E+02	2.61722537E+02
2.13461608E+04	3.34797868E+03	3.09395504E+03	2.97728885E+03	8.34323324E+02	7.35637760E+02	7.15023219E+02	5.44058036E+02	5.40235714E+02	3.11553168E+02
2.13801720E+04	3.37995402E+03	3.12691118E+03	3.01017489E+03	8.63160446E+02	7.65864501E+02	7.45157878E+02	5.74784872E+02	5.70927320E+02	3.37535628E+02
2.14162745E+04	3.41405670E+03	3.16123701E+03	3.04447379E+03	8.95090882E+02	7.97848709E+02	7.77055481E+02	6.06867635E+02	6.02990808E+02
2.14827111E+04	3.47847963E+03	3.22759089E+03	3.10591014E+03	9.44943659E+02	8.46043971E+02	8.19733268E+02	6.58352941E+02	6.54874939E+02
2.15516587E+04	3.54511429E+03	3.29724434E+03	3.17119489E+03	9.96123076E+02	8.94015194E+02	8.67509726E+02	7.15312617E+02	7.12179181E+02
2.16231069E+04	3.61401120E+03	3.36840508E+03	3.24031305E+03	1.04869763E+03	9.52557723E+02	9.19533189E+02	7.74215090E+02	7.71927412E+02
2.16972188E+04	3.68496396E+03	3.44073690E+03	3.31311844E+03	1.10234565E+03	1.00169079E+03	9.74713698E+02	8.29163998E+02	8.40823083E+02
2.17740475E+04	3.75803958E+03	3.51520175E+03	3.38979829E+03	1.15714530E+03	1.07303154E+03	1.03249999E+03	9.06617491E+02	9.05111160E+02
2.18522898E+04	3.83777780E+03	3.59589164E+03	3.47039384E+03	1.21934449E+03	1.11595214E+03	1.09375353E+03	9.66838926E+02
2.19337505E+04	3.91869509E+03	3.67533226E+03	3.55079063E+03	1.28117748E+03	1.17567143E+03	1.15569428E+03	1.03227817E+03
2.20175430E+04	4.00254289E+03	3.75643380E+03	3.63311737E+03	1.34494703E+03	1.24229949E+03	1.21685373E+03	1.10059244E+03
2.21040186E+04	4.08848442E+03	3.84035610E+03	3.71668754E+03	1.40971791E+03	1.31251148E+03	1.27978418E+03	1.16563319E+03
2.21930811E+04	4.17686276E+03	3.92964587E+03	3.81121169E+03	1.47597833E+03	1.37939918E+03	1.35317173E+03
2.22833647E+04	4.25613163E+03	4.01216818E+03	3.88602789E+03	1.52586577E+03	1.43811892E+03	1.41351817E+03
2.23763592E+04	4.33720909E+03	4.09714293E+03	3.96843976E+03	1.57871535E+03	1.50161963E+03	1.47975888E+03
2.24722573E+04	4.42015931E+03	4.18349337E+03	4.05343813E+03	1.63392920E+03	1.56690742E+03	1.54438545E+03
2.25724175E+04	4.50624069E+03	4.27373076E+03	4.14219655E+03	1.70117373E+03	1.63458547E+03
2.26748649E+04	4.59237392E+03	4.35152908E+03	4.23050917E+03	1.76227795E+03	1.70292592E+03
2.27796245E+04	4.68178789E+03	4.44414181E+03	4.32317388E+03	1.83113202E+03
2.28741665E+04	4.76059929E+03	4.52979408E+03	4.40826592E+03	1.89940674E+03
2.29766068E+04	4.84837632E+03	4.61955400E+03	4.49773063E+03
2.32108008E+04	4.98865265E+03	4.79344932E+03	4.67449545E+03
2.34538063E+04	5.13846249E+03	4.97856678E+03	4.86968698E+03
2.37066674E+04	5.29871125E+03	5.16984830E+03	5.05572575E+03
2.39731968E+04	5.48008245E+03	5.36923460E+03
2.42463635E+04	5.64321776E+03	5.57478537E+03
2.45258267E+04	5.83071417E+03
2.47467969E+04	6.00783497E+03
2.50012692E+04
2.57872430E+04
