2	2	2	4	2	2	4	4	6	2	2	4	4	6	2	2	3
2	2	2	4	2	2	4	4	6	2	2	4	4	6	2	2	2
2	2	2	4	2	2	4	4	6	2	2	4	4	6	2	2	1
2	2	2	4	2	2	4	4	6	2	2	4	4	6	2	2
2	2	2	4	2	2	4	4	6	2	2	4	4	6	2	1
2	2	2	4	2	2	4	4	6	2	2	4	4	6	2
2	2	2	4	2	2	4	4	6	2	2	4	4	6	1
2	2	2	4	2	2	4	4	6	2	2	4	4	6
2	2	2	4	2	2	4	4	6	2	2	4	4	5
2	2	2	4	2	2	4	4	6	2	2	4	4	4
2	2	2	4	2	2	4	4	6	2	2	4	4	3
2	2	2	4	2	2	4	4	6	2	2	4	4	2
2	2	2	4	2	2	4	4	6	2	2	4	3	2
2	2	2	4	2	2	4	4	6	2	2	4	4
2	2	2	4	2	2	4	4	6	2	2	4	3
2	2	2	4	2	2	4	4	6	2	2	4	2
2	2	2	4	2	2	4	4	6	2	2	4	1
2	2	2	4	2	2	4	4	6	2	2	4
2	2	2	4	2	2	4	4	6	2	2	3
2	2	2	4	2	2	4	4	6	2	2	2
2	2	2	4	2	2	4	4	6	2	2	1
2	2	2	4	2	2	4	4	6	2	2
2	2	2	4	2	2	4	4	6	2	1
2	2	2	4	2	2	4	4	6	2
2	2	2	4	2	2	4	4	6	1
2	2	2	4	2	2	4	4	6
2	2	2	4	2	2	4	4	5
2	2	2	4	2	2	4	4	4
2	2	2	4	2	2	4	4	3
2	2	2	4	2	2	4	4	2
2	2	2	4	2	2	4	4	1
2	2	2	4	2	2	4	4
2	2	2	4	2	2	4	3
2	2	2	4	2	2	4	2
2	2	2	4	2	2	4	1
2	2	2	4	2	2	4
2	2	2	4	2	2	3
2	2	2	4	2	2	2
2	2	2	4	2	2	1
2	2	2	4	2	2
2	2	2	4	2	1
2	2	2	4	2
2	2	2	4	1
2	2	2	4
2	2	2	3
2	2	2	2
2	2	2	1
2	2	2
2	2	1
2	2
2	1
2
1
