4.68190722E+04	7.73902063E+03	7.30789104E+03	6.71197558E+03	1.72730739E+03	1.54458874E+03	1.41939958E+03	1.10461070E+03	1.07783627E+03	3.53355120E+02	2.85402600E+02	2.52730980E+02	1.31929266E+02	1.26834254E+02	4.82703247E+01	2.77927474E+01	2.30682581E+01	5.32773375E+00	4.95796505E+00	0	0	4.38715608E+00
4.68261241E+04	7.74601788E+03	7.31489925E+03	6.71899545E+03	1.73424988E+03	1.55156626E+03	1.42636106E+03	1.11161086E+03	1.08480809E+03	3.60178050E+02	2.92338956E+02	2.59609842E+02	1.38361553E+02	1.33712379E+02	5.47509781E+01	3.44739314E+01	2.95988241E+01	1.23132815E+01	1.18945788E+01	0	0	1.04480033E+01
4.68340815E+04	7.75395398E+03	7.32283422E+03	6.72691447E+03	1.74212259E+03	1.55944086E+03	1.43423453E+03	1.11946321E+03	1.09267624E+03	3.68044650E+02	3.00191718E+02	2.67469676E+02	1.46698183E+02	1.41575435E+02	6.25237652E+01	4.20729225E+01	3.72821387E+01	2.00654665E+01	1.96998667E+01
4.68540533E+04	7.77482154E+03	7.34352369E+03	6.74760139E+03	1.76428137E+03	1.58140746E+03	1.45625950E+03	1.14134553E+03	1.11431420E+03	3.89601836E+02	3.21076673E+02	2.88626327E+02	1.68115591E+02	1.61410841E+02	7.86365640E+01	5.83824699E+01	5.19216362E+01	3.83107690E+01	4.11944688E+01
4.68763993E+04	7.79825466E+03	7.36672227E+03	6.77097584E+03	1.78920040E+03	1.60598888E+03	1.48140969E+03	1.16621191E+03	1.13932972E+03	4.13506882E+02	3.44003667E+02	3.12562501E+02	1.89849845E+02	1.84853068E+02	9.58765264E+01	7.38295783E+01	6.78321956E+01	6.06967321E+01	6.02756068E+01
4.69009388E+04	7.82398288E+03	7.39220912E+03	6.79651784E+03	1.81660786E+03	1.63296428E+03	1.50815404E+03	1.19276279E+03	1.16632921E+03	4.39430285E+02	3.68854622E+02	3.37029757E+02	2.14742371E+02	2.09425705E+02	1.14105177E+02	9.03470363E+01	8.40029563E+01	8.42366621E+01
4.69275471E+04	7.85188793E+03	7.41986712E+03	6.82417215E+03	1.84632696E+03	1.66220219E+03	1.53682307E+03	1.22171729E+03	1.19452061E+03	4.67134793E+02	3.95084772E+02	3.62984909E+02	2.40545933E+02	2.33885731E+02	1.33234180E+02	1.08104392E+02	1.01047689E+02	1.08393223E+02
4.69561101E+04	7.88186427E+03	7.44958027E+03	6.85387534E+03	1.87817646E+03	1.69372356E+03	1.56837815E+03	1.25300448E+03	1.22484443E+03	4.96400485E+02	4.23194442E+02	3.91547193E+02	2.68720264E+02	2.60500356E+02	1.53183994E+02	1.26726195E+02	1.19429814E+02	1.33339424E+02
4.69864882E+04	7.91378115E+03	7.48120803E+03	6.88594108E+03	1.91206697E+03	1.72754234E+03	1.60437665E+03	1.28756332E+03	1.26167292E+03	5.27157345E+02	4.53490378E+02	4.24533824E+02	3.00224333E+02	2.94869776E+02	1.73948400E+02	1.46296757E+02	1.39819766E+02
4.70083847E+04	7.93527324E+03	7.50285933E+03	6.90712330E+03	1.93297333E+03	1.74857848E+03	1.62487213E+03	1.30834013E+03	1.28260857E+03	5.46936408E+02	4.73530060E+02	4.43428590E+02	3.19354677E+02	3.14277758E+02	1.87835584E+02	1.61986903E+02	1.55908720E+02
4.70311581E+04	7.95753593E+03	7.52529902E+03	6.92940964E+03	1.95461047E+03	1.77037910E+03	1.64636106E+03	1.33034397E+03	1.30427907E+03	5.67410480E+02	4.94327525E+02	4.63485774E+02	3.40143726E+02	3.34598662E+02	2.02602511E+02	1.79369979E+02	1.73850050E+02
4.70548343E+04	7.98058845E+03	7.54846429E+03	6.95251107E+03	1.97699940E+03	1.79283822E+03	1.66880901E+03	1.35247910E+03	1.32671455E+03	5.88590844E+02	5.15666294E+02	4.84883062E+02	3.60496734E+02	3.55480466E+02	2.17979314E+02	1.97294733E+02	1.91633145E+02
4.70793725E+04	8.00439614E+03	7.57238132E+03	6.97647745E+03	2.00021536E+03	1.81607346E+03	1.69207945E+03	1.37619632E+03	1.35005662E+03	6.10857729E+02	5.37943315E+02	5.06981690E+02	3.82730631E+02	3.77502259E+02	2.37512655E+02	2.15933641E+02
4.71052795E+04	8.02932245E+03	7.59689557E+03	7.00150219E+03	2.02427527E+03	1.83954421E+03	1.71615357E+03	1.40026834E+03	1.37429177E+03	6.33424260E+02	5.59124746E+02	5.29397298E+02	4.05507596E+02	3.99924248E+02	2.55460647E+02	2.35008789E+02
4.71321361E+04	8.05512872E+03	7.62293026E+03	7.02742201E+03	2.04929735E+03	1.86463191E+03	1.74123792E+03	1.42539804E+03	1.39943684E+03	6.57150886E+02	5.82743366E+02	5.53274993E+02	4.29083208E+02	4.23580560E+02	2.75829894E+02
4.71595452E+04	8.08157497E+03	7.64988272E+03	7.05429665E+03	2.07471233E+03	1.89060059E+03	1.76714530E+03	1.45158020E+03	1.42559210E+03	6.80277893E+02	6.06793743E+02	5.77167472E+02	4.53059656E+02	4.47497604E+02	2.97030544E+02
4.71883500E+04	8.10929898E+03	7.67769353E+03	7.08208364E+03	2.10161532E+03	1.91754839E+03	1.79403633E+03	1.47857847E+03	1.45258055E+03	7.05675785E+02	6.32132280E+02	6.02364269E+02	4.78117592E+02	4.72515308E+02
4.72336176E+04	8.15393555E+03	7.72320869E+03	7.12562375E+03	2.14391773E+03	1.96023409E+03	1.83548314E+03	1.52059525E+03	1.49098711E+03	7.39394734E+02	6.66649845E+02	6.29891087E+02	5.11016340E+02	5.05844600E+02
4.72801817E+04	8.19984547E+03	7.77012152E+03	7.17107954E+03	2.18723352E+03	2.00403060E+03	1.87923473E+03	1.56595816E+03	1.53503138E+03	7.73861842E+02	7.05759632E+02	6.61233114E+02	5.46904522E+02	5.42008569E+02
4.73280162E+04	8.24708966E+03	7.81823501E+03	7.21834200E+03	2.23158542E+03	2.04883509E+03	1.92289804E+03	1.61137932E+03	1.57948499E+03	8.09232673E+02	7.44721181E+02	6.95572508E+02	5.83962142E+02	5.80039407E+02
4.73772252E+04	8.29557626E+03	7.86742758E+03	7.26727488E+03	2.27693335E+03	2.09463716E+03	1.96785745E+03	1.64685878E+03	1.62495255E+03	8.45074340E+02	7.74237372E+02	7.31724271E+02	6.24961461E+02	6.16699943E+02
4.74279097E+04	8.34528754E+03	7.91725941E+03	7.31801033E+03	2.32326436E+03	2.14115076E+03	2.01475481E+03	1.69552196E+03	1.67277369E+03	8.81253760E+02	8.11655784E+02	7.69170800E+02	6.61108269E+02	6.57399600E+02
4.74790629E+04	8.39796785E+03	7.97037277E+03	7.37075724E+03	2.37143230E+03	2.18941224E+03	2.06285961E+03	1.74365441E+03	1.72174315E+03	9.23728594E+02	8.34948793E+02	8.10975575E+02	7.01629024E+02
4.75323725E+04	8.45050738E+03	8.02190347E+03	7.42354183E+03	2.41970810E+03	2.23759477E+03	2.11039187E+03	1.79039540E+03	1.76986835E+03	9.63481448E+02	8.81677692E+02	8.49312765E+02	7.40686342E+02
4.75868803E+04	8.50506840E+03	8.07537126E+03	7.47809469E+03	2.46947927E+03	2.28703489E+03	2.16014805E+03	1.84088876E+03	1.82065280E+03	1.00522715E+03	9.32696481E+02	8.88751595E+02	7.82258424E+02
4.76427753E+04	8.56085250E+03	8.13081303E+03	7.53274077E+03	2.52021721E+03	2.33781131E+03	2.20861488E+03	1.89926510E+03	1.87017972E+03	1.04755088E+03	9.67313239E+02	9.28084268E+02	8.21334025E+02
4.76999988E+04	8.61800030E+03	8.18838848E+03	7.59181492E+03	2.57199507E+03	2.38993451E+03	2.26361300E+03	1.95297018E+03	1.92618477E+03	1.09104639E+03	1.01040876E+03	9.75187786E+02
4.77599976E+04	8.67442567E+03	8.24593253E+03	7.64664941E+03	2.62265079E+03	2.44157125E+03	2.31155642E+03	2.00372037E+03	1.97755564E+03	1.12486186E+03	1.04959841E+03	1.01541759E+03
4.78215158E+04	8.73195575E+03	8.30458310E+03	7.70454723E+03	2.67441775E+03	2.49441452E+03	2.36293802E+03	2.05748647E+03	2.03004055E+03	1.16131921E+03	1.09147213E+03	1.05984195E+03
4.78846526E+04	8.79063247E+03	8.36419827E+03	7.76350839E+03	2.72738780E+03	2.54817370E+03	2.41583493E+03	2.10939144E+03	2.08324389E+03	1.20071450E+03	1.13469641E+03	1.10169213E+03
4.79495447E+04	8.85059325E+03	8.42494317E+03	7.82449902E+03	2.78189943E+03	2.60319088E+03	2.47079628E+03	2.16687138E+03	2.13913488E+03	1.24577299E+03	1.17991396E+03
4.80173949E+04	8.91237213E+03	8.48480488E+03	7.88696638E+03	2.83676770E+03	2.65428918E+03	2.52591778E+03	2.22282652E+03	2.19550928E+03	1.28518598E+03	1.22595165E+03
4.80868356E+04	8.97562629E+03	8.54943271E+03	7.95094033E+03	2.89383441E+03	2.71182703E+03	2.58333563E+03	2.28108455E+03	2.25363268E+03	1.33219536E+03
4.81526806E+04	9.03600270E+03	8.61238503E+03	8.01343749E+03	2.94654546E+03	2.76764754E+03	2.63870356E+03	2.33830900E+03	2.31068037E+03	1.37972863E+03
4.82225887E+04	9.10009383E+03	8.67709323E+03	8.07793628E+03	3.00460045E+03	2.82607154E+03	2.69671569E+03	2.39727973E+03	2.36955952E+03
4.83469143E+04	9.21782428E+03	8.80023550E+03	8.18998264E+03	3.09271178E+03	2.91982500E+03	2.77398002E+03	2.49089325E+03	2.46444895E+03
4.84737759E+04	9.33816492E+03	8.92636454E+03	8.30832662E+03	3.18266676E+03	3.01757144E+03	2.85917480E+03	2.59292691E+03	2.56681724E+03
4.86031435E+04	9.46158719E+03	9.05490752E+03	8.43214186E+03	3.27500254E+03	3.11797865E+03	2.95045631E+03	2.69877694E+03	2.67542703E+03
4.87351649E+04	9.58775886E+03	9.18566985E+03	8.56025386E+03	3.36916155E+03	3.21997161E+03	3.04549438E+03	2.80077215E+03	2.78020938E+03
4.88698375E+04	9.71681037E+03	9.31776688E+03	8.69289253E+03	3.46520461E+03	3.32114490E+03	3.14400430E+03	2.90946738E+03	2.88604679E+03
4.90064199E+04	9.85439472E+03	9.45670226E+03	8.83245320E+03	3.57029178E+03	3.43250007E+03	3.25063724E+03	3.02724756E+03
4.91475104E+04	9.98779543E+03	9.58485383E+03	8.96696141E+03	3.66781889E+03	3.51612366E+03	3.34826532E+03	3.13535921E+03
4.92912339E+04	1.01270117E+04	9.71940900E+03	9.10871974E+03	3.77077729E+03	3.60747570E+03	3.45110717E+03	3.25263667E+03
4.94378625E+04	1.02688044E+04	9.86040650E+03	9.24544274E+03	3.87547831E+03	3.70739684E+03	3.54958812E+03	3.36180300E+03
4.95873732E+04	1.04140128E+04	1.00083854E+04	9.40051335E+03	3.98300056E+03	3.81817459E+03	3.66793389E+03
4.97347387E+04	1.05418616E+04	1.01421874E+04	9.52074989E+03	4.06314558E+03	3.91326303E+03	3.76487868E+03
4.98860283E+04	1.06721191E+04	1.02783841E+04	9.65339289E+03	4.15011296E+03	4.01365962E+03	3.87135098E+03
5.00415408E+04	1.08049507E+04	1.04164945E+04	9.78786138E+03	4.24475848E+03	4.11712859E+03	3.97081253E+03
5.02016226E+04	1.09406804E+04	1.05569990E+04	9.92853427E+03	4.34937761E+03	4.22532387E+03
5.03698144E+04	1.10791316E+04	1.06855842E+04	1.00706677E+04	4.43902211E+03	4.33659426E+03
5.05418809E+04	1.12215248E+04	1.08347361E+04	1.02167743E+04	4.54783032E+03
5.06921171E+04	1.13450113E+04	1.09704528E+04	1.03503285E+04	4.65482543E+03
5.08562592E+04	1.14827505E+04	1.11114599E+04	1.04902002E+04
5.12148281E+04	1.16990621E+04	1.13830635E+04	1.07599295E+04
5.15865605E+04	1.19330071E+04	1.16669334E+04	1.10577644E+04
5.19725186E+04	1.21862759E+04	1.19586303E+04	1.13346936E+04
5.23738196E+04	1.24617498E+04	1.22617245E+04
5.28032499E+04	1.27043538E+04	1.25860219E+04
5.32461703E+04	1.29910976E+04
5.35837114E+04	1.32618502E+04
5.39791081E+04
5.52135253E+04
