5.55945218E+04	9.39427837E+03	8.91021486E+03	8.06280422E+03	2.13128931E+03	1.92287476E+03	1.74033445E+03	1.38693085E+03	1.34588070E+03	4.34469029E+02	3.52569260E+02	3.07401730E+02	1.64819974E+02	1.57122008E+02	5.63559808E+01	3.30711688E+01	2.59296546E+01	1.96904804E+00	1.14763164E+00	0	0	4.74207642E+00
5.56018472E+04	9.40160502E+03	8.91756440E+03	8.07013519E+03	2.13855610E+03	1.93020173E+03	1.74763571E+03	1.39427239E+03	1.35318749E+03	4.41676654E+02	3.59881587E+02	3.14674336E+02	1.72150631E+02	1.64411143E+02	6.32633814E+01	4.02185107E+01	3.28929915E+01	9.30770199E+00	8.42748236E+00	0	0	1.10333522E+01
5.56103065E+04	9.41001059E+03	8.92596614E+03	8.07854077E+03	2.14692052E+03	1.93854587E+03	1.75599653E+03	1.40259239E+03	1.36154316E+03	4.50030324E+02	3.68197911E+02	3.23025206E+02	1.80472309E+02	1.72759737E+02	7.15435759E+01	4.83328990E+01	4.10772304E+01	1.75682954E+01	1.67526090E+01
5.56311389E+04	9.43163188E+03	8.94744820E+03	8.09994584E+03	2.16915932E+03	1.96112253E+03	1.77768971E+03	1.42482137E+03	1.38316053E+03	4.71103410E+02	3.90216956E+02	3.43241099E+02	2.00996017E+02	1.92567229E+02	8.82699511E+01	6.42479833E+01	5.61453582E+01	3.78223749E+01	3.93382191E+01
5.56544322E+04	9.45586433E+03	8.97152269E+03	8.12398826E+03	2.19404573E+03	1.98623924E+03	1.80227136E+03	1.44957487E+03	1.40765680E+03	4.94337370E+02	4.13736595E+02	3.66007297E+02	2.25740625E+02	2.14819203E+02	1.06134070E+02	8.12991003E+01	7.23546617E+01	5.98933492E+01	5.94652997E+01
5.56799833E+04	9.48247388E+03	8.99793343E+03	8.15050185E+03	2.22134597E+03	2.01367371E+03	1.82978280E+03	1.47663516E+03	1.43520323E+03	5.19476340E+02	4.39445032E+02	3.91306931E+02	2.49461737E+02	2.39848291E+02	1.25035880E+02	9.90159718E+01	8.97845533E+01	8.22784849E+01	8.77806736E+01
5.57076497E+04	9.51129666E+03	9.02648895E+03	8.17940680E+03	2.25087131E+03	2.04312729E+03	1.86031741E+03	1.50591597E+03	1.46614652E+03	5.46325563E+02	4.67549105E+02	4.19173023E+02	2.76382579E+02	2.67979347E+02	1.44903649E+02	1.20559071E+02	1.11187432E+02	1.17008749E+02	1.16097461E+02
5.57368421E+04	9.54185956E+03	9.05676840E+03	8.20975123E+03	2.28326788E+03	2.07567048E+03	1.89232927E+03	1.53767774E+03	1.49798680E+03	5.76866089E+02	4.97392885E+02	4.48017138E+02	3.04666466E+02	2.95851890E+02	1.66330157E+02	1.37736108E+02	1.27976963E+02	1.43562277E+02	1.42757243E+02
5.57681665E+04	9.57460235E+03	9.08921698E+03	8.24220707E+03	2.31774281E+03	2.10972451E+03	1.92661545E+03	1.57179248E+03	1.53175765E+03	6.08820176E+02	5.28157513E+02	4.79258081E+02	3.33703285E+02	3.25362228E+02	1.88421994E+02	1.58345204E+02	1.48147160E+02	1.71802279E+02	1.71170556E+02
5.58012592E+04	9.60927365E+03	9.12354131E+03	8.27683684E+03	2.35426879E+03	2.14563526E+03	1.96333940E+03	1.60806141E+03	1.56830694E+03	6.42285454E+02	5.60158604E+02	5.12433489E+02	3.65073003E+02	3.57961884E+02	2.11362999E+02	1.79882973E+02	1.69557030E+02	2.02949617E+02
5.58361366E+04	9.64576630E+03	9.15969905E+03	8.31309554E+03	2.39273554E+03	2.18337498E+03	2.00078157E+03	1.64526364E+03	1.60633783E+03	6.77151386E+02	5.93271460E+02	5.45149560E+02	4.00697875E+02	3.90944399E+02	2.35079591E+02	2.02255062E+02	1.91041853E+02	2.36380719E+02
5.58727665E+04	9.68407596E+03	9.19769127E+03	8.35113262E+03	2.43306094E+03	2.22297037E+03	2.03966688E+03	1.68463083E+03	1.64470149E+03	7.13270917E+02	6.27562756E+02	5.78925765E+02	4.34844057E+02	4.23108834E+02	2.59519938E+02	2.25431551E+02	2.13170021E+02	2.69129489E+02
5.59111077E+04	9.72419881E+03	9.23747499E+03	8.39090727E+03	2.47513264E+03	2.26463060E+03	2.08136745E+03	1.72630889E+03	1.68480227E+03	7.50516363E+02	6.63604417E+02	6.15151786E+02	4.68254245E+02	4.57026663E+02	2.84638349E+02	2.49435644E+02	2.36544241E+02	3.02119467E+02
5.59510811E+04	9.76605037E+03	9.27897417E+03	8.43303195E+03	2.51899236E+03	2.30845359E+03	2.12808317E+03	1.77099325E+03	1.73281191E+03	7.88995690E+02	7.01668049E+02	6.56211838E+02	5.08832134E+02	5.00080988E+02	3.10481056E+02	2.74246891E+02	2.62154412E+02
5.59789104E+04	9.79319951E+03	9.30637686E+03	8.45974275E+03	2.54515518E+03	2.33480871E+03	2.15369251E+03	1.79702450E+03	1.75905603E+03	8.13419542E+02	7.26432107E+02	6.79523643E+02	5.32539832E+02	5.24159547E+02	3.27509454E+02	2.93609539E+02	2.82012300E+02
5.60076076E+04	9.82108384E+03	9.33451696E+03	8.48767199E+03	2.57201664E+03	2.36188470E+03	2.18039157E+03	1.82440913E+03	1.78600064E+03	8.38539676E+02	7.51931953E+02	7.04192372E+02	5.58058982E+02	5.49115426E+02	3.45752052E+02	3.14631002E+02	3.04123041E+02
5.60372019E+04	9.84970949E+03	9.36334917E+03	8.51635411E+03	2.59959575E+03	2.38959663E+03	2.20796255E+03	1.85157444E+03	1.81359149E+03	8.64398171E+02	7.78001149E+02	7.30065722E+02	5.82716850E+02	5.74466637E+02	3.65190913E+02	3.36354096E+02	3.25273425E+02
5.60676937E+04	9.87910399E+03	9.39289154E+03	8.54598176E+03	2.62800569E+03	2.41802978E+03	2.23647793E+03	1.88078767E+03	1.84225534E+03	8.91284887E+02	8.04866479E+02	7.56871318E+02	6.10380171E+02	6.01273199E+02	3.88403668E+02	3.59068312E+02
5.60998774E+04	9.90982244E+03	9.42304496E+03	8.57683990E+03	2.65736970E+03	2.44663144E+03	2.26588214E+03	1.91020275E+03	1.87189202E+03	9.18474008E+02	8.30411469E+02	7.83951398E+02	6.37446384E+02	6.28405389E+02	4.09206948E+02	3.82279083E+02
5.61330292E+04	9.94137932E+03	9.45495021E+03	8.60853997E+03	2.68772168E+03	2.47709859E+03	2.29628358E+03	1.94073150E+03	1.90241075E+03	9.46943455E+02	8.58791721E+02	8.12469693E+02	6.65733565E+02	6.56734128E+02	4.33542976E+02
5.61661960E+04	9.97318936E+03	9.48746366E+03	8.64091964E+03	2.71805802E+03	2.50816158E+03	2.32724130E+03	1.97207587E+03	1.93370958E+03	9.74273789E+02	8.87286229E+02	8.40733488E+02	6.94221128E+02	6.85138945E+02	4.58630673E+02
5.62009936E+04	1.00064537E+04	9.52085061E+03	8.67425915E+03	2.75009668E+03	2.54027073E+03	2.35925425E+03	2.00426100E+03	1.96587679E+03	1.00423532E+03	9.17202927E+02	8.70438649E+02	7.23847040E+02	7.14707320E+02
5.62550561E+04	1.00595610E+04	9.57509828E+03	8.72601816E+03	2.79994549E+03	2.59063558E+03	2.40812249E+03	2.05380409E+03	2.01118809E+03	1.04348149E+03	9.58449273E+02	9.02641261E+02	7.62463443E+02	7.53890953E+02
5.63104014E+04	1.01139568E+04	9.63072355E+03	8.77988626E+03	2.85078597E+03	2.64208278E+03	2.45932645E+03	2.10707034E+03	2.06296744E+03	1.08356498E+03	1.00230262E+03	9.39235046E+02	8.04417842E+02	7.96131307E+02
5.63669964E+04	1.01697406E+04	9.68755654E+03	8.83569401E+03	2.90265546E+03	2.69451854E+03	2.51043448E+03	2.16175726E+03	2.11510618E+03	1.12472739E+03	1.04758199E+03	9.79178007E+02	8.47793560E+02	8.40734406E+02
5.64249408E+04	1.02268386E+04	9.74555682E+03	8.89321598E+03	2.95552871E+03	2.74795071E+03	2.56275126E+03	2.19708755E+03	2.16814295E+03	1.16652960E+03	1.08212937E+03	1.02105583E+03	8.90540991E+02	8.83858538E+02
5.64842544E+04	1.02852342E+04	9.80438991E+03	8.95254303E+03	3.00939253E+03	2.80218932E+03	2.61694644E+03	2.25432847E+03	2.22343030E+03	1.20883207E+03	1.13781397E+03	1.06438952E+03	9.35642638E+02	9.28641368E+02
5.65443196E+04	1.03466427E+04	9.86579028E+03	9.01416555E+03	3.06506915E+03	2.85786388E+03	2.67282662E+03	2.31155342E+03	2.28057827E+03	1.25747948E+03	1.18683301E+03	1.11241428E+03	9.83816540E+02
5.66065910E+04	1.04076415E+04	9.92576402E+03	9.07553019E+03	3.12077154E+03	2.91353731E+03	2.72744746E+03	2.36493492E+03	2.33601688E+03	1.30228655E+03	1.22483414E+03	1.15593147E+03	1.02856816E+03
5.66700529E+04	1.04708338E+04	9.98782093E+03	9.13915214E+03	3.17801651E+03	2.97052183E+03	2.78493281E+03	2.42318550E+03	2.39472170E+03	1.34964683E+03	1.26261442E+03	1.20125228E+03	1.07663461E+03
5.67349548E+04	1.05352923E+04	1.00520301E+04	9.20218146E+03	3.23623909E+03	3.02889736E+03	2.84040017E+03	2.49385781E+03	2.45179686E+03	1.39774290E+03	1.30412446E+03	1.24557598E+03	1.12159372E+03
5.68012717E+04	1.06011904E+04	1.01185243E+04	9.27031955E+03	3.29552972E+03	3.08866971E+03	2.90338265E+03	2.55544038E+03	2.51584259E+03	1.44726007E+03	1.35340521E+03	1.29914564E+03
5.68699481E+04	1.06655075E+04	1.01842358E+04	9.33273462E+03	3.35288448E+03	3.14720795E+03	2.95764256E+03	2.61302094E+03	2.57413831E+03	1.48554531E+03	1.39786646E+03	1.34468365E+03
5.69402529E+04	1.07309658E+04	1.02510415E+04	9.39860125E+03	3.41143628E+03	3.20698586E+03	3.01582091E+03	2.67391784E+03	2.63353870E+03	1.52703885E+03	1.44515092E+03	1.39491360E+03
5.70123008E+04	1.07976182E+04	1.03188312E+04	9.46552106E+03	3.47128296E+03	3.26771272E+03	3.07537247E+03	2.73253371E+03	2.69359987E+03	1.57217874E+03	1.49392597E+03	1.44188820E+03
5.70861881E+04	1.08655641E+04	1.03877243E+04	9.53467467E+03	3.53267513E+03	3.32969186E+03	3.13733490E+03	2.79775801E+03	2.75670819E+03	1.62284564E+03	1.54498924E+03
5.71639065E+04	1.09358942E+04	1.04557940E+04	9.60575590E+03	3.59469471E+03	3.38758149E+03	3.19965287E+03	2.86082005E+03	2.82051121E+03	1.66642564E+03	1.59721236E+03
5.72434835E+04	1.10076932E+04	1.05293355E+04	9.67831844E+03	3.65910398E+03	3.45264124E+03	3.26430700E+03	2.92662457E+03	2.88608234E+03	1.71937638E+03
5.73181302E+04	1.10757886E+04	1.06005268E+04	9.74885528E+03	3.71827039E+03	3.51543049E+03	3.32647098E+03	2.99100185E+03	2.95021547E+03	1.77274457E+03
5.73975050E+04	1.11480852E+04	1.06735493E+04	9.82156904E+03	3.78342694E+03	3.58105309E+03	3.39153090E+03	3.05724100E+03	3.01632906E+03
5.75369334E+04	1.12798248E+04	1.08115118E+04	9.94681089E+03	3.88180538E+03	3.68589602E+03	3.47790670E+03	3.16196190E+03	3.12248961E+03
5.76789615E+04	1.14143935E+04	1.09524791E+04	1.00791479E+04	3.98226705E+03	3.79460237E+03	3.57312890E+03	3.27591704E+03	3.23657082E+03
5.78235387E+04	1.15523278E+04	1.10959175E+04	1.02173697E+04	4.08542704E+03	3.90592607E+03	3.67488036E+03	3.39432528E+03	3.35788254E+03
5.79707783E+04	1.16934468E+04	1.12417997E+04	1.03600882E+04	4.19090771E+03	4.01935547E+03	3.78062089E+03	3.50691828E+03	3.47454679E+03
5.81206423E+04	1.18381230E+04	1.13898058E+04	1.05075664E+04	4.29909562E+03	4.13362180E+03	3.89023675E+03	3.62706363E+03	3.59028498E+03
5.82727540E+04	1.19899337E+04	1.15423922E+04	1.06623170E+04	4.41445379E+03	4.25413859E+03	4.00772992E+03	3.75871364E+03
5.84297726E+04	1.21378344E+04	1.16852429E+04	1.08114595E+04	4.52201264E+03	4.34763372E+03	4.11540599E+03	3.87823273E+03
5.85896119E+04	1.22918064E+04	1.18348611E+04	1.09689437E+04	4.63548167E+03	4.45010209E+03	4.22940123E+03	4.00853778E+03
5.87524777E+04	1.24486252E+04	1.19914054E+04	1.11202558E+04	4.75107668E+03	4.56211629E+03	4.33743926E+03	4.12952221E+03
5.89183696E+04	1.26091450E+04	1.21552982E+04	1.12913861E+04	4.86994000E+03	4.68493462E+03	4.46776401E+03
5.90812453E+04	1.27502500E+04	1.23032161E+04	1.14237383E+04	4.95836733E+03	4.79005428E+03	4.57449908E+03
5.92483907E+04	1.28939231E+04	1.24534912E+04	1.15698153E+04	5.05459457E+03	4.90077620E+03	4.69164004E+03
5.94200838E+04	1.30403115E+04	1.26056809E+04	1.17177103E+04	5.15947134E+03	5.01477904E+03	4.80075347E+03
5.95965872E+04	1.31896698E+04	1.27602012E+04	1.18724219E+04	5.27472439E+03	5.13395923E+03
5.97838249E+04	1.33431776E+04	1.29028460E+04	1.20296874E+04	5.37280908E+03	5.25726646E+03
5.99759418E+04	1.35005756E+04	1.30682381E+04	1.21907806E+04	5.49284291E+03
6.01420452E+04	1.36366302E+04	1.32182841E+04	1.23379149E+04	5.61073421E+03
6.03241579E+04	1.37885859E+04	1.33738387E+04	1.24919341E+04
6.07166549E+04	1.40260678E+04	1.36731698E+04	1.27866839E+04
6.11234396E+04	1.42832942E+04	1.39850113E+04	1.31122646E+04
6.15455294E+04	1.45618463E+04	1.43049196E+04	1.34140587E+04
6.19837987E+04	1.48640328E+04	1.46366822E+04
6.24598974E+04	1.51310773E+04	1.49961115E+04
6.29540121E+04	1.54465148E+04
6.33253957E+04	1.57445356E+04
6.37632024E+04
6.51351069E+04
