5.93616979E+04	1.01131078E+04	9.60680668E+03	8.63726070E+03	2.30693739E+03	2.08707326E+03	1.87790421E+03	1.50679387E+03	1.46124258E+03	4.69911834E+02	3.81416616E+02	3.32564084E+02	1.83610547E+02	1.73329606E+02	5.96969065E+01	3.42589146E+01	2.70836248E+01	1.70748023E+00	3.95908344E-01	0	0	4.78381932E+00
5.93692752E+04	1.01206734E+04	9.61439562E+03	8.64484189E+03	2.31449587E+03	2.09468291E+03	1.88551897E+03	1.51439350E+03	1.46884044E+03	4.77404420E+02	3.89000284E+02	3.40173470E+02	1.91205112E+02	1.80907273E+02	6.68946693E+01	4.16537131E+01	3.43952910E+01	9.32517263E+00	7.96145049E+00	0	0	1.11880465E+01
5.93780066E+04	1.01293200E+04	9.62303966E+03	8.65347810E+03	2.32308304E+03	2.10325888E+03	1.89407913E+03	1.52297864E+03	1.47741905E+03	4.85995669E+02	3.97569022E+02	3.48716077E+02	1.99777374E+02	1.89502555E+02	7.54172074E+01	5.00576470E+01	4.27527145E+01	1.78333793E+01	1.65306637E+01
5.93992358E+04	1.01513196E+04	9.64492289E+03	8.67543661E+03	2.34568742E+03	2.12632262E+03	1.91646775E+03	1.54561004E+03	1.49918500E+03	5.07570698E+02	4.19705073E+02	3.69056101E+02	2.19630583E+02	2.08305479E+02	9.26612047E+01	6.64582304E+01	5.85649398E+01	3.76426764E+01	3.65066697E+01
5.94228632E+04	1.01758305E+04	9.66930688E+03	8.69998590E+03	2.37086421E+03	2.15194831E+03	1.94095965E+03	1.57145898E+03	1.52380570E+03	5.31298707E+02	4.44530649E+02	3.91515667E+02	2.39334448E+02	2.30258730E+02	1.11028417E+02	8.39630170E+01	7.50956396E+01	6.11349995E+01	6.01121691E+01
5.94486667E+04	1.02026645E+04	9.69596288E+03	8.72657500E+03	2.39844313E+03	2.17992844E+03	1.96790850E+03	1.59911880E+03	1.55069349E+03	5.56980357E+02	4.71177735E+02	4.16146534E+02	2.64213186E+02	2.54369210E+02	1.30455194E+02	1.02505075E+02	9.26032559E+01	8.59013315E+01	8.75844007E+01
5.94766149E+04	1.02317186E+04	9.72482527E+03	8.75541568E+03	2.42824774E+03	2.21000957E+03	1.99737763E+03	1.62881420E+03	1.58007223E+03	5.84366626E+02	4.98829951E+02	4.42934946E+02	2.92795548E+02	2.80556640E+02	1.50834908E+02	1.22014753E+02	1.11149521E+02	1.12248358E+02	1.11677404E+02
5.95066189E+04	1.02629509E+04	9.75582078E+03	8.78654479E+03	2.46017909E+03	2.24207881E+03	2.02955749E+03	1.66044330E+03	1.61233863E+03	6.13329344E+02	5.28282322E+02	4.71993848E+02	3.19936820E+02	3.09310598E+02	1.72117456E+02	1.42215669E+02	1.30845604E+02	1.38284759E+02	1.45133546E+02
5.95385188E+04	1.02961839E+04	9.78874391E+03	8.81989124E+03	2.49410803E+03	2.27590784E+03	2.06463410E+03	1.69398082E+03	1.64792640E+03	6.43756364E+02	5.59756715E+02	5.03446490E+02	3.50740620E+02	3.41064543E+02	1.94261595E+02	1.63199209E+02	1.51826607E+02	1.77787620E+02	1.77077641E+02
5.95717257E+04	1.03309277E+04	9.82315763E+03	8.85440952E+03	2.53088361E+03	2.31290911E+03	2.10114473E+03	1.73015357E+03	1.68427863E+03	6.77939219E+02	5.93297676E+02	5.35954799E+02	3.83779056E+02	3.72580900E+02	2.17926776E+02	1.85520912E+02	1.73525297E+02	2.06844996E+02
5.96070225E+04	1.03678211E+04	9.85972025E+03	8.89096792E+03	2.56954096E+03	2.35103223E+03	2.13951470E+03	1.76841191E+03	1.72210472E+03	7.13235439E+02	6.27281289E+02	5.70379882E+02	4.17263606E+02	4.05181504E+02	2.42105209E+02	2.08347961E+02	1.95649829E+02	2.39467298E+02	2.38617793E+02
5.96440241E+04	1.04065388E+04	9.89805126E+03	8.92965833E+03	2.61015191E+03	2.39090406E+03	2.18023535E+03	1.80866266E+03	1.76265317E+03	7.49936861E+02	6.62318616E+02	6.06570971E+02	4.52229960E+02	4.40833301E+02	2.67120415E+02	2.31973729E+02	2.19069943E+02	2.73861179E+02
5.96827191E+04	1.04469816E+04	9.93813838E+03	8.96986436E+03	2.65261715E+03	2.43251899E+03	2.22158549E+03	1.84970763E+03	1.80472558E+03	7.87944415E+02	6.98424629E+02	6.42182944E+02	4.88105303E+02	4.76819721E+02	2.92878199E+02	2.56413894E+02	2.42547342E+02	3.10748576E+02
5.97230375E+04	1.04891727E+04	9.97999160E+03	9.01177294E+03	2.69683406E+03	2.47591583E+03	2.26421044E+03	1.89290732E+03	1.84684228E+03	8.27086659E+02	7.35659355E+02	6.78754798E+02	5.25180382E+02	5.11806722E+02	3.19324803E+02	2.81648353E+02	2.66585634E+02	3.46689172E+02
5.97651708E+04	1.05331525E+04	1.00236002E+04	9.05538936E+03	2.74272445E+03	2.52138119E+03	2.30969159E+03	1.93841777E+03	1.89059261E+03	8.67264717E+02	7.74656252E+02	7.17777840E+02	5.60983987E+02	5.48397629E+02	3.46419716E+02	3.07689535E+02	2.91855258E+02	3.82693979E+02
5.98088330E+04	1.05788038E+04	1.00688763E+04	9.10136246E+03	2.79034983E+03	2.56898676E+03	2.36044447E+03	1.98700423E+03	1.94282767E+03	9.08639695E+02	8.15651961E+02	7.61844760E+02	6.05180443E+02	5.94708888E+02	3.74223498E+02	3.34517890E+02	3.19471137E+02
5.98389800E+04	1.06081586E+04	1.00985248E+04	9.13022302E+03	2.81853859E+03	2.59739834E+03	2.38802466E+03	2.01506717E+03	1.97112186E+03	9.34844793E+02	8.42230985E+02	7.86850169E+02	6.30646355E+02	6.20583415E+02	3.92470508E+02	3.55302472E+02	3.40779177E+02
5.98699941E+04	1.06382434E+04	1.01289025E+04	9.16036235E+03	2.84743120E+03	2.62652641E+03	2.41674937E+03	2.04454052E+03	2.00011829E+03	9.61761360E+02	8.69550364E+02	8.13304162E+02	6.58002587E+02	6.47334788E+02	4.12077039E+02	3.77762931E+02	3.64487814E+02
5.99019355E+04	1.06690674E+04	1.01599570E+04	9.19123251E+03	2.87704708E+03	2.65628327E+03	2.44631443E+03	2.07367542E+03	2.02971974E+03	9.89433494E+02	8.97443767E+02	8.40913594E+02	6.84347409E+02	6.74430778E+02	4.33109717E+02	4.00970335E+02	3.86986565E+02
5.99347854E+04	1.07006456E+04	1.01917137E+04	9.22308397E+03	2.90746953E+03	2.68675179E+03	2.47687498E+03	2.10503270E+03	2.06046102E+03	1.01811668E+03	9.26108219E+02	8.69543496E+02	7.14063351E+02	7.03091702E+02	4.57776072E+02	4.25259291E+02
5.99694731E+04	1.07336719E+04	1.02241064E+04	9.25625810E+03	2.93893091E+03	2.71738149E+03	2.50838164E+03	2.13655949E+03	2.09223159E+03	1.04712701E+03	9.53377171E+02	8.98453985E+02	7.42867291E+02	7.32076348E+02	4.79681327E+02	4.50098621E+02
6.00051678E+04	1.07675233E+04	1.02583694E+04	9.29027026E+03	2.97139108E+03	2.74998176E+03	2.54088460E+03	2.16922757E+03	2.12487594E+03	1.07746853E+03	9.83640958E+02	9.28801492E+02	7.73017868E+02	7.62251379E+02	5.05586821E+02
6.00406297E+04	1.08014649E+04	1.02930983E+04	9.32483728E+03	3.00368127E+03	2.78306828E+03	2.57384491E+03	2.20262147E+03	2.15821576E+03	1.10646603E+03	1.01390122E+03	9.58796722E+02	8.03294433E+02	7.92434239E+02	5.32218141E+02
6.00778460E+04	1.08369472E+04	1.03287202E+04	9.36039961E+03	3.03776331E+03	2.81723249E+03	2.60789269E+03	2.23687088E+03	2.19244322E+03	1.13824064E+03	1.04563883E+03	9.90290152E+02	8.34735738E+02	8.23809990E+02
6.01353997E+04	1.08934087E+04	1.03864307E+04	9.41540887E+03	3.09059428E+03	2.87063694E+03	2.65968930E+03	2.28938237E+03	2.24048000E+03	1.17968506E+03	1.08921136E+03	1.02434942E+03	8.75617760E+02	8.65311674E+02
6.01942269E+04	1.09511781E+04	1.04455177E+04	9.47261865E+03	3.14441564E+03	2.92511774E+03	2.71382976E+03	2.34574023E+03	2.29532061E+03	1.22201255E+03	1.13529036E+03	1.06304105E+03	9.19978812E+02	9.09952580E+02
6.02543224E+04	1.10103681E+04	1.05058224E+04	9.53183004E+03	3.19927210E+03	2.98058573E+03	2.76789663E+03	2.40372238E+03	2.35051097E+03	1.26549583E+03	1.18285352E+03	1.10521666E+03	9.65870478E+02	9.57147988E+02
6.03157394E+04	1.10709010E+04	1.05673083E+04	9.59276678E+03	3.25513797E+03	3.03704460E+03	2.82312911E+03	2.46103723E+03	2.40654872E+03	1.30972418E+03	1.21777859E+03	1.14938733E+03	1.01063401E+03	1.00276628E+03
6.03784964E+04	1.11328065E+04	1.06297426E+04	9.65552480E+03	3.31202060E+03	3.09435109E+03	2.88022453E+03	2.49848101E+03	2.46480529E+03	1.35463597E+03	1.27793182E+03	1.19512503E+03	1.05807867E+03	1.04935903E+03
6.04421290E+04	1.11976255E+04	1.06944411E+04	9.72067572E+03	3.37064852E+03	3.15299010E+03	2.93918316E+03	2.56548967E+03	2.52519319E+03	1.40555448E+03	1.33116310E+03	1.24549979E+03	1.10919348E+03
6.05079836E+04	1.12620285E+04	1.07578037E+04	9.78546361E+03	3.42933139E+03	3.21165970E+03	2.99662979E+03	2.61639863E+03	2.58354964E+03	1.45239509E+03	1.36896533E+03	1.29111257E+03	1.15622007E+03
6.05750981E+04	1.13286795E+04	1.08233137E+04	9.85272897E+03	3.48956360E+03	3.27166601E+03	3.05716569E+03	2.67773221E+03	2.64541031E+03	1.50198315E+03	1.40892552E+03	1.33881041E+03	1.20687231E+03
6.06436189E+04	1.13966158E+04	1.08910488E+04	9.91910901E+03	3.55078226E+03	3.33308907E+03	3.11545802E+03	2.75386438E+03	2.70550149E+03	1.55239005E+03	1.45326712E+03	1.38509539E+03	1.25418271E+03
6.07135273E+04	1.14660076E+04	1.09611211E+04	9.99086783E+03	3.61307758E+03	3.39592712E+03	3.18162442E+03	2.81859849E+03	2.77275486E+03	1.60432601E+03	1.50503281E+03	1.44124672E+03
6.07856940E+04	1.15334977E+04	1.10301221E+04	1.00563189E+04	3.67311879E+03	3.45723877E+03	3.23841024E+03	2.87891457E+03	2.83382051E+03	1.64441341E+03	1.55161960E+03	1.48890817E+03
6.08595447E+04	1.16021500E+04	1.11002169E+04	1.01253877E+04	3.73439533E+03	3.51980570E+03	3.29931080E+03	2.94267345E+03	2.89599042E+03	1.68793191E+03	1.60109451E+03	1.54145612E+03
6.09351839E+04	1.16720099E+04	1.11712959E+04	1.01955018E+04	3.79700193E+03	3.58333281E+03	3.36153212E+03	3.00398809E+03	2.95880307E+03	1.73534732E+03	1.65210906E+03	1.59049940E+03
6.10126947E+04	1.17431683E+04	1.12434658E+04	1.02679318E+04	3.86116301E+03	3.64811607E+03	3.42629894E+03	3.07228114E+03	3.02479976E+03	1.78830116E+03	1.70552116E+03
6.10944551E+04	1.18169866E+04	1.13148766E+04	1.03425147E+04	3.92609113E+03	3.70875902E+03	3.49152906E+03	3.13824894E+03	3.09160902E+03	1.83359382E+03	1.76025000E+03
6.11782120E+04	1.18922646E+04	1.13920599E+04	1.04185648E+04	3.99348272E+03	3.77687863E+03	3.55911662E+03	3.20711469E+03	3.16019634E+03	1.88895477E+03
6.12564353E+04	1.19634938E+04	1.14666108E+04	1.04923649E+04	4.05526885E+03	3.84250294E+03	3.62403385E+03	3.27439136E+03	3.22719719E+03	1.94469183E+03
6.13396955E+04	1.20391340E+04	1.15430194E+04	1.05684164E+04	4.12331309E+03	3.91105250E+03	3.69194981E+03	3.34357773E+03	3.29624210E+03
6.14851756E+04	1.21765024E+04	1.16869327E+04	1.06989414E+04	4.22584119E+03	4.02039027E+03	3.78197979E+03	3.45275685E+03	3.40691046E+03
6.16332744E+04	1.23167908E+04	1.18338541E+04	1.08368881E+04	4.33055480E+03	4.13356423E+03	3.88123430E+03	3.57150148E+03	3.52567666E+03
6.17839412E+04	1.24605538E+04	1.19832638E+04	1.09808783E+04	4.43808878E+03	4.24934207E+03	3.98718573E+03	3.69495145E+03	3.65205721E+03
6.19372819E+04	1.26076596E+04	1.21351638E+04	1.11294431E+04	4.54812624E+03	4.36733139E+03	4.09721210E+03	3.81190901E+03	3.77343459E+03
6.20932580E+04	1.27585204E+04	1.22893340E+04	1.12828667E+04	4.66110838E+03	4.48656432E+03	4.21124116E+03	3.93665813E+03	3.89332179E+03
6.22515578E+04	1.29161171E+04	1.24476576E+04	1.14437235E+04	4.78072684E+03	4.61118860E+03	4.33313710E+03	4.07375143E+03
6.24149962E+04	1.30699483E+04	1.25964894E+04	1.15987744E+04	4.89241505E+03	4.70876225E+03	4.44487650E+03	4.19788850E+03
6.25813356E+04	1.32299025E+04	1.27522347E+04	1.17626027E+04	5.01016612E+03	4.81571979E+03	4.56320883E+03	4.33343304E+03
6.27507601E+04	1.33928006E+04	1.29150774E+04	1.19198107E+04	5.13018998E+03	4.93254626E+03	4.67525804E+03	4.45917710E+03
6.29232791E+04	1.35595037E+04	1.30854095E+04	1.20973897E+04	5.25366469E+03	5.06026223E+03	4.81039887E+03
6.30924330E+04	1.37059809E+04	1.32390658E+04	1.22346185E+04	5.34545443E+03	5.16946403E+03	4.92107657E+03
6.32659958E+04	1.38550908E+04	1.33950585E+04	1.23861110E+04	5.44543099E+03	5.28438965E+03	5.04251267E+03
6.34442410E+04	1.40069736E+04	1.35529636E+04	1.25394229E+04	5.55442939E+03	5.40267583E+03	5.15552576E+03
6.36274032E+04	1.41618629E+04	1.37131716E+04	1.26998059E+04	5.67401053E+03	5.52631209E+03
6.38225311E+04	1.43215892E+04	1.38615728E+04	1.28632720E+04	5.77560373E+03	5.65455511E+03
6.40230162E+04	1.44851521E+04	1.40336719E+04	1.30304926E+04	5.90023599E+03
6.41956422E+04	1.46263556E+04	1.41896266E+04	1.31831819E+04	6.02259256E+03
6.43851533E+04	1.47841533E+04	1.43511617E+04	1.33429917E+04
6.47913954E+04	1.50302715E+04	1.46618742E+04	1.36478317E+04
6.52123735E+04	1.52969891E+04	1.49851709E+04	1.39846269E+04
6.56491486E+04	1.55858509E+04	1.53166177E+04	1.42964678E+04
6.61024045E+04	1.58989740E+04	1.56600608E+04
6.65980580E+04	1.61762826E+04	1.60341627E+04
6.71138580E+04	1.65035914E+04
6.74992559E+04	1.68129205E+04
6.79548341E+04
6.93846331E+04
