6.53190745E+04	1.12759313E+04	1.07349355E+04	9.55611782E+03	2.60793751E+03	2.37108164E+03	2.11436234E+03	1.71839857E+03	1.66369936E+03	5.45511103E+02	4.48560656E+02	3.88726520E+02	2.29232775E+02	2.18121149E+02	7.46436035E+01	4.56405495E+01	3.52010349E+01	1.99213700E+01	1.77902086E+01	6.20092443E+00	0	5.72469161E+00
6.53267933E+04	1.12836348E+04	1.07426982E+04	9.56384843E+03	2.61561987E+03	2.37881223E+03	2.12206666E+03	1.72612894E+03	1.67141309E+03	5.53088762E+02	4.56253983E+02	3.96359837E+02	2.36943076E+02	2.25796137E+02	8.18856707E+01	5.33684304E+01	4.25005022E+01	2.75743957E+01	2.54619990E+01	1.37049927E+01	0	1.35697312E+01
6.53358060E+04	1.12925173E+04	1.07515501E+04	9.57270905E+03	2.62446104E+03	2.38764031E+03	2.13090846E+03	1.73494489E+03	1.68024342E+03	5.61916993E+02	4.65058757E+02	4.05181371E+02	2.45722524E+02	2.34601151E+02	9.06312350E+01	6.18717672E+01	5.11260245E+01	3.59776512E+01	3.42395142E+01	2.15734591E+01
6.53492182E+04	1.13060432E+04	1.07650308E+04	9.58614859E+03	2.63780785E+03	2.40097452E+03	2.14406925E+03	1.74827941E+03	1.69344273E+03	5.75269972E+02	4.78338789E+02	4.18126250E+02	2.58988890E+02	2.47452397E+02	1.03930392E+02	7.39524967E+01	6.33851232E+01	4.95053731E+01	4.69754151E+01	3.23559843E+01
6.53641852E+04	1.13210620E+04	1.07800703E+04	9.60127837E+03	2.65261202E+03	2.41579462E+03	2.15913216E+03	1.76319197E+03	1.70850067E+03	5.90070350E+02	4.93147030E+02	4.33545080E+02	2.74027092E+02	2.62952264E+02	1.18601124E+02	8.82197135E+01	7.90513928E+01	6.44909861E+01	6.25528730E+01
6.53905262E+04	1.13483835E+04	1.08072613E+04	9.62824319E+03	2.68066318E+03	2.44425390E+03	2.18647979E+03	1.79019173E+03	1.73405087E+03	6.16461910E+02	5.19846259E+02	4.58372625E+02	2.95189137E+02	2.82091659E+02	1.38763861E+02	1.07459301E+02	9.70249743E+01	8.82655952E+01	8.65047632E+01
6.54189853E+04	1.13778987E+04	1.08366203E+04	9.65772665E+03	2.71093399E+03	2.47510166E+03	2.21636308E+03	1.82064892E+03	1.76326054E+03	6.44619072E+02	5.48943629E+02	4.84851632E+02	3.21045793E+02	3.06770605E+02	1.59908069E+02	1.27711675E+02	1.16437893E+02	1.14448153E+02	1.12835948E+02
6.54494121E+04	1.14094867E+04	1.08680228E+04	9.68935072E+03	2.74331772E+03	2.50805167E+03	2.24789977E+03	1.85400243E+03	1.79494654E+03	6.74422893E+02	5.80110591E+02	5.13061212E+02	3.48536901E+02	3.34356643E+02	1.81988572E+02	1.48931387E+02	1.36625103E+02	1.44253159E+02	1.42755733E+02
6.54817144E+04	1.14430576E+04	1.09013824E+04	9.72264677E+03	2.77772980E+03	2.54298004E+03	2.28155805E+03	1.88864880E+03	1.82857580E+03	7.05791378E+02	6.12215063E+02	5.43108138E+02	3.77272721E+02	3.63796149E+02	2.04970085E+02	1.71029137E+02	1.57473014E+02	1.75865297E+02	1.74635846E+02
6.55159459E+04	1.14786398E+04	1.09367276E+04	9.75799022E+03	2.81406137E+03	2.57967585E+03	2.31749651E+03	1.92490355E+03	1.86446736E+03	7.38513999E+02	6.45210939E+02	5.75034148E+02	4.09702142E+02	3.95060631E+02	2.28762945E+02	1.93983236E+02	1.79252470E+02	2.05935807E+02	2.10152708E+02
6.55520201E+04	1.15161648E+04	1.09739731E+04	9.79541613E+03	2.85225381E+03	2.61802248E+03	2.35598684E+03	1.96259459E+03	1.90312709E+03	7.72523322E+02	6.79490556E+02	6.09030029E+02	4.42823142E+02	4.28753054E+02	2.53337279E+02	2.17561280E+02	2.02114223E+02	2.37724120E+02	2.45065501E+02
6.55899087E+04	1.15556071E+04	1.10130438E+04	9.83501878E+03	2.89225788E+03	2.65788552E+03	2.39732429E+03	2.00196001E+03	1.94514048E+03	8.07781851E+02	7.15498550E+02	6.45305545E+02	4.77623395E+02	4.65423012E+02	2.78682065E+02	2.41743518E+02	2.26239904E+02	2.83737496E+02	2.82685247E+02
6.56287479E+04	1.15962355E+04	1.10532715E+04	9.87542388E+03	2.93525021E+03	2.70128265E+03	2.44039913E+03	2.04450069E+03	1.98801713E+03	8.47086822E+02	7.54345400E+02	6.83089842E+02	5.14314632E+02	5.02253377E+02	3.05601606E+02	2.67581609E+02	2.51209228E+02	3.17479711E+02
6.56698208E+04	1.16390982E+04	1.10957596E+04	9.91787783E+03	2.97978351E+03	2.74507652E+03	2.48435382E+03	2.08854911E+03	2.03137971E+03	8.86979904E+02	7.92746883E+02	7.21779143E+02	5.53013822E+02	5.39078802E+02	3.32753823E+02	2.93416482E+02	2.76107580E+02	3.54005850E+02
6.57124561E+04	1.16836661E+04	1.11398811E+04	9.96244028E+03	3.02622879E+03	2.79057043E+03	2.53072698E+03	2.13441867E+03	2.07768645E+03	9.28232236E+02	8.32084043E+02	7.62109095E+02	5.93914423E+02	5.78951421E+02	3.60779729E+02	3.20109702E+02	3.02437793E+02	3.94200830E+02
6.57567268E+04	1.17298430E+04	1.11856799E+04	1.00083880E+04	3.07444274E+03	2.83773675E+03	2.57772477E+03	2.18098880E+03	2.12563043E+03	9.70719258E+02	8.72455000E+02	8.01926881E+02	6.34125228E+02	6.19274769E+02	3.89525756E+02	3.47570407E+02	3.28836106E+02	4.36111961E+02
6.58026343E+04	1.17777421E+04	1.12332013E+04	1.00559824E+04	3.12432062E+03	2.88667688E+03	2.62577901E+03	2.22977114E+03	2.17322304E+03	1.01422734E+03	9.13974040E+02	8.42523067E+02	6.74473474E+02	6.58355363E+02	4.18922397E+02	3.75816262E+02	3.55663133E+02	4.76712034E+02
6.58501801E+04	1.18273497E+04	1.12824100E+04	1.01052346E+04	3.17574670E+03	2.93767327E+03	2.67673268E+03	2.28085134E+03	2.22225727E+03	1.05865828E+03	9.57281494E+02	8.85583093E+02	7.13652323E+02	6.98800422E+02	4.48934020E+02	4.04855573E+02	3.83710001E+02	5.17111488E+02
6.58992807E+04	1.18786020E+04	1.13332533E+04	1.01568781E+04	3.22888396E+03	2.99082889E+03	2.73338700E+03	2.33516477E+03	2.28068058E+03	1.10426690E+03	1.00257635E+03	9.34025693E+02	7.63364917E+02	7.49865111E+02	4.79641808E+02	4.34666217E+02	4.14280152E+02
6.59328877E+04	1.19112342E+04	1.13662470E+04	1.01889316E+04	3.26007694E+03	3.02228725E+03	2.76388493E+03	2.36623592E+03	2.31200974E+03	1.13310338E+03	1.03184044E+03	9.61531899E+02	7.91430585E+02	7.78394814E+02	4.99703123E+02	4.57563463E+02	4.37731881E+02
6.59673891E+04	1.19445857E+04	1.13999482E+04	1.02223479E+04	3.29196990E+03	3.05445211E+03	2.79560168E+03	2.39879897E+03	2.34403798E+03	1.16266999E+03	1.06184672E+03	9.90619695E+02	8.21500861E+02	8.07794903E+02	5.21334946E+02	4.82171278E+02	4.63787544E+02
6.60027479E+04	1.19786680E+04	1.14343196E+04	1.02564816E+04	3.32459054E+03	3.08724193E+03	2.82812248E+03	2.43086204E+03	2.37662579E+03	1.19302103E+03	1.09243374E+03	1.02079561E+03	8.50352387E+02	8.37477457E+02	5.44710847E+02	5.07585936E+02	4.88308927E+02
6.60391174E+04	1.20135180E+04	1.14693838E+04	1.02916508E+04	3.35801837E+03	3.12073688E+03	2.86171638E+03	2.46539802E+03	2.41044875E+03	1.22437222E+03	1.12377638E+03	1.05212673E+03	8.83066470E+02	8.68884494E+02	5.71572202E+02	5.34204679E+02
6.60776617E+04	1.20500141E+04	1.15051366E+04	1.03282987E+04	3.39261559E+03	3.15439585E+03	2.89636006E+03	2.50007722E+03	2.44540265E+03	1.25610578E+03	1.15362367E+03	1.08376408E+03	9.14502235E+02	9.00631881E+02	5.95119003E+02	5.61475559E+02
6.61172046E+04	1.20873112E+04	1.15429355E+04	1.03657666E+04	3.42823656E+03	3.19019225E+03	2.93200488E+03	2.53594853E+03	2.48122818E+03	1.28924668E+03	1.18670767E+03	1.11684463E+03	9.47441211E+02	9.33568486E+02	6.23374362E+02
6.61561519E+04	1.21244672E+04	1.15810171E+04	1.04036365E+04	3.46345618E+03	3.22632234E+03	2.96796998E+03	2.57242141E+03	2.51763118E+03	1.32074139E+03	1.21961590E+03	1.14942961E+03	9.80394842E+02	9.66409769E+02	6.52320748E+02
6.61970238E+04	1.21632835E+04	1.16199944E+04	1.04425327E+04	3.50060153E+03	3.26356833E+03	3.00506577E+03	2.60976281E+03	2.55494322E+03	1.35523573E+03	1.25408749E+03	1.18360247E+03	1.01455906E+03	1.00049506E+03
6.62597836E+04	1.22247652E+04	1.16828911E+04	1.05024014E+04	3.55788746E+03	3.32151764E+03	3.06122849E+03	2.66670659E+03	2.60705154E+03	1.39997631E+03	1.30114876E+03	1.22043907E+03	1.05882704E+03	1.04545745E+03
6.63238421E+04	1.22875869E+04	1.17471650E+04	1.05646170E+04	3.61616670E+03	3.38054064E+03	3.11974986E+03	2.72767524E+03	2.66646236E+03	1.44567643E+03	1.35061102E+03	1.26227918E+03	1.10678585E+03	1.09367709E+03
6.63891484E+04	1.23518610E+04	1.18126474E+04	1.06289019E+04	3.67548572E+03	3.44053764E+03	3.17823126E+03	2.79042316E+03	2.72620253E+03	1.49264779E+03	1.40157001E+03	1.30779792E+03	1.15644262E+03	1.14472848E+03
6.64557856E+04	1.24175527E+04	1.18793466E+04	1.06949584E+04	3.73583555E+03	3.50152952E+03	3.23782272E+03	2.85200656E+03	2.78672845E+03	1.54054306E+03	1.45329052E+03	1.35540567E+03	1.20434521E+03	1.19400448E+03
6.65237354E+04	1.24847335E+04	1.19471252E+04	1.07628733E+04	3.79724410E+03	3.56341512E+03	3.29927684E+03	2.88966443E+03	2.84944491E+03	1.58945324E+03	1.50443110E+03	1.40475302E+03	1.25528926E+03	1.24350440E+03
6.65926823E+04	1.25546183E+04	1.20168131E+04	1.08332801E+04	3.86027813E+03	3.62651395E+03	3.36280797E+03	2.95667186E+03	2.91465082E+03	1.64367348E+03	1.56165568E+03	1.45859328E+03	1.31068868E+03
6.66639204E+04	1.26241711E+04	1.20852913E+04	1.09032168E+04	3.92344844E+03	3.68969003E+03	3.42449512E+03	3.01676216E+03	2.97738735E+03	1.69359959E+03	1.60107359E+03	1.50737308E+03	1.36113687E+03
6.67364706E+04	1.26960158E+04	1.21560145E+04	1.09759471E+04	3.98816914E+03	3.75424560E+03	3.48960307E+03	3.10144082E+03	3.04397792E+03	1.74652979E+03	1.64444084E+03	1.55866516E+03	1.41566107E+03
6.68104410E+04	1.27691770E+04	1.22290522E+04	1.10473778E+04	4.05388843E+03	3.82024842E+03	3.55213017E+03	3.16775762E+03	3.10858675E+03	1.80041283E+03	1.69285970E+03	1.60786137E+03	1.46649685E+03
6.68858163E+04	1.28438313E+04	1.23045109E+04	1.11245673E+04	4.12070498E+03	3.88770302E+03	3.62307156E+03	3.23722892E+03	3.18065320E+03	1.85599576E+03	1.74837084E+03	1.66788445E+03
6.69632521E+04	1.29161062E+04	1.23784825E+04	1.11945873E+04	4.18479126E+03	3.95319603E+03	3.68365150E+03	3.30166043E+03	3.24588241E+03	1.89880584E+03	1.79816891E+03	1.71873465E+03
6.70424454E+04	1.29895704E+04	1.24535389E+04	1.12684710E+04	4.25016907E+03	4.01996661E+03	3.74864184E+03	3.36972293E+03	3.31220972E+03	1.94537671E+03	1.85095875E+03	1.77476048E+03
6.71235017E+04	1.30642650E+04	1.25295775E+04	1.13433908E+04	4.31692843E+03	4.08770953E+03	3.81487352E+03	3.43509472E+03	3.37915271E+03	1.99619487E+03	1.90535682E+03	1.82692377E+03
6.72064903E+04	1.31402760E+04	1.26066981E+04	1.14207643E+04	4.38526836E+03	4.15672780E+03	3.88386143E+03	3.50798332E+03	3.44949522E+03	2.05261902E+03	1.96231059E+03
6.72944312E+04	1.32194143E+04	1.26831896E+04	1.15006666E+04	4.45461964E+03	4.22154815E+03	3.95350380E+03	3.57837474E+03	3.52085926E+03	2.10053643E+03	2.02083861E+03
6.73846055E+04	1.32999818E+04	1.27659253E+04	1.15820075E+04	4.52654200E+03	4.29432159E+03	4.02553908E+03	3.65188435E+03	3.59401609E+03	2.15955652E+03
6.74682785E+04	1.33759736E+04	1.28455976E+04	1.16607644E+04	4.59230350E+03	4.36425553E+03	4.09462738E+03	3.72355716E+03	3.66536011E+03	2.21888894E+03
6.75574795E+04	1.34567045E+04	1.29271618E+04	1.17418874E+04	4.66473848E+03	4.43725675E+03	4.16687581E+03	3.79721279E+03	3.73884753E+03
6.77120348E+04	1.36025433E+04	1.30800276E+04	1.18803441E+04	4.77354111E+03	4.55340499E+03	4.26239726E+03	3.91309814E+03	3.85627753E+03
6.78692410E+04	1.37514450E+04	1.32359045E+04	1.20267179E+04	4.88469052E+03	4.67336990E+03	4.36772215E+03	4.03905474E+03	3.98207752E+03
6.80290535E+04	1.39039806E+04	1.33942930E+04	1.21793689E+04	4.99883673E+03	4.79592364E+03	4.47998572E+03	4.17008704E+03	4.11605621E+03
6.81915595E+04	1.40600779E+04	1.35552197E+04	1.23367134E+04	5.11574271E+03	4.92079740E+03	4.59644878E+03	4.29367949E+03	4.24449472E+03
6.83567288E+04	1.42201597E+04	1.37185455E+04	1.24990645E+04	5.23586792E+03	5.04730171E+03	4.71708012E+03	4.42536512E+03	4.37072367E+03
6.85243362E+04	1.43865456E+04	1.38856331E+04	1.26691207E+04	5.36204889E+03	5.17845099E+03	4.84564562E+03	4.57056129E+03
6.86974489E+04	1.45494127E+04	1.40435533E+04	1.28330971E+04	5.48005178E+03	5.28223381E+03	4.96352477E+03	4.70168634E+03
6.88735964E+04	1.47184393E+04	1.42086015E+04	1.30065111E+04	5.60432014E+03	5.39596744E+03	5.08839185E+03	4.84512773E+03
6.90529302E+04	1.48905400E+04	1.43809861E+04	1.31726332E+04	5.73107299E+03	5.52003142E+03	5.20650500E+03	4.97805150E+03
6.92354638E+04	1.50665863E+04	1.45610631E+04	1.33599146E+04	5.86155283E+03	5.65519141E+03	5.34889910E+03
6.94141220E+04	1.52212018E+04	1.47234348E+04	1.35044939E+04	5.95844480E+03	5.77059812E+03	5.46552170E+03
6.95973946E+04	1.53785491E+04	1.48881041E+04	1.36641587E+04	6.06410079E+03	5.89191283E+03	5.59343378E+03
6.97855621E+04	1.55387585E+04	1.50546795E+04	1.38256490E+04	6.17932842E+03	6.01670545E+03	5.71233791E+03
6.99788138E+04	1.57020364E+04	1.52235123E+04	1.39946041E+04	6.30548373E+03	6.14710054E+03
7.01861085E+04	1.58713254E+04	1.53807099E+04	1.41675447E+04	6.41248810E+03	6.28289338E+03
7.03995623E+04	1.60443300E+04	1.55631233E+04	1.43441129E+04	6.54414663E+03
7.05822100E+04	1.61934049E+04	1.57281525E+04	1.45052789E+04	6.67332843E+03
7.07832632E+04	1.63601766E+04	1.58988500E+04	1.46739274E+04
7.12103246E+04	1.66194468E+04	1.62269743E+04	1.49940004E+04
7.16527923E+04	1.69006140E+04	1.65677610E+04	1.53477513E+04
7.21116681E+04	1.72051523E+04	1.69168083E+04	1.56747730E+04
7.25876242E+04	1.75349709E+04	1.72780227E+04
7.31136762E+04	1.78282473E+04	1.76748857E+04
7.36634549E+04	1.81738326E+04
7.40704425E+04	1.85006035E+04
7.45536502E+04
7.60737066E+04
