8.06860039E+04	1.43571211E+04	1.37288713E+04	1.19130281E+04	3.43610402E+03	3.15761054E+03	2.75147612E+03	2.29440472E+03	2.20889404E+03	7.72297215E+02	6.53885531E+02	5.54855584E+02	3.60866048E+02	3.42265270E+02	1.20688451E+02	8.12683756E+01	6.37516249E+01	9.07278913E+01	8.68235672E+01	1.02974339E+01	8.39591652E+00	8.03159142E+00
8.06953314E+04	1.43663852E+04	1.37381161E+04	1.19222657E+04	3.44537521E+03	3.16687665E+03	2.76076123E+03	2.30365682E+03	2.21815382E+03	7.81565455E+02	6.63162293E+02	5.64122428E+02	3.70147151E+02	3.51549020E+02	1.30065260E+02	9.06931496E+01	7.31917296E+01	1.00012243E+02	9.61095419E+01	1.96107676E+01	1.77213718E+01
8.07097388E+04	1.43808081E+04	1.37526121E+04	1.19365273E+04	3.45979782E+03	3.18132134E+03	2.77505820E+03	2.31792437E+03	2.23210843E+03	7.95843993E+02	6.77536651E+02	5.78213071E+02	3.84063188E+02	3.64814505E+02	1.43435092E+02	1.03922317E+02	8.38478278E+01	1.13855040E+02	1.09791677E+02	3.15276613E+01	2.98078615E+01
8.07256909E+04	1.43967793E+04	1.37686956E+04	1.19524097E+04	3.47573046E+03	3.19730223E+03	2.79107703E+03	2.33405791E+03	2.24813766E+03	8.11578165E+02	6.93413628E+02	5.94026751E+02	4.00170637E+02	3.80701324E+02	1.58001934E+02	1.19687385E+02	9.67075955E+01	1.29661355E+02	1.25613944E+02	4.54772915E+01	4.38550372E+01
8.07429910E+04	1.44141019E+04	1.37861186E+04	1.19697051E+04	3.49293348E+03	3.21455404E+03	2.80818143E+03	2.35138575E+03	2.26527163E+03	8.28569869E+02	7.10546187E+02	6.10817528E+02	4.17394831E+02	3.97629148E+02	1.73618426E+02	1.36424713E+02	1.11455325E+02	1.46419313E+02	1.42436373E+02	6.05403170E+01	5.92622165E+01
8.07616012E+04	1.44326793E+04	1.38047857E+04	1.19883201E+04	3.51136094E+03	3.23303158E+03	2.82654181E+03	2.36980523E+03	2.28363892E+03	8.46707371E+02	7.28801332E+02	6.28856010E+02	4.35592057E+02	4.15441384E+02	1.90016548E+02	1.49574608E+02	1.27594009E+02	1.64545999E+02	1.60237526E+02	7.46184940E+01	7.71534193E+01
8.07814571E+04	1.44524866E+04	1.38245844E+04	1.20082725E+04	3.53094292E+03	3.25262900E+03	2.84623491E+03	2.38918355E+03	2.30342529E+03	8.65916418E+02	7.47969775E+02	6.48332643E+02	4.54329850E+02	4.35169999E+02	2.07080251E+02	1.67792108E+02	1.44839202E+02	1.83715554E+02	1.79862160E+02	9.51758986E+01	9.42753050E+01
8.08018254E+04	1.44732706E+04	1.38453252E+04	1.20290212E+04	3.55128356E+03	3.27293897E+03	2.86657665E+03	2.40999879E+03	2.32386997E+03	8.86231577E+02	7.68352313E+02	6.68517528E+02	4.74815836E+02	4.55284558E+02	2.27010519E+02	1.84604784E+02	1.64410863E+02	2.05018405E+02	1.99867099E+02	1.11809059E+02
8.08238345E+04	1.44952222E+04	1.38671900E+04	1.20510638E+04	3.57286996E+03	3.29454235E+03	2.88804935E+03	2.43118572E+03	2.34541293E+03	9.07349553E+02	7.89265093E+02	6.89382116E+02	4.95274684E+02	4.76018829E+02	2.46654760E+02	2.01371707E+02	1.82902048E+02	2.25428862E+02	2.20451222E+02	1.29675675E+02
8.08467747E+04	1.45183008E+04	1.38900816E+04	1.20741067E+04	3.59542981E+03	3.31704177E+03	2.91061731E+03	2.45366123E+03	2.36813310E+03	9.29538269E+02	8.11117925E+02	7.11453376E+02	5.17019032E+02	4.98187562E+02	2.67469267E+02	2.26498485E+02	2.02122920E+02	2.46490936E+02	2.42589874E+02	1.48868701E+02
8.08707338E+04	1.45423441E+04	1.39140681E+04	1.20979134E+04	3.61889048E+03	3.34050101E+03	2.93356408E+03	2.47712344E+03	2.39123014E+03	9.52566786E+02	8.33973330E+02	7.33462276E+02	5.39766885E+02	5.20138982E+02	2.88885414E+02	2.44378505E+02	2.21613311E+02	2.69104440E+02	2.64493304E+02	1.67154390E+02
8.08956788E+04	1.45673490E+04	1.39391575E+04	1.21232269E+04	3.64322284E+03	3.36489517E+03	2.95852629E+03	2.50174905E+03	2.41619573E+03	9.76434536E+02	8.57837069E+02	7.58564230E+02	5.63876891E+02	5.45223363E+02	3.11139913E+02	2.66122211E+02	2.45368755E+02	2.93321231E+02	2.89393714E+02
8.09364838E+04	1.46096100E+04	1.39812179E+04	1.21650210E+04	3.68624340E+03	3.40854868E+03	3.00068247E+03	2.54349964E+03	2.45565763E+03	1.01515312E+03	8.97431647E+02	7.94912330E+02	5.97262458E+02	5.74480343E+02	3.39264880E+02	2.93432249E+02	2.70724659E+02	3.29180157E+02	3.25509522E+02
8.09787995E+04	1.46536133E+04	1.40250154E+04	1.22090447E+04	3.73099404E+03	3.45415232E+03	3.04444700E+03	2.58919616E+03	2.49878644E+03	1.05511834E+03	9.38658288E+02	8.32458831E+02	6.37312504E+02	6.09882040E+02	3.68154165E+02	3.21563721E+02	2.97606357E+02	3.67329444E+02	3.63877648E+02
8.10231070E+04	1.46994086E+04	1.40705288E+04	1.22548793E+04	3.77747870E+03	3.50149054E+03	3.08971595E+03	2.63741745E+03	2.54432204E+03	1.09632993E+03	9.81119426E+02	8.71398319E+02	6.71142497E+02	6.48135487E+02	3.97799378E+02	3.50470549E+02	3.25289931E+02	4.09438421E+02	4.06124669E+02
8.10688793E+04	1.47468772E+04	1.41177076E+04	1.23020153E+04	3.82569008E+03	3.55049525E+03	3.13687181E+03	2.68638520E+03	2.59159956E+03	1.13882007E+03	1.02478434E+03	9.11942504E+02	7.14192843E+02	6.88040728E+02	4.28205739E+02	3.80155596E+02	3.53146283E+02	4.53256441E+02	4.50429975E+02
8.11163140E+04	1.47960995E+04	1.41666077E+04	1.23509568E+04	3.87550411E+03	3.60096539E+03	3.18610497E+03	2.73613172E+03	2.64092544E+03	1.18231613E+03	1.06911849E+03	9.54112500E+02	7.50636536E+02	7.29562812E+02	4.59287096E+02	4.10556526E+02	3.81815071E+02	4.93373042E+02	4.95190017E+02
8.11655050E+04	1.48471460E+04	1.42172975E+04	1.24019240E+04	3.92687722E+03	3.65262190E+03	3.23781068E+03	2.78664612E+03	2.69302869E+03	1.22673190E+03	1.11384788E+03	9.98168726E+02	8.02815110E+02	7.73427294E+02	4.91004275E+02	4.41487498E+02	4.11505581E+02	5.36290890E+02	5.45313676E+02
8.12164241E+04	1.48999895E+04	1.42696539E+04	1.24550588E+04	3.97985259E+03	3.70539584E+03	3.29243872E+03	2.83810313E+03	2.74874043E+03	1.27213494E+03	1.15907491E+03	1.04446733E+03	8.50317362E+02	8.20403653E+02	5.23381465E+02	4.72800306E+02	4.42482083E+02	5.96698498E+02	5.93733167E+02
8.12676262E+04	1.49534561E+04	1.43225663E+04	1.25083481E+04	4.03674557E+03	3.76324849E+03	3.35011074E+03	2.89536351E+03	2.80552578E+03	1.32299559E+03	1.21051156E+03	1.09489095E+03	8.85513560E+02	8.69249627E+02	5.57797970E+02	5.06245332E+02	4.74564375E+02	6.40308522E+02
8.13215700E+04	1.50096210E+04	1.43782249E+04	1.25638934E+04	4.09380392E+03	3.81894792E+03	3.40555437E+03	2.95154262E+03	2.86114388E+03	1.37237130E+03	1.25761183E+03	1.14119251E+03	9.33899627E+02	9.14696864E+02	5.91480129E+02	5.38854737E+02	5.05675094E+02	6.87037153E+02
8.13769546E+04	1.50672705E+04	1.44353787E+04	1.26216939E+04	4.15301065E+03	3.87658850E+03	3.46460844E+03	3.00921054E+03	2.92023890E+03	1.42343311E+03	1.30609577E+03	1.19057920E+03	9.85631687E+02	9.63740431E+02	6.26281877E+02	5.72389305E+02	5.38572808E+02	7.38075913E+02
8.14338081E+04	1.51263714E+04	1.44940489E+04	1.26805987E+04	4.21398002E+03	3.93605823E+03	3.52432558E+03	3.06806490E+03	2.98146289E+03	1.47578808E+03	1.35585056E+03	1.23981271E+03	1.03639825E+03	1.01386932E+03	6.61827912E+02	6.06730325E+02	5.71625421E+02	7.91319687E+02
8.14922887E+04	1.51871633E+04	1.45543874E+04	1.27410564E+04	4.27645040E+03	3.99741306E+03	3.58441113E+03	3.12932658E+03	3.04136777E+03	1.52900253E+03	1.40701575E+03	1.28927011E+03	1.08774947E+03	1.06210231E+03	6.97977595E+02	6.41863412E+02	6.04732130E+02	8.42415126E+02
8.15523232E+04	1.52495875E+04	1.46163390E+04	1.28031874E+04	4.34033355E+03	4.06091128E+03	3.64761498E+03	3.19297857E+03	3.10224321E+03	1.58302448E+03	1.46010790E+03	1.34133044E+03	1.14066334E+03	1.11110783E+03	7.34707575E+02	6.77789510E+02	6.39079310E+02	8.92735513E+02
8.16138876E+04	1.53136052E+04	1.46798723E+04	1.28677496E+04	4.40592332E+03	4.12663247E+03	3.71754726E+03	3.26025609E+03	3.17461587E+03	1.63826982E+03	1.51522720E+03	1.39962840E+03	1.19592815E+03	1.17289679E+03	7.72129225E+02	7.14481839E+02	6.76393727E+02
8.16555222E+04	1.53538015E+04	1.47206112E+04	1.29071479E+04	4.44399659E+03	4.16508826E+03	3.75471768E+03	3.29822085E+03	3.21289096E+03	1.67311519E+03	1.55064124E+03	1.43283451E+03	1.22993351E+03	1.20748768E+03	7.96392178E+02	7.42258542E+02	7.04741492E+02
8.16981035E+04	1.53947293E+04	1.47620323E+04	1.29481461E+04	4.48279351E+03	4.20424933E+03	3.79330718E+03	3.33789520E+03	3.25188984E+03	1.70875805E+03	1.58682108E+03	1.46795199E+03	1.26623588E+03	1.24295565E+03	8.22715856E+02	7.71877834E+02	7.36146555E+02
8.17416730E+04	1.54364007E+04	1.48041079E+04	1.29898338E+04	4.52234308E+03	4.24403076E+03	3.83262131E+03	3.37671499E+03	3.29135161E+03	1.74526082E+03	1.62359734E+03	1.50401856E+03	1.30088058E+03	1.27859319E+03	8.51391061E+02	8.02410481E+02	7.65385198E+02
8.17862476E+04	1.54788417E+04	1.48468541E+04	1.30326930E+04	4.56270859E+03	4.28452066E+03	3.87320039E+03	3.41856415E+03	3.33227187E+03	1.78276963E+03	1.66113461E+03	1.54154870E+03	1.34036977E+03	1.31630004E+03	8.83460106E+02	8.34393511E+02
8.18337662E+04	1.55235153E+04	1.48905284E+04	1.30775261E+04	4.60465396E+03	4.32527929E+03	3.91517334E+03	3.46062323E+03	3.37467274E+03	1.82087739E+03	1.69701863E+03	1.57952815E+03	1.37803507E+03	1.35448144E+03	9.10878134E+02	8.67341786E+02
8.18825653E+04	1.55689581E+04	1.49367316E+04	1.31231484E+04	4.64769905E+03	4.36860475E+03	3.95818026E+03	3.50401825E+03	3.41795362E+03	1.86058084E+03	1.73672832E+03	1.61900038E+03	1.41750817E+03	1.39388075E+03	9.44645563E+02
8.19297541E+04	1.56136870E+04	1.49827458E+04	1.31687934E+04	4.68979398E+03	4.41189082E+03	4.00118354E+03	3.54771417E+03	3.46153304E+03	1.89793908E+03	1.77586719E+03	1.65764314E+03	1.45673479E+03	1.43294055E+03	9.79032778E+02
8.19793822E+04	1.56604104E+04	1.50296852E+04	1.32155771E+04	4.73416144E+03	4.45640572E+03	4.04544345E+03	3.59233462E+03	3.50610216E+03	1.93883641E+03	1.81678036E+03	1.69809906E+03	1.49729009E+03	1.47337858E+03
8.20542791E+04	1.57335667E+04	1.51046554E+04	1.32867162E+04	4.80180854E+03	4.52494149E+03	4.11170873E+03	3.65955020E+03	3.56763478E+03	1.99130054E+03	1.87203330E+03	1.74139860E+03	1.54942720E+03	1.52636045E+03
8.21304863E+04	1.58081507E+04	1.51809993E+04	1.33605621E+04	4.87046674E+03	4.59454686E+03	4.18036817E+03	3.73120785E+03	3.63758342E+03	2.04492879E+03	1.92956310E+03	1.79060506E+03	1.60575651E+03	1.58286547E+03
8.22079702E+04	1.58843033E+04	1.52585664E+04	1.34366710E+04	4.94019817E+03	4.66512473E+03	4.24911587E+03	3.80490017E+03	3.70793582E+03	2.10009478E+03	1.98855417E+03	1.84391445E+03	1.66417845E+03	1.64281517E+03
8.22867762E+04	1.59620177E+04	1.53373765E+04	1.35146422E+04	5.01100296E+03	4.73669136E+03	4.31882364E+03	3.87641818E+03	3.77887421E+03	2.15659659E+03	2.04876296E+03	1.89951385E+03	1.71972709E+03	1.70042466E+03
8.23668899E+04	1.60414161E+04	1.54173938E+04	1.35945842E+04	5.08293043E+03	4.80919989E+03	4.39045264E+03	3.95104109E+03	3.85151878E+03	2.21474679E+03	2.10958384E+03	1.95715387E+03	1.77881603E+03	1.75722922E+03
8.24481725E+04	1.61231870E+04	1.54989731E+04	1.36772558E+04	5.15629968E+03	4.88281624E+03	4.46457185E+03	4.03219330E+03	3.92836991E+03	2.27680412E+03	2.17361156E+03	2.01911523E+03	1.84386857E+03
8.25320683E+04	1.62049436E+04	1.55795498E+04	1.37592819E+04	5.23004336E+03	4.95659534E+03	4.53619016E+03	4.09313684E+03	4.00136029E+03	2.33413434E+03	2.21987389E+03	2.07535820E+03	1.90236124E+03
8.26173851E+04	1.62890054E+04	1.56625748E+04	1.38446781E+04	5.30531886E+03	5.03185528E+03	4.61196052E+03	4.16888559E+03	4.07898072E+03	2.39494359E+03	2.27141584E+03	2.13469540E+03	1.96591506E+03
8.27041949E+04	1.63744661E+04	1.57481288E+04	1.39281508E+04	5.38163095E+03	5.10865624E+03	4.68441466E+03	4.24582140E+03	4.15415929E+03	2.45703222E+03	2.32890976E+03	2.19106274E+03	2.02500304E+03
8.27924925E+04	1.64615020E+04	1.58362930E+04	1.40180540E+04	5.45909016E+03	5.18699867E+03	4.76651901E+03	4.32645933E+03	4.23748579E+03	2.52124121E+03	2.39328015E+03	2.26013993E+03
8.28823575E+04	1.65450686E+04	1.59220431E+04	1.40987984E+04	5.53269184E+03	5.26236111E+03	4.83598169E+03	4.40054987E+03	4.31246788E+03	2.57052002E+03	2.45070407E+03	2.31846161E+03
8.29741891E+04	1.66299004E+04	1.60088439E+04	1.41840015E+04	5.60772897E+03	5.33905823E+03	4.91056111E+03	4.47872499E+03	4.38852734E+03	2.62430661E+03	2.51137995E+03	2.38262908E+03
8.30680695E+04	1.67160285E+04	1.60966266E+04	1.42702395E+04	5.68428498E+03	5.41676688E+03	4.98622250E+03	4.55365633E+03	4.46517395E+03	2.68308008E+03	2.57381002E+03	2.44214856E+03
8.31640415E+04	1.68035184E+04	1.61854508E+04	1.43592619E+04	5.76250418E+03	5.49579864E+03	5.06512277E+03	4.63725602E+03	4.54570780E+03	2.74776974E+03	2.63914022E+03
8.32670534E+04	1.68955430E+04	1.62741819E+04	1.44519493E+04	5.84250615E+03	5.57062965E+03	5.14530101E+03	4.71827219E+03	4.62794356E+03	2.80210087E+03	2.70676653E+03
8.33729762E+04	1.69888505E+04	1.63703753E+04	1.45459688E+04	5.92531149E+03	5.65461005E+03	5.22796715E+03	4.80290259E+03	4.71201033E+03	2.86988897E+03
8.34698209E+04	1.70762898E+04	1.64624380E+04	1.46366177E+04	6.00060996E+03	5.73492242E+03	5.30702359E+03	4.88509112E+03	4.79371639E+03	2.93784634E+03
8.35735008E+04	1.71693072E+04	1.65564375E+04	1.47299163E+04	6.08359976E+03	5.81862484E+03	5.38962491E+03	4.96943240E+03	4.87781223E+03
8.37492535E+04	1.73350863E+04	1.67303525E+04	1.48869425E+04	6.20732501E+03	5.95103923E+03	5.49802983E+03	5.10107881E+03	5.01103696E+03
8.39277419E+04	1.75042705E+04	1.69072725E+04	1.50530502E+04	6.33378647E+03	6.08727849E+03	5.61761044E+03	5.24400050E+03	5.15328880E+03
8.41089305E+04	1.76774308E+04	1.70867381E+04	1.52259548E+04	6.46364708E+03	6.22610912E+03	5.74467605E+03	5.39284419E+03	5.30502054E+03
8.42928950E+04	1.78545895E+04	1.72687976E+04	1.54038395E+04	6.59678575E+03	6.36740063E+03	5.87621042E+03	5.53219995E+03	5.44996201E+03
8.44796202E+04	1.80361020E+04	1.74533877E+04	1.55871060E+04	6.73358511E+03	6.51076565E+03	6.01225512E+03	5.68023512E+03	5.59132780E+03
8.46688353E+04	1.82233861E+04	1.76413275E+04	1.57788190E+04	6.87576996E+03	6.65815188E+03	6.15665498E+03	5.84419947E+03
8.48648470E+04	1.84080141E+04	1.78210576E+04	1.59639457E+04	7.00905495E+03	6.77675805E+03	6.28906315E+03	5.99191458E+03
8.50642065E+04	1.85987390E+04	1.80083754E+04	1.61601087E+04	7.14902546E+03	6.90654882E+03	6.42935535E+03	6.15399593E+03
8.52671705E+04	1.87927783E+04	1.82035146E+04	1.63473865E+04	7.29193925E+03	7.04774870E+03	6.56184205E+03	6.30388224E+03
8.54734945E+04	1.89909826E+04	1.84067736E+04	1.65574618E+04	7.43922618E+03	7.20079270E+03	6.72130916E+03
8.56747604E+04	1.91649923E+04	1.85900335E+04	1.67193699E+04	7.54833705E+03	7.33110646E+03	6.85196475E+03
8.58811508E+04	1.93419850E+04	1.87754688E+04	1.68983586E+04	7.66755134E+03	7.46775635E+03	6.99516390E+03
8.60929383E+04	1.95220611E+04	1.89627779E+04	1.70792035E+04	7.79759754E+03	7.60815094E+03	7.12801110E+03
8.63102443E+04	1.97053908E+04	1.91522060E+04	1.72684865E+04	7.93950464E+03	7.75470576E+03
8.65476735E+04	1.98982491E+04	1.93308142E+04	1.74644511E+04	8.05988086E+03	7.90890553E+03
8.67936038E+04	2.00943196E+04	1.95386581E+04	1.76636470E+04	8.20861607E+03
8.70007707E+04	2.02625265E+04	1.97259916E+04	1.78453470E+04	8.35439356E+03
8.72302945E+04	2.04512497E+04	1.99190906E+04	1.80354274E+04
8.77069490E+04	2.07422190E+04	2.02895776E+04	1.83915280E+04
8.82005781E+04	2.10582218E+04	2.06727488E+04	1.87855204E+04
8.87122015E+04	2.14006031E+04	2.10643776E+04	1.91485046E+04
8.92422573E+04	2.17708876E+04	2.14683621E+04
8.98449834E+04	2.21044400E+04	2.19224361E+04
9.04818415E+04	2.24951886E+04
9.09422098E+04	2.28652215E+04
9.14950434E+04
9.32437560E+04
