8.79564991E+04	1.58603479E+04	1.51920302E+04	1.30260071E+04	3.85875341E+03	3.56120799E+03	3.07173462E+03	2.58742086E+03	2.48529043E+03	9.02697404E+02	7.74288444E+02	6.52380368E+02	4.42797330E+02	4.19901962E+02	1.59233739E+02	1.14203419E+02	9.05906044E+01	1.45493283E+02	1.40391624E+02	2.67462093E+01	2.32229073E+01	1.31911382E+01	7.25921349E+00
8.79655906E+04	1.58693769E+04	1.52010092E+04	1.30350337E+04	3.86769323E+03	3.57008737E+03	3.08067694E+03	2.59636940E+03	2.49425347E+03	9.11573993E+02	7.83074737E+02	6.61256893E+02	4.51662876E+02	4.28793997E+02	1.68052555E+02	1.22775668E+02	9.93785893E+01	1.54381938E+02	1.49296714E+02	3.46985663E+01	3.18996363E+01	2.08499102E+01	1.49310670E+01
8.79760344E+04	1.58796938E+04	1.52113261E+04	1.30453357E+04	3.87798377E+03	3.58037527E+03	3.09097046E+03	2.60664606E+03	2.50452971E+03	9.21826387E+02	7.93327314E+02	6.71505358E+02	4.61906740E+02	4.39044028E+02	1.78287282E+02	1.32995373E+02	1.09659547E+02	1.64613400E+02	1.59537522E+02	4.50056093E+01	4.21417784E+01	3.02651188E+01
8.79885329E+04	1.58920477E+04	1.52237364E+04	1.30577366E+04	3.89023109E+03	3.59270218E+03	3.10328951E+03	2.61899169E+03	2.51687301E+03	9.33934789E+02	8.05578316E+02	6.83739223E+02	4.74180072E+02	4.51313130E+02	1.89951661E+02	1.44986034E+02	1.21514934E+02	1.76889852E+02	1.71812104E+02	5.65142868E+01	5.35737689E+01	4.11000106E+01
8.80019040E+04	1.59052572E+04	1.52369675E+04	1.30709499E+04	3.90339016E+03	3.60586090E+03	3.11644552E+03	2.63214261E+03	2.53002507E+03	9.47081710E+02	8.18730276E+02	6.96872962E+02	4.87327841E+02	4.64458870E+02	2.03000149E+02	1.58027284E+02	1.34502119E+02	1.90017322E+02	1.84938846E+02	6.92810091E+01	6.63104281E+01
8.80214996E+04	1.59248495E+04	1.52567031E+04	1.30903256E+04	3.92289403E+03	3.62541711E+03	3.13578576E+03	2.65145384E+03	2.54887762E+03	9.66258483E+02	8.38030980E+02	7.15791264E+02	5.05997521E+02	4.82198809E+02	2.20418946E+02	1.75851068E+02	1.48342862E+02	2.08592068E+02	2.03321221E+02	8.49777910E+01	8.22034363E+01
8.80422313E+04	1.59455623E+04	1.52775795E+04	1.31109239E+04	3.94343638E+03	3.64603531E+03	3.15643337E+03	2.67229518E+03	2.56956558E+03	9.86429924E+02	8.58380420E+02	7.36042486E+02	5.26610234E+02	5.02525046E+02	2.38610336E+02	1.95408328E+02	1.64398150E+02	2.28812963E+02	2.23574602E+02	1.02547541E+02	9.98760757E+01
8.80639887E+04	1.59673505E+04	1.52995138E+04	1.31326860E+04	3.96497388E+03	3.66764143E+03	3.17784250E+03	2.69402010E+03	2.59102940E+03	1.00754829E+03	8.79661443E+02	7.56880640E+02	5.48078782E+02	5.23549927E+02	2.57600324E+02	2.15595945E+02	1.82313868E+02	2.49802701E+02	2.44484605E+02	1.21052323E+02	1.18855889E+02
8.80868424E+04	1.59901855E+04	1.53224733E+04	1.31555726E+04	3.98750332E+03	3.69024336E+03	3.20027979E+03	2.71653364E+03	2.61350730E+03	1.02957773E+03	9.01835460E+02	7.78740279E+02	5.70043808E+02	5.45169606E+02	2.77161494E+02	2.29429965E+02	2.01489614E+02	2.71649555E+02	2.66028903E+02	1.41990049E+02	1.37511974E+02
8.81108144E+04	1.60140799E+04	1.53463967E+04	1.31796377E+04	4.01100666E+03	3.71378825E+03	3.22389079E+03	2.73987046E+03	2.63725187E+03	1.05248138E+03	9.24730705E+02	8.01879297E+02	5.92488905E+02	5.68512190E+02	2.97183887E+02	2.57017301E+02	2.21636072E+02	2.94346541E+02	2.89300535E+02	1.60429690E+02	1.58239416E+02
8.81351718E+04	1.60389711E+04	1.53711719E+04	1.32044879E+04	4.03524594E+03	3.73797715E+03	3.24815363E+03	2.76469585E+03	2.66167102E+03	1.07652955E+03	9.48756694E+02	8.25779868E+02	6.17207804E+02	5.92365343E+02	3.20471746E+02	2.79716845E+02	2.44427718E+02	3.19729361E+02	3.13060482E+02	1.81547523E+02
8.81612013E+04	1.60648751E+04	1.53969778E+04	1.32305118E+04	4.06059635E+03	3.76334506E+03	3.27331132E+03	2.78948282E+03	2.68692908E+03	1.10110404E+03	9.73071305E+02	8.49965188E+02	6.40272972E+02	6.16380988E+02	3.42703470E+02	2.99187490E+02	2.65420283E+02	3.42972784E+02	3.36947476E+02	2.02073449E+02
8.81880794E+04	1.60918659E+04	1.54237475E+04	1.32575315E+04	4.08686351E+03	3.78954749E+03	3.29965224E+03	2.81567120E+03	2.71347585E+03	1.12673324E+03	9.98296696E+02	8.75564879E+02	6.65324264E+02	6.42014754E+02	3.66268571E+02	3.18723923E+02	2.87322193E+02	3.67821412E+02	3.62565001E+02	2.24194430E+02
8.82159341E+04	1.61197732E+04	1.54516023E+04	1.32851268E+04	4.11397036E+03	3.81666838E+03	3.32608787E+03	2.84278092E+03	2.74013277E+03	1.15312526E+03	1.02449262E+03	9.00646710E+02	6.91335845E+02	6.67156562E+02	3.90390290E+02	3.39440320E+02	3.09148859E+02	3.93677741E+02	3.87715734E+02	2.45066041E+02
8.82446974E+04	1.61485775E+04	1.54805315E+04	1.33143165E+04	4.14188674E+03	3.84467170E+03	3.35477931E+03	2.87107272E+03	2.76883354E+03	1.18030949E+03	1.05167459E+03	9.29280908E+02	7.18758908E+02	6.95718835E+02	4.15383794E+02	3.63928375E+02	3.35819920E+02	4.21201037E+02	4.16043318E+02
8.82911151E+04	1.61966088E+04	1.55283440E+04	1.33618503E+04	4.19058650E+03	3.89410647E+03	3.40255126E+03	2.91843381E+03	2.81351843E+03	1.22357431E+03	1.09590766E+03	9.69868717E+02	7.57191310E+02	7.28787347E+02	4.46636237E+02	3.94425323E+02	3.64074480E+02	4.61637533E+02	4.56788712E+02
8.83391598E+04	1.62463479E+04	1.55778298E+04	1.34116042E+04	4.24094292E+03	3.94543087E+03	3.45162443E+03	2.97002267E+03	2.86202298E+03	1.26800852E+03	1.14172530E+03	1.01158722E+03	7.97981745E+02	7.68285028E+02	4.78613711E+02	4.25710106E+02	3.93902502E+02	5.04402075E+02	4.99806860E+02
8.83887858E+04	1.62977484E+04	1.56289467E+04	1.34630840E+04	4.29295536E+03	3.99841220E+03	3.50225856E+03	3.02415408E+03	2.91300081E+03	1.31363191E+03	1.18873175E+03	1.05465300E+03	8.48462591E+02	8.10678895E+02	5.11316877E+02	4.57736761E+02	4.24576091E+02	5.51332153E+02	5.46871810E+02
8.84399465E+04	1.63507903E+04	1.56816729E+04	1.35157793E+04	4.34666220E+03	4.05301112E+03	3.55476826E+03	3.07904687E+03	2.96570239E+03	1.36051715E+03	1.23693321E+03	1.09930489E+03	8.91218550E+02	8.54710829E+02	5.44760998E+02	4.90500675E+02	4.55270553E+02	6.00033819E+02	5.96155387E+02
8.84927784E+04	1.64055479E+04	1.57360798E+04	1.35702510E+04	4.40192015E+03	4.10906764E+03	3.60933877E+03	3.13413037E+03	3.02043492E+03	1.40835425E+03	1.28579885E+03	1.14554198E+03	9.24565394E+02	9.00333671E+02	5.78860457E+02	5.23995528E+02	4.86755336E+02	6.46733291E+02	6.43884747E+02
8.85473283E+04	1.64620903E+04	1.57922370E+04	1.36267219E+04	4.45865154E+03	4.16619762E+03	3.66636098E+03	3.18989737E+03	3.07794822E+03	1.45700306E+03	1.33489100E+03	1.19362320E+03	9.81859074E+02	9.48279510E+02	6.13557161E+02	5.58012605E+02	5.19248398E+02	6.91443089E+02	6.98536177E+02
8.86036152E+04	1.65204349E+04	1.58500525E+04	1.36854106E+04	4.51692082E+03	4.22428364E+03	3.72635311E+03	3.24629086E+03	3.13917075E+03	1.50655165E+03	1.38410520E+03	1.24395024E+03	1.03005309E+03	9.99390892E+02	6.48880340E+02	5.92346845E+02	5.53042262E+02	7.53804226E+02	7.51548194E+02
8.86600282E+04	1.65792635E+04	1.59082602E+04	1.37441077E+04	4.57966729E+03	4.28819996E+03	3.78970926E+03	3.30995621E+03	3.20163580E+03	1.56233014E+03	1.44093882E+03	1.29891661E+03	1.07205123E+03	1.05290079E+03	6.86439906E+02	6.28653128E+02	5.88045673E+02	8.05589729E+02
8.87193198E+04	1.66409531E+04	1.59693827E+04	1.38050854E+04	4.64179059E+03	4.34859586E+03	3.85014976E+03	3.37094005E+03	3.26237149E+03	1.61547643E+03	1.49143411E+03	1.34881106E+03	1.12457415E+03	1.10215505E+03	7.22907593E+02	6.64311486E+02	6.21742675E+02	8.56466324E+02
8.87798703E+04	1.67040182E+04	1.60319876E+04	1.38684267E+04	4.70621009E+03	4.41121707E+03	3.91444183E+03	3.43310894E+03	3.32676659E+03	1.67051739E+03	1.54353186E+03	1.40197316E+03	1.17745870E+03	1.15493275E+03	7.60563851E+02	7.00808291E+02	6.57419501E+02	9.11927880E+02
8.88422286E+04	1.67685930E+04	1.60960727E+04	1.39327876E+04	4.77246460E+03	4.47581199E+03	3.97951605E+03	3.49708434E+03	3.39354107E+03	1.72696144E+03	1.59720247E+03	1.45518422E+03	1.23565826E+03	1.20924439E+03	7.98997056E+02	7.38086537E+02	6.93290477E+02	9.69931399E+02
8.89059982E+04	1.68347995E+04	1.61617978E+04	1.39986565E+04	4.84017869E+03	4.54237434E+03	4.04458149E+03	3.56355328E+03	3.45866769E+03	1.78424069E+03	1.65245052E+03	1.50830649E+03	1.29174005E+03	1.26129828E+03	8.38029181E+02	7.76159914E+02	7.29029771E+02	1.02543192E+03
8.89713324E+04	1.69026345E+04	1.62291279E+04	1.40662509E+04	4.90927908E+03	4.61112959E+03	4.11289005E+03	3.63247719E+03	3.52446985E+03	1.84231351E+03	1.70969067E+03	1.56411741E+03	1.34901742E+03	1.31385180E+03	8.77635367E+02	8.15031065E+02	7.66032177E+02	1.07991245E+03
8.90381713E+04	1.69720426E+04	1.62980197E+04	1.41362622E+04	4.98010150E+03	4.68214148E+03	4.18837408E+03	3.70520955E+03	3.60268554E+03	1.90165403E+03	1.76899658E+03	1.62655270E+03	1.40850288E+03	1.38014018E+03	9.17937370E+02	8.54673060E+02	8.06198870E+02
8.90832479E+04	1.70154735E+04	1.63420826E+04	1.41787901E+04	5.02109921E+03	4.72357795E+03	4.22837208E+03	3.74610244E+03	3.64390695E+03	1.93904743E+03	1.80702602E+03	1.66216891E+03	1.44502593E+03	1.41729655E+03	9.44008417E+02	8.84541307E+02	8.36618986E+02
8.91293072E+04	1.70596509E+04	1.63868220E+04	1.42230313E+04	5.06283566E+03	4.76572389E+03	4.26988510E+03	3.78880368E+03	3.68586742E+03	1.97727463E+03	1.84583711E+03	1.69984321E+03	1.48397736E+03	1.45533837E+03	9.72345931E+02	9.16322916E+02	8.70288742E+02
8.91763825E+04	1.71045698E+04	1.64322013E+04	1.42679477E+04	5.10533912E+03	4.80848981E+03	4.31208756E+03	3.83050749E+03	3.72825697E+03	2.01639314E+03	1.88525095E+03	1.73841267E+03	1.52109333E+03	1.49350804E+03	1.00324955E+03	9.49053117E+02	9.01549337E+02
8.92244926E+04	1.71502691E+04	1.64782444E+04	1.43141001E+04	5.14866971E+03	4.85196912E+03	4.35563869E+03	3.87546412E+03	3.77219840E+03	2.05653341E+03	1.92543845E+03	1.77857668E+03	1.56343847E+03	1.53389153E+03	1.03758272E+03	9.83327955E+02
8.92759972E+04	1.71985339E+04	1.65253803E+04	1.43625054E+04	5.19381440E+03	4.89581488E+03	4.40078916E+03	3.92072881E+03	3.81782860E+03	2.09740957E+03	1.96394075E+03	1.81928966E+03	1.60381292E+03	1.57484751E+03	1.06670457E+03	1.01873394E+03
8.93288955E+04	1.72475279E+04	1.65752697E+04	1.44116730E+04	5.24008267E+03	4.94241747E+03	4.44698298E+03	3.96738731E+03	3.86433604E+03	2.13996056E+03	2.00653054E+03	1.86152558E+03	1.64611534E+03	1.61704119E+03	1.10286415E+03
8.93797053E+04	1.72955589E+04	1.66247619E+04	1.44607056E+04	5.28516677E+03	4.98882146E+03	4.49303739E+03	4.01422010E+03	3.91102692E+03	2.17986646E+03	2.04838267E+03	1.90278794E+03	1.68805819E+03	1.65878817E+03	1.13961588E+03
8.94332006E+04	1.73457424E+04	1.66751860E+04	1.45109301E+04	5.33267915E+03	5.03650414E+03	4.54040722E+03	4.06200294E+03	3.95874674E+03	2.22355030E+03	2.09210232E+03	1.94596664E+03	1.73138597E+03	1.70197882E+03
8.95132973E+04	1.74239091E+04	1.67553405E+04	1.45868911E+04	5.40477555E+03	5.10959315E+03	4.61098439E+03	4.13361254E+03	4.02430374E+03	2.27935484E+03	2.15090547E+03	1.99203549E+03	1.78689268E+03	1.75838254E+03
8.95947077E+04	1.75035425E+04	1.68368636E+04	1.46657170E+04	5.47789386E+03	5.18375020E+03	4.68397528E+03	4.20984597E+03	4.09873551E+03	2.33641873E+03	2.21196452E+03	2.04441058E+03	1.84681091E+03	1.81842456E+03
8.96774053E+04	1.75847903E+04	1.69196126E+04	1.47468842E+04	5.55209891E+03	5.25887842E+03	4.75710970E+03	4.28821296E+03	4.17362910E+03	2.39512763E+03	2.27447111E+03	2.10105806E+03	1.90898655E+03	1.88216196E+03
8.97614355E+04	1.76676657E+04	1.70036166E+04	1.48299631E+04	5.62740061E+03	5.33500023E+03	4.83114677E+03	4.36403488E+03	4.24901969E+03	2.45532932E+03	2.33826082E+03	2.16007318E+03	1.96788635E+03	1.94331126E+03
8.98467819E+04	1.77522797E+04	1.70888461E+04	1.49150662E+04	5.70384033E+03	5.41207203E+03	4.90714342E+03	4.44313985E+03	4.32599455E+03	2.51734922E+03	2.40291199E+03	2.22122034E+03	2.03047569E+03	2.00335931E+03
8.99333375E+04	1.78391872E+04	1.71755743E+04	1.50030063E+04	5.78167444E+03	5.49023150E+03	4.98578352E+03	4.52848506E+03	4.40774908E+03	2.58292185E+03	2.47030228E+03	2.28671117E+03	2.09958896E+03
9.00227107E+04	1.79262631E+04	1.72614216E+04	1.50902587E+04	5.86000866E+03	5.56860984E+03	5.06168583E+03	4.59453951E+03	4.48515938E+03	2.64352202E+03	2.51969656E+03	2.34617960E+03	2.16156344E+03
9.01135545E+04	1.80156321E+04	1.73498031E+04	1.51811423E+04	5.93986613E+03	5.64851727E+03	5.14204554E+03	4.67495761E+03	4.56752542E+03	2.70776996E+03	2.57477938E+03	2.40890303E+03	2.22899744E+03
9.02059277E+04	1.81064255E+04	1.74407950E+04	1.52698260E+04	6.02077171E+03	5.73000627E+03	5.21878184E+03	4.75646507E+03	4.64725135E+03	2.77343359E+03	2.63608942E+03	2.46844110E+03	2.29164104E+03
9.02998245E+04	1.81988171E+04	1.75344727E+04	1.53652010E+04	6.10284110E+03	5.81307503E+03	5.30568434E+03	4.84193007E+03	4.73542041E+03	2.84140052E+03	2.70432041E+03	2.54141304E+03
9.03951267E+04	1.82872979E+04	1.76253646E+04	1.54505777E+04	6.18056823E+03	5.89273187E+03	5.37897729E+03	4.92019653E+03	4.81460950E+03	2.89351375E+03	2.76508143E+03	2.60295559E+03
9.04924551E+04	1.83770744E+04	1.77172868E+04	1.55406795E+04	6.25979533E+03	5.97374722E+03	5.45769616E+03	5.00274552E+03	4.89486165E+03	2.95044552E+03	2.82921060E+03	2.67063220E+03
9.05919172E+04	1.84681765E+04	1.78101862E+04	1.56318170E+04	6.34060355E+03	6.05578946E+03	5.53743172E+03	5.08181288E+03	4.97569484E+03	3.01265876E+03	2.89515166E+03	2.73333657E+03
9.06935452E+04	1.85606681E+04	1.79041066E+04	1.57258931E+04	6.42312256E+03	6.13918013E+03	5.62061639E+03	5.17001751E+03	5.06062744E+03	3.08096168E+03	2.96413115E+03
9.08033278E+04	1.86584517E+04	1.79982729E+04	1.58242414E+04	6.50785413E+03	6.21843442E+03	5.70542938E+03	5.25572591E+03	5.14764474E+03	3.13817418E+03	3.03577657E+03
9.09163977E+04	1.87574220E+04	1.81004897E+04	1.59238630E+04	6.59548339E+03	6.30739579E+03	5.79277913E+03	5.34526422E+03	5.23651011E+03	3.20983903E+03
9.10191188E+04	1.88499367E+04	1.81980882E+04	1.60197736E+04	6.67499834E+03	6.39231663E+03	5.87622276E+03	5.43208778E+03	5.32277081E+03	3.28160972E+03
9.11293211E+04	1.89484247E+04	1.82976188E+04	1.61184579E+04	6.76266841E+03	6.48076454E+03	5.96338419E+03	5.52113666E+03	5.41153387E+03
9.13141710E+04	1.91228386E+04	1.84806335E+04	1.62834776E+04	6.89292373E+03	6.62032937E+03	6.07734235E+03	5.65959055E+03	5.55153628E+03
9.15017988E+04	1.93008040E+04	1.86666432E+04	1.64580735E+04	7.02609311E+03	6.76374247E+03	6.20307271E+03	5.80985311E+03	5.70086697E+03
9.16921760E+04	1.94828837E+04	1.88552083E+04	1.66396848E+04	7.16282969E+03	6.90975851E+03	6.33651761E+03	5.96638906E+03	5.86022952E+03
9.18853700E+04	1.96691232E+04	1.90463776E+04	1.68264046E+04	7.30304562E+03	7.05827819E+03	6.47454467E+03	6.11259429E+03	6.01227160E+03
9.20813742E+04	1.98598405E+04	1.92401026E+04	1.70186810E+04	7.44707744E+03	7.20898267E+03	6.61722642E+03	6.26771053E+03	6.16021784E+03
9.22800591E+04	2.00562579E+04	1.94370917E+04	1.72197596E+04	7.59639525E+03	7.36363158E+03	6.76851564E+03	6.43969972E+03
9.24860224E+04	2.02505149E+04	1.96264573E+04	1.74141042E+04	7.73646805E+03	7.48872835E+03	6.90724235E+03	6.59465106E+03
9.26954840E+04	2.04507899E+04	1.98235823E+04	1.76202049E+04	7.88340134E+03	7.62553568E+03	7.05423633E+03	6.76482878E+03
9.29085583E+04	2.06544174E+04	2.00287057E+04	1.78167166E+04	8.03345308E+03	7.77424133E+03	7.19298250E+03	6.92208543E+03
9.31252752E+04	2.08622876E+04	2.02421104E+04	1.80366353E+04	8.18816612E+03	7.93520126E+03	7.35983695E+03
9.33364413E+04	2.10447991E+04	2.04345870E+04	1.82060544E+04	8.30266877E+03	8.07211174E+03	7.49658341E+03
9.35529534E+04	2.12304112E+04	2.06291681E+04	1.83934438E+04	8.42784822E+03	8.21553699E+03	7.64641842E+03
9.37750965E+04	2.14192167E+04	2.08256040E+04	1.85827102E+04	8.56440297E+03	8.36281901E+03	7.78532877E+03
9.40029516E+04	2.16113643E+04	2.10240816E+04	1.87808574E+04	8.71324981E+03	8.51648758E+03
9.42541927E+04	2.18149536E+04	2.12123104E+04	1.89871343E+04	8.83970817E+03	8.67897181E+03
9.45151517E+04	2.20214242E+04	2.14317377E+04	1.91964261E+04	8.99609858E+03
9.47334055E+04	2.21982091E+04	2.16291920E+04	1.93872918E+04	9.14931864E+03
9.49759540E+04	2.23968481E+04	2.18323966E+04	1.95869480E+04
9.54743445E+04	2.27018883E+04	2.22218658E+04	1.99587169E+04
9.59903774E+04	2.30333639E+04	2.26239474E+04	2.03702680E+04
9.65251032E+04	2.33925770E+04	2.30345471E+04	2.07489100E+04
9.70788552E+04	2.37809263E+04	2.34574890E+04
9.77173371E+04	2.41332342E+04	2.39381677E+04
9.83954418E+04	2.45445942E+04
9.88801744E+04	2.49344453E+04
9.94654209E+04
1.01320968E+05
