9.56680880E+04	1.74798025E+04	1.67697322E+04	1.41975077E+04	4.32079857E+03	4.00346538E+03	3.41658964E+03	2.90447543E+03	2.78340848E+03	1.04959186E+03	9.10743999E+02	7.61667052E+02	5.35946723E+02	5.08110324E+02	2.04716940E+02	1.53627568E+02	1.22530355E+02	2.10667360E+02	2.04200900E+02	4.69636195E+01	4.28823838E+01	2.33905479E+01	1.16535867E+01	8.10809807E+00
9.56777816E+04	1.74895377E+04	1.67794507E+04	1.42072050E+04	4.33040201E+03	4.01309314E+03	3.42616424E+03	2.91410978E+03	2.79299472E+03	1.05911374E+03	9.20316402E+02	7.71132093E+02	5.45583674E+02	5.17666604E+02	2.14133490E+02	1.63174032E+02	1.31791922E+02	2.20311425E+02	2.13814621E+02	5.63202641E+01	5.21467317E+01	3.09239621E+01	2.02446947E+01	1.69233775E+01
9.56885592E+04	1.75002492E+04	1.67901698E+04	1.42179028E+04	4.34106132E+03	4.02375977E+03	3.43682237E+03	2.92468608E+03	2.80363270E+03	1.06971641E+03	9.30946122E+02	7.81747469E+02	5.56026674E+02	5.28245251E+02	2.24584206E+02	1.73704443E+02	1.42306666E+02	2.30805881E+02	2.24379435E+02	6.64569347E+01	6.23633286E+01	3.92114370E+01	2.94740514E+01	2.58506398E+01
9.57001696E+04	1.75118113E+04	1.68017482E+04	1.42294740E+04	4.35259307E+03	4.03528940E+03	3.44836338E+03	2.93629098E+03	2.81516936E+03	1.08120145E+03	9.42425929E+02	7.93243109E+02	5.67702386E+02	5.39749302E+02	2.36033133E+02	1.85121200E+02	1.53706641E+02	2.42430487E+02	2.35887941E+02	7.76437526E+01	7.37152964E+01	4.98996731E+01	3.94129715E+01
9.57135305E+04	1.75249733E+04	1.68148237E+04	1.42426440E+04	4.36564043E+03	4.04821874E+03	3.46141358E+03	2.94931965E+03	2.82823039E+03	1.09414447E+03	9.55188754E+02	8.06185396E+02	5.80610978E+02	5.52716403E+02	2.48658417E+02	1.97282252E+02	1.66274369E+02	2.55375545E+02	2.48851022E+02	9.03244846E+01	8.60764993E+01	6.01682877E+01	5.03813975E+01
9.57278171E+04	1.75389901E+04	1.68288711E+04	1.42566538E+04	4.37957127E+03	4.06215498E+03	3.47533976E+03	2.96325705E+03	2.84216142E+03	1.10801717E+03	9.69061168E+02	8.20049510E+02	5.94462660E+02	5.66577422E+02	2.62338815E+02	2.10914857E+02	1.79945909E+02	2.69189479E+02	2.62693203E+02	1.03814260E+02	9.95779536E+01	7.24241504E+01
9.57436389E+04	1.75545796E+04	1.68445853E+04	1.42723482E+04	4.39500946E+03	4.07772833E+03	3.49090193E+03	2.97885117E+03	2.85775393E+03	1.12322340E+03	9.84475660E+02	8.35429486E+02	6.09903887E+02	5.82008183E+02	2.76760902E+02	2.25759648E+02	1.94575190E+02	2.84636171E+02	2.78135746E+02	1.18117958E+02	1.13779181E+02	8.57629652E+01
9.57603343E+04	1.75709888E+04	1.68610176E+04	1.42887493E+04	4.41130916E+03	4.09403698E+03	3.50719543E+03	2.99515667E+03	2.87405572E+03	1.13943940E+03	1.00069615E+03	8.51616965E+02	6.26095888E+02	5.98192814E+02	2.92645302E+02	2.41600349E+02	2.10300391E+02	3.00796558E+02	2.94292831E+02	1.33575127E+02	1.29186669E+02
9.57841854E+04	1.75947927E+04	1.68850320E+04	1.43122699E+04	4.43488314E+03	4.11769178E+03	3.53055956E+03	3.01849669E+03	2.89679138E+03	1.16245226E+03	1.02386082E+03	8.74297804E+02	6.48462488E+02	6.19365852E+02	3.13088407E+02	2.62658905E+02	2.26496166E+02	3.23070375E+02	3.16345332E+02	1.52182199E+02	1.48039276E+02
9.58087686E+04	1.76195350E+04	1.69100222E+04	1.43369094E+04	4.45934121E+03	4.14225564E+03	3.55512688E+03	3.04334071E+03	2.92143110E+03	1.18629763E+03	1.04791673E+03	8.98216015E+02	6.72795309E+02	6.43352792E+02	3.34193527E+02	2.85099445E+02	2.45137885E+02	3.46955301E+02	3.40271807E+02	1.72721307E+02	1.68685419E+02
9.58347856E+04	1.76453332E+04	1.69359706E+04	1.43626431E+04	4.48470187E+03	4.16770206E+03	3.58033125E+03	3.06897297E+03	2.94672731E+03	1.21098672E+03	1.07278395E+03	9.22537018E+02	6.97941528E+02	6.67915514E+02	3.56054713E+02	3.08407544E+02	2.65751125E+02	3.71631936E+02	3.64731948E+02	1.94197483E+02	1.90746852E+02
9.58615090E+04	1.76720418E+04	1.69628314E+04	1.43894014E+04	4.51093055E+03	4.19401933E+03	3.60642611E+03	3.09514187E+03	2.97289487E+03	1.23647614E+03	1.09843497E+03	9.47767286E+02	7.23200258E+02	6.92894304E+02	3.78450475E+02	3.31784977E+02	2.87613738E+02	3.96786444E+02	3.89605787E+02	2.15744303E+02	2.12328871E+02
9.58892488E+04	1.76997322E+04	1.69905844E+04	1.44172574E+04	4.53803747E+03	4.22118778E+03	3.63361125E+03	3.12215781E+03	3.00024129E+03	1.26276391E+03	1.12475683E+03	9.74188290E+02	7.49207959E+02	7.19458438E+02	4.01287498E+02	3.55236305E+02	3.10441625E+02	4.22540146E+02	4.16123046E+02	2.38555845E+02	2.35038007E+02
9.59174529E+04	1.77284823E+04	1.70191765E+04	1.44460188E+04	4.56591941E+03	4.24901691E+03	3.66156081E+03	3.15070634E+03	3.02841709E+03	1.29020533E+03	1.15209723E+03	1.00152766E+03	7.78076116E+02	7.46801058E+02	4.27488548E+02	3.82055189E+02	3.36061699E+02	4.52052681E+02	4.43419174E+02	2.63003399E+02
9.59473131E+04	1.77581755E+04	1.70487280E+04	1.44758187E+04	4.59484491E+03	4.27795448E+03	3.69019977E+03	3.17890923E+03	3.05718665E+03	1.31801960E+03	1.17959297E+03	1.02879468E+03	8.03164622E+02	7.73869701E+02	4.52089429E+02	4.02792580E+02	3.59389551E+02	4.78735787E+02	4.70399662E+02	2.86005296E+02
9.59779791E+04	1.77889300E+04	1.70792477E+04	1.45066893E+04	4.62465765E+03	4.30770713E+03	3.72016360E+03	3.20865367E+03	3.08737783E+03	1.34688417E+03	1.20800363E+03	1.05766657E+03	8.31337862E+02	8.02765743E+02	4.78204186E+02	4.23932605E+02	3.83846126E+02	5.06197308E+02	4.99311187E+02	3.10889875E+02
9.60095881E+04	1.78205516E+04	1.71108307E+04	1.45379185E+04	4.65525214E+03	4.33833192E+03	3.74991595E+03	3.23924620E+03	3.11746145E+03	1.37646533E+03	1.23737423E+03	1.08570267E+03	8.60439020E+02	8.30939305E+02	5.04890199E+02	4.47373301E+02	4.07848561E+02	5.35106017E+02	5.27562693E+02	3.34228497E+02
9.60421011E+04	1.78530548E+04	1.71435003E+04	1.45708818E+04	4.68663028E+03	4.36982655E+03	3.78220750E+03	3.27108560E+03	3.14977050E+03	1.40681867E+03	1.26773157E+03	1.11770359E+03	8.91029200E+02	8.62813158E+02	5.32516117E+02	4.74508767E+02	4.37310069E+02	5.65825422E+02	5.59180110E+02
9.60939590E+04	1.79066762E+04	1.71968876E+04	1.46239816E+04	4.74080221E+03	4.42483957E+03	3.83526204E+03	3.32384846E+03	3.19940767E+03	1.45444660E+03	1.31642927E+03	1.16234823E+03	9.34578999E+02	8.99559278E+02	5.66829758E+02	5.08127717E+02	4.68381559E+02	6.10666650E+02	6.04385867E+02
9.61473957E+04	1.79619518E+04	1.72518939E+04	1.46792960E+04	4.79657565E+03	4.48169408E+03	3.88955928E+03	3.38107510E+03	3.25316420E+03	1.50319530E+03	1.36668498E+03	1.20808240E+03	9.82990800E+02	9.43016726E+02	6.01843263E+02	5.42515165E+02	5.01077473E+02	6.57897284E+02	6.51902714E+02
9.62023714E+04	1.80188521E+04	1.73084933E+04	1.47362956E+04	4.85396389E+03	4.54015702E+03	3.94540301E+03	3.44086120E+03	3.30943014E+03	1.55310852E+03	1.41810547E+03	1.25514099E+03	1.03209698E+03	9.89427129E+02	6.37563689E+02	5.77620301E+02	5.34671682E+02	7.09508343E+02	7.03633702E+02
9.62588851E+04	1.80773612E+04	1.73666525E+04	1.47944401E+04	4.91304601E+03	4.60021120E+03	4.00313326E+03	3.50151775E+03	3.36742644E+03	1.60429700E+03	1.47072387E+03	1.30378691E+03	1.07538698E+03	1.03748058E+03	6.74015983E+02	6.13465311E+02	5.68152999E+02	7.63000953E+02	7.57790572E+02
9.63170002E+04	1.81375414E+04	1.74264455E+04	1.48543274E+04	4.97364884E+03	4.66172804E+03	4.06291409E+03	3.56186200E+03	3.42743745E+03	1.65642321E+03	1.52408528E+03	1.35400250E+03	1.11646081E+03	1.08712006E+03	7.11116509E+02	6.49986699E+02	6.02411659E+02	8.14172348E+02	8.10230935E+02
9.63768019E+04	1.81994682E+04	1.74879543E+04	1.49161972E+04	5.03567064E+03	4.72430522E+03	4.12515002E+03	3.62300952E+03	3.49024245E+03	1.70929136E+03	1.57752579E+03	1.40604026E+03	1.16786876E+03	1.13907095E+03	7.48796610E+02	6.87064888E+02	6.37673266E+02	8.62413078E+02	8.69225304E+02
9.64383305E+04	1.82631893E+04	1.75511171E+04	1.49802931E+04	5.09917058E+03	4.78769147E+03	4.19036914E+03	3.68439255E+03	3.55678817E+03	1.76297456E+03	1.63086997E+03	1.46031667E+03	1.23072363E+03	1.19419944E+03	7.87069881E+02	7.24467948E+02	6.74235765E+02	9.29690917E+02	9.26608930E+02
9.64999729E+04	1.83273823E+04	1.76146335E+04	1.50444456E+04	5.16763300E+03	4.85710649E+03	4.25932131E+03	3.75447613E+03	3.62493445E+03	1.82354141E+03	1.69294184E+03	1.51959619E+03	1.27479781E+03	1.25225592E+03	8.27683107E+02	7.63872729E+02	7.12105111E+02	9.86710910E+02
9.65645487E+04	1.83944747E+04	1.76811452E+04	1.51107842E+04	5.23475948E+03	4.92241173E+03	4.32464929E+03	3.82014535E+03	3.69068631E+03	1.88042416E+03	1.74668078E+03	1.57307408E+03	1.33476338E+03	1.30522902E+03	8.66990977E+02	8.02390634E+02	7.48374112E+02	1.04168374E+03
9.66305955E+04	1.84629993E+04	1.77491509E+04	1.51796112E+04	5.30431557E+03	4.99000523E+03	4.39410449E+03	3.88644527E+03	3.76030939E+03	1.93938080E+03	1.80236415E+03	1.62998248E+03	1.38788457E+03	1.36173123E+03	9.07504349E+02	8.41765145E+02	7.86817508E+02	1.10147064E+03
9.66980626E+04	1.85329536E+04	1.78186147E+04	1.52493962E+04	5.37577266E+03	5.05969518E+03	4.46451408E+03	3.95550260E+03	3.83259692E+03	1.99986639E+03	1.85995240E+03	1.68716646E+03	1.45115227E+03	1.42023542E+03	9.48829043E+02	8.81976871E+02	8.25498932E+02	1.16419089E+03
9.67671000E+04	1.86045396E+04	1.78896885E+04	1.53206416E+04	5.44867037E+03	5.13142677E+03	4.53448485E+03	4.02712401E+03	3.90291589E+03	2.06119063E+03	1.91928254E+03	1.74390187E+03	1.50646976E+03	1.47607201E+03	9.90750061E+02	9.22998377E+02	8.63847331E+02	1.22406143E+03
9.68376712E+04	1.86777414E+04	1.79623566E+04	1.53936766E+04	5.52294873E+03	5.20540869E+03	4.60783660E+03	4.10127902E+03	3.97358610E+03	2.12331297E+03	1.98067426E+03	1.80342896E+03	1.57376586E+03	1.53212720E+03	1.03324660E+03	9.64827621E+02	9.03491172E+02	1.28266819E+03
9.69097761E+04	1.87525159E+04	1.80365812E+04	1.54691070E+04	5.59897218E+03	5.28168494E+03	4.68882227E+03	4.17943135E+03	4.05758990E+03	2.18675414E+03	2.04417673E+03	1.86997187E+03	1.63744305E+03	1.60287734E+03	1.07644541E+03	1.00743529E+03	9.46498534E+02
9.69583153E+04	1.87991925E+04	1.80839832E+04	1.55147644E+04	5.64288697E+03	5.32609957E+03	4.73163648E+03	4.22324646E+03	4.10174767E+03	2.22668989E+03	2.08482131E+03	1.90798768E+03	1.67647710E+03	1.64258940E+03	1.10434023E+03	1.03940672E+03	9.78984905E+02
9.70078611E+04	1.88466168E+04	1.81320432E+04	1.55622413E+04	5.68756068E+03	5.37123044E+03	4.77606480E+03	4.26896968E+03	4.14666187E+03	2.26749679E+03	2.12626392E+03	1.94821044E+03	1.71807137E+03	1.68319569E+03	1.13469681E+03	1.07336203E+03	1.01490824E+03
9.70584674E+04	1.88948034E+04	1.81807495E+04	1.56103995E+04	5.73302200E+03	5.41698632E+03	4.82115239E+03	4.31355748E+03	4.19197616E+03	2.30923137E+03	2.16831759E+03	1.98927443E+03	1.75765820E+03	1.72389317E+03	1.16782106E+03	1.10830088E+03	1.04819323E+03
9.71101335E+04	1.89437735E+04	1.82301022E+04	1.56598528E+04	5.77932168E+03	5.46346119E+03	4.86767678E+03	4.36162258E+03	4.23893731E+03	2.35200809E+03	2.21115958E+03	2.03206970E+03	1.80284447E+03	1.76694536E+03	1.20443616E+03	1.14487359E+03
9.71657223E+04	1.89956915E+04	1.82807488E+04	1.57118759E+04	5.82770446E+03	5.51042672E+03	4.91603168E+03	4.41011907E+03	4.28782437E+03	2.39568518E+03	2.25230997E+03	2.07553592E+03	1.84595572E+03	1.81069678E+03	1.23529679E+03	1.18276085E+03
9.72228656E+04	1.90482998E+04	1.83343980E+04	1.57646378E+04	5.87724037E+03	5.56035449E+03	4.96544387E+03	4.46007940E+03	4.33759239E+03	2.44111894E+03	2.29781818E+03	2.12056180E+03	1.89111718E+03	1.85571099E+03	1.27387641E+03
9.72773536E+04	1.90996779E+04	1.83874280E+04	1.58171022E+04	5.92534759E+03	5.60992055E+03	5.01458297E+03	4.51008460E+03	4.38742688E+03	2.48360200E+03	2.34241895E+03	2.16446518E+03	1.93580031E+03	1.90016545E+03	1.31302128E+03
9.73348152E+04	1.91533833E+04	1.84413965E+04	1.58708181E+04	5.97604872E+03	5.66081346E+03	5.06509759E+03	4.56106590E+03	4.43833144E+03	2.53010897E+03	2.38898107E+03	2.21039110E+03	1.98192644E+03	1.94613223E+03
9.74201104E+04	1.92365661E+04	1.85267438E+04	1.59515972E+04	6.05260755E+03	5.73847258E+03	5.13997905E+03	4.63706878E+03	4.50790552E+03	2.58928134E+03	2.45136913E+03	2.25923445E+03	2.04080931E+03	2.00595610E+03
9.75067215E+04	1.93212604E+04	1.86134559E+04	1.60354046E+04	6.13020366E+03	5.81720207E+03	5.21730125E+03	4.71788580E+03	4.58681651E+03	2.64980822E+03	2.51600077E+03	2.31478397E+03	2.10432046E+03	2.06953061E+03
9.75946489E+04	1.94076222E+04	1.87014023E+04	1.61216373E+04	6.20890327E+03	5.89690565E+03	5.29482693E+03	4.80093637E+03	4.66624862E+03	2.71208532E+03	2.58207269E+03	2.37477227E+03	2.17025233E+03	2.13704828E+03
9.76839374E+04	1.94956696E+04	1.87906057E+04	1.62098252E+04	6.28872022E+03	5.97760304E+03	5.37319340E+03	4.88107525E+03	4.74608852E+03	2.77599853E+03	2.64946846E+03	2.43720184E+03	2.23252964E+03	2.20173339E+03
9.77745303E+04	1.95854975E+04	1.88810437E+04	1.63000924E+04	6.36968409E+03	6.05925417E+03	5.45356079E+03	4.96451046E+03	4.82741974E+03	2.84185967E+03	2.71787376E+03	2.50184436E+03	2.29863209E+03	2.26506123E+03
9.78663713E+04	1.96775759E+04	1.89729458E+04	1.63933207E+04	6.45201544E+03	6.14198593E+03	5.53672486E+03	5.05451579E+03	4.91405674E+03	2.91103731E+03	2.78878826E+03	2.57089256E+03	2.37178488E+03
9.79612530E+04	1.97700327E+04	1.90641268E+04	1.64858355E+04	6.53498544E+03	6.22500663E+03	5.61693645E+03	5.12537691E+03	4.99590875E+03	2.97496792E+03	2.84138260E+03	2.63360355E+03	2.43726376E+03
9.80576595E+04	1.98647588E+04	1.91579200E+04	1.65822462E+04	6.61946375E+03	6.30959954E+03	5.70189952E+03	5.21048143E+03	5.08302992E+03	3.04270254E+03	2.90002356E+03	2.69972163E+03	2.50858970E+03
9.81556429E+04	1.99609281E+04	1.92544008E+04	1.66761759E+04	6.70500205E+03	6.39581851E+03	5.78293672E+03	5.29658524E+03	5.16731781E+03	3.11198155E+03	2.96514318E+03	2.76244713E+03	2.57480049E+03
9.82552119E+04	2.00587200E+04	1.93536442E+04	1.67770439E+04	6.79172652E+03	6.48366621E+03	5.87465761E+03	5.38690978E+03	5.26034924E+03	3.18375476E+03	3.03728472E+03	2.83932972E+03
9.83559823E+04	2.01521579E+04	1.94497415E+04	1.68670778E+04	6.87360769E+03	6.56765923E+03	5.95179523E+03	5.46937395E+03	5.34376172E+03	3.23874760E+03	3.10143221E+03	2.90410784E+03
9.84588670E+04	2.02469305E+04	1.95468462E+04	1.69621112E+04	6.95706169E+03	6.65303826E+03	6.03467654E+03	5.55632625E+03	5.42822386E+03	3.29886454E+03	3.16906450E+03	2.97530909E+03
9.85639713E+04	2.03430607E+04	1.96449228E+04	1.70581844E+04	7.04216083E+03	6.73945960E+03	6.11850997E+03	5.63955759E+03	5.51326476E+03	3.36454811E+03	3.23856352E+03	3.04121766E+03
9.86713166E+04	2.04406078E+04	1.97439912E+04	1.71573517E+04	7.12902560E+03	6.82725472E+03	6.20600352E+03	5.73238238E+03	5.60261770E+03	3.43651030E+03	3.31123539E+03
9.87880987E+04	2.05443158E+04	1.98437300E+04	1.72614911E+04	7.21860345E+03	6.91102746E+03	6.29553578E+03	5.82287565E+03	5.69450173E+03	3.49669162E+03	3.38698660E+03
9.89085878E+04	2.06490986E+04	1.99521517E+04	1.73668325E+04	7.31116775E+03	7.00509507E+03	6.38765687E+03	5.91742068E+03	5.78825186E+03	3.57231481E+03
9.90173313E+04	2.07468014E+04	2.00554386E+04	1.74681136E+04	7.39498865E+03	7.09473437E+03	6.47556487E+03	6.00896512E+03	5.87914292E+03	3.64797952E+03
9.91342646E+04	2.08509042E+04	2.01606455E+04	1.75723032E+04	7.48744902E+03	7.18804018E+03	6.56737276E+03	6.10281233E+03	5.97265883E+03
9.93282177E+04	2.10340115E+04	2.03528107E+04	1.77453395E+04	7.62432842E+03	7.33487729E+03	6.68690555E+03	6.24811025E+03	6.11944730E+03
9.95250003E+04	2.12208213E+04	2.05479609E+04	1.79284476E+04	7.76430261E+03	7.48559407E+03	6.81881024E+03	6.40575891E+03	6.27587608E+03
9.97245765E+04	2.14118744E+04	2.07456702E+04	1.81187836E+04	7.90801483E+03	7.63893114E+03	6.95865971E+03	6.57002866E+03	6.44288948E+03
9.99270184E+04	2.16072398E+04	2.09459897E+04	1.83143632E+04	8.05540056E+03	7.79481030E+03	7.10320533E+03	6.72313229E+03	6.60205319E+03
1.00132326E+05	2.18071995E+04	2.11488822E+04	1.85156843E+04	8.20675595E+03	7.95296634E+03	7.25255360E+03	6.88537524E+03	6.75661992E+03
1.00340136E+05	2.20127686E+04	2.13549689E+04	1.87261785E+04	8.36334339E+03	8.11503656E+03	7.41078904E+03	7.06539240E+03
1.00556140E+05	2.22168487E+04	2.15541596E+04	1.89298400E+04	8.51035291E+03	8.24671270E+03	7.55589237E+03	7.22765755E+03
1.00775803E+05	2.24268390E+04	2.17612670E+04	1.91460070E+04	8.66440453E+03	8.39063950E+03	7.70965249E+03	7.40600704E+03
1.00999489E+05	2.26402610E+04	2.19765333E+04	1.93518600E+04	8.82175911E+03	8.54697781E+03	7.85472018E+03	7.57070082E+03
1.01226720E+05	2.28579088E+04	2.22002223E+04	1.95816717E+04	8.98404950E+03	8.71602516E+03	8.02900817E+03
1.01447920E+05	2.30490440E+04	2.24020918E+04	1.97586570E+04	9.10405131E+03	8.85967283E+03	8.17189534E+03
1.01674690E+05	2.32434065E+04	2.26059832E+04	1.99545250E+04	9.23530417E+03	9.01000876E+03	8.32842094E+03
1.01907328E+05	2.34410787E+04	2.28117060E+04	2.01522947E+04	9.37847476E+03	9.16431289E+03	8.47344971E+03
1.02145880E+05	2.36421989E+04	2.30193825E+04	2.03594057E+04	9.53439370E+03	9.32522254E+03
1.02411536E+05	2.38569579E+04	2.32175455E+04	2.05762999E+04	9.66716886E+03	9.49626884E+03
1.02688287E+05	2.40741848E+04	2.34490365E+04	2.07959576E+04	9.83144651E+03
1.02917994E+05	2.42598026E+04	2.36570052E+04	2.09962377E+04	9.99233592E+03
1.03174138E+05	2.44687113E+04	2.38706682E+04	2.12057377E+04
1.03694577E+05	2.47881481E+04	2.42796697E+04	2.15933235E+04
1.04233324E+05	2.51354653E+04	2.47011574E+04	2.20226335E+04
1.04791466E+05	2.55119300E+04	2.51312099E+04	2.24170896E+04
1.05369239E+05	2.59188317E+04	2.55735318E+04
1.06045525E+05	2.62909429E+04	2.60823063E+04
1.06767657E+05	2.67237980E+04
1.07277788E+05	2.71343660E+04
1.07897256E+05
1.09865777E+05
