1.45347897E+05	2.83604039E+04	2.74263175E+04	2.13302185E+04	7.43519929E+03	7.00646767E+03	5.55428584E+03	4.88492288E+03	4.61197344E+03	2.02730628E+03	1.82739291E+03	1.42567714E+03	1.10894589E+03	1.03820543E+03	4.75303908E+02	3.91397073E+02	2.86100726E+02	6.17494328E+02	5.96627891E+02	1.60044050E+02	1.41487641E+02	6.91085564E+01	4.33956399E+01	2.38634958E+01	6.72951818E+00	4.29912721E+00	0	0	5.42013041E+00
1.45355560E+05	2.83679952E+04	2.74338841E+04	2.13377966E+04	7.44271040E+03	7.01398877E+03	5.56182275E+03	4.89243174E+03	4.61947825E+03	2.03477759E+03	1.83492237E+03	1.43320125E+03	1.11649421E+03	1.04575011E+03	4.82769487E+02	3.98952172E+02	2.93596576E+02	6.25050185E+02	6.04174562E+02	1.67573930E+02	1.48989039E+02	7.63299729E+01	5.08164961E+01	3.10177244E+01	1.42763004E+01	1.17776400E+01	0	0	1.19946165E+01
1.45364159E+05	2.83765672E+04	2.74424386E+04	2.13463338E+04	7.45128297E+03	7.02255341E+03	5.57039259E+03	4.90098575E+03	4.62803572E+03	2.04330103E+03	1.84344054E+03	1.44172192E+03	1.12500363E+03	1.05426682E+03	4.91319290E+02	4.07480453E+02	3.02132688E+02	6.33565000E+02	6.12684297E+02	1.76079189E+02	1.57527731E+02	8.48444933E+01	5.92325698E+01	3.93385983E+01	2.26967332E+01	2.02807307E+01
1.45381879E+05	2.83946935E+04	2.74605066E+04	2.13644758E+04	7.46959406E+03	7.04101438E+03	5.58851033E+03	4.91954358E+03	4.64603157E+03	2.06164549E+03	1.86186470E+03	1.46016616E+03	1.14343777E+03	1.07253818E+03	5.09136333E+02	4.25739953E+02	3.18882909E+02	6.51807137E+02	6.30793969E+02	1.93628291E+02	1.73016359E+02	1.00356208E+02	7.42481769E+01	5.31691334E+01	3.85832953E+01	3.63642278E+01
1.45401189E+05	2.84143997E+04	2.74801522E+04	2.13841714E+04	7.48958036E+03	7.06116072E+03	5.60829150E+03	4.93988678E+03	4.66580202E+03	2.08161428E+03	1.88191479E+03	1.48043755E+03	1.16374147E+03	1.09282496E+03	5.28422643E+02	4.45488000E+02	3.37082498E+02	6.72479533E+02	6.51052310E+02	2.11829935E+02	1.90686896E+02	1.16834221E+02	9.02283646E+01	6.76975929E+01	5.68661086E+01	5.47415727E+01
1.45421847E+05	2.84355654E+04	2.75012316E+04	2.14052855E+04	7.51109442E+03	7.08280704E+03	5.62961284E+03	4.96163767E+03	4.68708631E+03	2.10304066E+03	1.90341653E+03	1.50172367E+03	1.18527043E+03	1.11392218E+03	5.49042984E+02	4.66552967E+02	3.56712301E+02	6.94254694E+02	6.72193688E+02	2.30511325E+02	2.09780575E+02	1.34201038E+02	1.07092157E+02	8.30159711E+01	7.65300247E+01	7.46796893E+01
1.45443967E+05	2.84581563E+04	2.75237207E+04	2.14278427E+04	7.53402005E+03	7.10586294E+03	5.65240552E+03	4.98447069E+03	4.70987353E+03	2.12581325E+03	1.92626712E+03	1.52415114E+03	1.20754711E+03	1.13618749E+03	5.70782870E+02	4.88664940E+02	3.77693383E+02	7.16248804E+02	6.94443342E+02	2.42044835E+02	2.30155816E+02	1.52276095E+02	1.24669124E+02	9.91028846E+01	9.58837805E+01	9.45112605E+01
1.45467409E+05	2.84821018E+04	2.75475527E+04	2.14518070E+04	7.55826790E+03	7.13020041E+03	5.67670490E+03	5.00859462E+03	4.73421396E+03	2.14986158E+03	1.95037969E+03	1.54809095E+03	1.23148847E+03	1.16006247E+03	5.93483930E+02	5.11479907E+02	4.00071859E+02	7.33683249E+02	7.18357983E+02	2.64703978E+02	2.52103091E+02	1.70951593E+02	1.42699023E+02	1.16037394E+02	1.14799940E+02	1.17666350E+02
1.45492139E+05	2.85074183E+04	2.75727165E+04	2.14772340E+04	7.58386646E+03	7.15574588E+03	5.70261840E+03	5.03369600E+03	4.76035237E+03	2.17514895E+03	1.97564922E+03	1.57373149E+03	1.25710573E+03	1.18589093E+03	6.17118412E+02	5.34882223E+02	4.23988720E+02	7.59179228E+02	7.44386582E+02	2.89857657E+02	2.75971259E+02	1.90213716E+02	1.61048806E+02	1.33959589E+02	1.41568041E+02	1.40457754E+02
1.45517201E+05	2.85331068E+04	2.75982305E+04	2.15029625E+04	7.61081351E+03	7.18263643E+03	5.72968422E+03	5.06153646E+03	4.78720753E+03	2.20152769E+03	2.00191995E+03	1.59986261E+03	1.28354255E+03	1.21203281E+03	6.43550424E+02	5.61962356E+02	4.50571740E+02	7.86273379E+02	7.70742837E+02	3.12315853E+02	3.01446153E+02	2.11811803E+02	1.81946908E+02	1.53142409E+02	1.64262256E+02
1.45544253E+05	2.85608210E+04	2.76257868E+04	2.15305712E+04	7.63881957E+03	7.21045532E+03	5.75747207E+03	5.08866843E+03	4.81506664E+03	2.22902547E+03	2.02938729E+03	1.62660466E+03	1.31058959E+03	1.23869554E+03	6.69573193E+02	5.86774898E+02	4.75125915E+02	8.11392563E+02	7.97544916E+02	3.40289120E+02	3.25113784E+02	2.32542002E+02	2.01081309E+02	1.71347258E+02	1.86784558E+02
1.45572344E+05	2.85895771E+04	2.76543950E+04	2.15594285E+04	7.66817960E+03	7.23946078E+03	5.78690005E+03	5.11736919E+03	4.84453974E+03	2.25772467E+03	2.05789813E+03	1.65535353E+03	1.33914405E+03	1.26718429E+03	6.96869576E+02	6.12679546E+02	5.01544651E+02	8.39579623E+02	8.26067034E+02	3.63889962E+02	3.50654931E+02	2.54200117E+02	2.21140616E+02	1.90865519E+02	2.11493791E+02
1.45601397E+05	2.86193282E+04	2.76839885E+04	2.15891306E+04	7.69866896E+03	7.26960045E+03	5.81722699E+03	5.14738784E+03	4.87511499E+03	2.28744107E+03	2.08741930E+03	1.68485795E+03	1.36826654E+03	1.29699839E+03	7.25187700E+02	6.39650468E+02	5.28367473E+02	8.69410593E+02	8.56084333E+02	3.90338522E+02	3.77303059E+02	2.76541573E+02	2.41977319E+02	2.10663696E+02	2.37562283E+02
1.45631519E+05	2.86501869E+04	2.77146760E+04	2.16199560E+04	7.73026122E+03	7.30095000E+03	5.84822073E+03	5.17867202E+03	4.90607310E+03	2.31814500E+03	2.11799827E+03	1.71448027E+03	1.39831281E+03	1.32643428E+03	7.54278130E+02	6.67673510E+02	5.55384822E+02	8.98757059E+02	8.85809749E+02	4.18122296E+02	4.03159541E+02	2.99357666E+02	2.63523293E+02	2.30484275E+02	2.62731285E+02
1.45662593E+05	2.86820981E+04	2.77464050E+04	2.16519131E+04	7.76287970E+03	7.33349369E+03	5.88056704E+03	5.21122282E+03	4.93784572E+03	2.34978550E+03	2.14961491E+03	1.74558754E+03	1.42961852E+03	1.35645705E+03	7.84091342E+02	6.96909451E+02	5.84056733E+02	9.36439114E+02	9.16015091E+02	4.50757538E+02	4.29263996E+02	3.22624934E+02	2.85809171E+02	2.51318321E+02	2.87636667E+02
1.45694740E+05	2.87150414E+04	2.77791382E+04	2.16850284E+04	7.79657101E+03	7.36721375E+03	5.91526810E+03	5.24531860E+03	4.97305439E+03	2.38237418E+03	2.18223341E+03	1.77947716E+03	1.46256727E+03	1.39145121E+03	8.14829943E+02	7.27401514E+02	6.16504646E+02	9.70583608E+02	9.51134278E+02	4.80725628E+02	4.62933243E+02	3.46485315E+02	3.08814326E+02	2.74409333E+02
1.45719888E+05	2.87397672E+04	2.78040153E+04	2.17094714E+04	7.82075700E+03	7.39152101E+03	5.93917719E+03	5.26942509E+03	4.99726486E+03	2.40592616E+03	2.20596926E+03	1.80266708E+03	1.48578011E+03	1.41483696E+03	8.37001704E+02	7.49928931E+02	6.37830100E+02	9.93775576E+02	9.74450022E+02	5.01986477E+02	4.84582788E+02	3.63019359E+02	3.27104177E+02	2.92697000E+02
1.45745780E+05	2.87650723E+04	2.78294646E+04	2.17347343E+04	7.84549182E+03	7.41636987E+03	5.96384204E+03	5.29442117E+03	5.02204624E+03	2.43005133E+03	2.23025342E+03	1.82661970E+03	1.51024323E+03	1.43903224E+03	8.59822563E+02	7.73041886E+02	6.60253815E+02	1.01832593E+03	9.98911598E+02	5.24877014E+02	5.06906919E+02	3.80924505E+02	3.46796691E+02	3.13249781E+02
1.45772172E+05	2.87909326E+04	2.78554879E+04	2.17605459E+04	7.87079612E+03	7.44175358E+03	5.98903957E+03	5.31937358E+03	5.04725053E+03	2.45476840E+03	2.25504536E+03	1.85111541E+03	1.53415207E+03	1.46339881E+03	8.83322949E+02	7.96640946E+02	6.83270361E+02	1.04243504E+03	1.02328358E+03	5.46671774E+02	5.29348732E+02	4.00378901E+02	3.66954255E+02	3.32158139E+02
1.45799155E+05	2.88173228E+04	2.78820476E+04	2.17869906E+04	7.89665864E+03	7.46767040E+03	6.01494823E+03	5.34571667E+03	5.07323256E+03	2.48010121E+03	2.28038488E+03	1.87647647E+03	1.56030090E+03	1.48882363E+03	9.07575938E+02	8.20818827E+02	7.07391380E+02	1.06837346E+03	1.04876183E+03	5.71975236E+02	5.53314066E+02	4.21824245E+02	3.87988466E+02
1.45829279E+05	2.88462463E+04	2.79106509E+04	2.18159095E+04	7.92481069E+03	7.49540118E+03	6.04307044E+03	5.37385238E+03	5.10145645E+03	2.50742928E+03	2.30712088E+03	1.90370481E+03	1.58741644E+03	1.51610378E+03	9.33128913E+02	8.45141454E+02	7.32597206E+02	1.09565716E+03	1.07613241E+03	5.96324683E+02	5.78185293E+02	4.40170540E+02	4.10449683E+02
1.45860251E+05	2.88758978E+04	2.79405340E+04	2.18455186E+04	7.95370290E+03	7.52437875E+03	6.07188955E+03	5.40276480E+03	5.13032809E+03	2.53560568E+03	2.33532563E+03	1.93170852E+03	1.61543617E+03	1.54408829E+03	9.59873543E+02	8.71784923E+02	7.58878773E+02	1.12368446E+03	1.10414252E+03	6.22306978E+02	6.04078622E+02	4.63439212E+02
1.45891382E+05	2.89060078E+04	2.79711543E+04	2.18759449E+04	7.98306137E+03	7.55417756E+03	6.10156583E+03	5.43263975E+03	5.16016523E+03	2.56395136E+03	2.36422976E+03	1.96037801E+03	1.64430100E+03	1.57288346E+03	9.85717484E+02	8.98592162E+02	7.84943737E+02	1.15264799E+03	1.13307841E+03	6.48317931E+02	6.29847090E+02	4.87414234E+02
1.45923691E+05	2.89371928E+04	2.80024987E+04	2.19070715E+04	8.01355783E+03	7.58474128E+03	6.13198607E+03	5.46315811E+03	5.19064512E+03	2.59371367E+03	2.39402070E+03	1.98994067E+03	1.67390062E+03	1.60242377E+03	1.01387024E+03	9.26654910E+02	8.12498450E+02	1.18225355E+03	1.16265829E+03	6.75590772E+02	6.56972294E+02
1.45966899E+05	2.89801418E+04	2.80460143E+04	2.19492978E+04	8.05536558E+03	7.62681919E+03	6.17323653E+03	5.50451357E+03	5.23061080E+03	2.63328446E+03	2.43393094E+03	2.02869513E+03	1.71212370E+03	1.63819415E+03	1.04736257E+03	9.61312722E+02	8.38857836E+02	1.22048277E+03	1.20061526E+03	7.06786305E+02	6.88646141E+02
1.46010970E+05	2.90239747E+04	2.80903524E+04	2.19928177E+04	8.09790781E+03	7.66963273E+03	6.21572922E+03	5.54780889E+03	5.27336758E+03	2.67354434E+03	2.47457577E+03	2.06873514E+03	1.75291018E+03	1.67838946E+03	1.08161898E+03	9.97217264E+02	8.69184803E+02	1.26055495E+03	1.24096353E+03	7.40567052E+02	7.22436759E+02
1.46055835E+05	2.90687162E+04	2.81354611E+04	2.20374570E+04	8.14119201E+03	7.71314813E+03	6.25868703E+03	5.59185743E+03	5.31666188E+03	2.71453990E+03	2.51586633E+03	2.10899327E+03	1.79477090E+03	1.71907112E+03	1.11685137E+03	1.03395574E+03	9.02193400E+02	1.30218155E+03	1.28179704E+03	7.75725517E+02	7.58444989E+02
1.46101541E+05	2.91143936E+04	2.81813674E+04	2.20831138E+04	8.18523018E+03	7.75737837E+03	6.30226125E+03	5.63554491E+03	5.36048820E+03	2.75627157E+03	2.55780875E+03	2.14982970E+03	1.83528857E+03	1.75955715E+03	1.15299920E+03	1.07147708E+03	9.36694611E+02	1.34339559E+03	1.32234688E+03	8.09083796E+02	7.93052813E+02
1.46147002E+05	2.91608283E+04	2.82280262E+04	2.21298254E+04	8.22996694E+03	7.80229268E+03	6.34683969E+03	5.68031170E+03	5.40528448E+03	2.79875054E+03	2.60038003E+03	2.19178754E+03	1.87748881E+03	1.80097337E+03	1.19023304E+03	1.10962119E+03	9.72521637E+02	1.38347401E+03	1.36448355E+03	8.44540121E+02	8.26904725E+02
1.46194299E+05	2.92085270E+04	2.82755116E+04	2.21778352E+04	8.27554762E+03	7.84791752E+03	6.39264537E+03	5.72715393E+03	5.45185791E+03	2.84218003E+03	2.64371179E+03	2.23527114E+03	1.92295570E+03	1.84531209E+03	1.22938181E+03	1.14926264E+03	1.01102145E+03	1.42894346E+03	1.40852390E+03	8.83916114E+02
1.46244619E+05	2.92577133E+04	2.83241921E+04	2.22266824E+04	8.32242443E+03	7.89472220E+03	6.43850565E+03	5.77240321E+03	5.49804661E+03	2.88595495E+03	2.68679893E+03	2.27745142E+03	1.96207808E+03	1.88724983E+03	1.26588941E+03	1.17930283E+03	1.04593957E+03	1.47041974E+03	1.45073537E+03	9.19152733E+02
1.46294790E+05	2.93077227E+04	2.83739797E+04	2.22770397E+04	8.37007644E+03	7.94238155E+03	6.48644938E+03	5.81998178E+03	5.54647147E+03	2.93076856E+03	2.73097398E+03	2.32224910E+03	2.00574453E+03	1.93211491E+03	1.30458724E+03	1.21267938E+03	1.08279863E+03	1.51658451E+03	1.49591042E+03	9.57661925E+02
1.46345908E+05	2.93585548E+04	2.84249415E+04	2.23272868E+04	8.41844471E+03	7.99092794E+03	6.53314817E+03	5.86828050E+03	5.59398034E+03	2.97628259E+03	2.77626684E+03	2.36496386E+03	2.05019685E+03	1.97538739E+03	1.34421262E+03	1.24960957E+03	1.11779970E+03	1.56112197E+03	1.53971734E+03	9.93360360E+02
1.46397952E+05	2.94102052E+04	2.84770897E+04	2.23796756E+04	8.46753781E+03	8.04035959E+03	6.58370949E+03	5.91825785E+03	5.64461779E+03	3.02260547E+03	2.82269670E+03	2.41371510E+03	2.09670651E+03	2.02374273E+03	1.38531822E+03	1.29037020E+03	1.16127102E+03	1.60812599E+03	1.58788347E+03
1.46477502E+05	2.94921083E+04	2.85587082E+04	2.24610508E+04	8.54924547E+03	8.12348785E+03	6.66298878E+03	5.99807540E+03	5.71885460E+03	3.09243114E+03	2.89430651E+03	2.47861898E+03	2.16275778E+03	2.07903735E+03	1.43581178E+03	1.34054741E+03	1.20675589E+03	1.67511596E+03	1.65552864E+03
1.46558553E+05	2.95755729E+04	2.86418306E+04	2.25447392E+04	8.63250846E+03	8.20835398E+03	6.74359109E+03	6.08350154E+03	5.79910238E+03	3.16339481E+03	2.96749541E+03	2.54463603E+03	2.23444852E+03	2.14261134E+03	1.48697556E+03	1.39147728E+03	1.25413345E+03	1.74494181E+03	1.72572064E+03
1.46641078E+05	2.96605840E+04	2.87264314E+04	2.26299336E+04	8.71741668E+03	8.29474803E+03	6.82588542E+03	6.17154871E+03	5.88224939E+03	3.23563458E+03	3.04185857E+03	2.61202811E+03	2.31035624E+03	2.20950748E+03	1.53883631E+03	1.44308357E+03	1.30256715E+03	1.82038003E+03	1.80100884E+03
1.46725044E+05	2.97471232E+04	2.88124835E+04	2.27161333E+04	8.80413068E+03	8.38266461E+03	6.91023310E+03	6.26080614E+03	5.96725123E+03	3.30939111E+03	3.11744409E+03	2.68108570E+03	2.38323746E+03	2.27812475E+03	1.59145064E+03	1.49538517E+03	1.35075674E+03	1.89854009E+03	1.87998146E+03
1.46810507E+05	2.98352433E+04	2.89000401E+04	2.28040181E+04	8.89253617E+03	8.47212323E+03	6.99677620E+03	6.34830391E+03	6.05435173E+03	3.38439751E+03	3.19417779E+03	2.75181133E+03	2.45742852E+03	2.34844103E+03	1.64476618E+03	1.54837557E+03	1.39946049E+03	1.97293717E+03	1.95639322E+03
1.46897484E+05	2.99249534E+04	2.89891092E+04	2.28937849E+04	8.98257169E+03	8.56302625E+03	7.08596672E+03	6.43833250E+03	6.14434389E+03	3.46053114E+03	3.27180446E+03	2.82458010E+03	2.49898451E+03	2.42120372E+03	1.69875471E+03	1.60201365E+03	1.44921561E+03	2.04642162E+03	2.03153944E+03
1.46985899E+05	3.00161902E+04	2.90796105E+04	2.29854957E+04	9.07456681E+03	8.65538494E+03	7.17843192E+03	6.53064666E+03	6.23793373E+03	3.53829784E+03	3.35035756E+03	2.90004936E+03	2.55004829E+03	2.49719748E+03	1.75354311E+03	1.65628345E+03	1.50031985E+03	2.12578506E+03	2.10772608E+03
1.47075514E+05	3.01087957E+04	2.91713068E+04	2.30788904E+04	9.17016876E+03	8.75023623E+03	7.27548103E+03	6.63147944E+03	6.33580761E+03	3.62049588E+03	3.43231729E+03	2.97992936E+03	2.65276952E+03	2.57767779E+03	1.80967319E+03	1.71147496E+03	1.55300708E+03	2.21583326E+03
1.47167876E+05	3.02041472E+04	2.92660692E+04	2.31734129E+04	9.26418372E+03	8.84246456E+03	7.36606380E+03	6.71580048E+03	6.42766528E+03	3.69814331E+03	3.50647992E+03	3.05207239E+03	2.72616954E+03	2.64992130E+03	1.86488661E+03	1.76610178E+03	1.60296406E+03	2.29244806E+03
1.47261767E+05	3.03010429E+04	2.93623553E+04	2.32709794E+04	9.36077750E+03	8.93699812E+03	7.46245930E+03	6.80709764E+03	6.52450590E+03	3.77830271E+03	3.58312959E+03	3.12897840E+03	2.78147154E+03	2.72643911E+03	1.92118496E+03	1.82159729E+03	1.65605616E+03	2.37463946E+03
1.47357127E+05	3.03994207E+04	2.94601071E+04	2.33692364E+04	9.45949666E+03	9.03389036E+03	7.56103424E+03	6.90290047E+03	6.62566497E+03	3.86042820E+03	3.66232777E+03	3.20735473E+03	2.87050028E+03	2.80648253E+03	1.97835467E+03	1.87798120E+03	1.70963913E+03	2.46203232E+03
1.47454065E+05	3.04994195E+04	2.95594309E+04	2.34689501E+04	9.55978353E+03	9.13317894E+03	7.65652849E+03	7.00166059E+03	6.72349613E+03	3.94368087E+03	3.74393977E+03	3.28299708E+03	2.94444177E+03	2.88290149E+03	2.03618530E+03	1.93525442E+03	1.76180574E+03	2.54487542E+03
1.47552563E+05	3.06010399E+04	2.96603171E+04	2.35707821E+04	9.66149412E+03	9.23494788E+03	7.75625287E+03	7.10342045E+03	6.81964815E+03	4.02789725E+03	3.82802480E+03	3.36212361E+03	3.05216406E+03	2.95737823E+03	2.09462171E+03	1.99340543E+03	1.81548083E+03	2.62520215E+03
1.47652608E+05	3.07042618E+04	2.97627484E+04	2.36751431E+04	9.76511963E+03	9.33924047E+03	7.86607197E+03	7.21024944E+03	6.93394737E+03	4.11379116E+03	3.91459242E+03	3.45042457E+03	3.13808633E+03	3.05158897E+03	2.15382070E+03	2.05241511E+03	1.87360058E+03
1.47719940E+05	3.07685063E+04	2.98282479E+04	2.37376025E+04	9.82471602E+03	9.39976889E+03	7.92389679E+03	7.26972744E+03	6.99378738E+03	4.16737019E+03	3.96937563E+03	3.50121119E+03	3.19054031E+03	3.10489195E+03	2.19190995E+03	2.09599207E+03	1.91709819E+03
1.47788492E+05	3.08336020E+04	2.98944290E+04	2.38025521E+04	9.88522120E+03	9.46106045E+03	7.98393595E+03	7.33168064E+03	7.05449289E+03	4.22206806E+03	4.02506540E+03	3.55503394E+03	3.24627839E+03	3.15909736E+03	2.23339786E+03	2.14194246E+03	1.96504015E+03
1.47858315E+05	3.08995378E+04	2.99613033E+04	2.38681708E+04	9.94664350E+03	9.52299860E+03	8.04450520E+03	7.39176512E+03	7.11545767E+03	4.27791864E+03	4.08142196E+03	3.60947147E+03	3.29912999E+03	3.21338060E+03	2.27852910E+03	2.18901329E+03	2.00919973E+03
1.47929407E+05	3.09663473E+04	3.00288604E+04	2.39354956E+04	1.00090330E+04	9.58570505E+03	8.10697250E+03	7.45646262E+03	7.17860047E+03	4.33499969E+03	4.13867992E+03	3.66632375E+03	3.35944210E+03	3.27068819E+03	2.32765185E+03	2.23810956E+03
1.48008871E+05	3.10390467E+04	3.00995427E+04	2.40079022E+04	1.00758208E+04	9.65031714E+03	8.17328457E+03	7.52310856E+03	7.24573473E+03	4.39451853E+03	4.19474623E+03	3.72504320E+03	3.41779152E+03	3.32993271E+03	2.36855564E+03	2.28994535E+03
1.48091138E+05	3.11125924E+04	3.01749709E+04	2.40810927E+04	1.01438553E+04	9.71918562E+03	8.24073519E+03	7.59164265E+03	7.31375227E+03	4.45622462E+03	4.25678739E+03	3.78561958E+03	3.47892339E+03	3.39063661E+03	2.42075275E+03
1.48166733E+05	3.11829526E+04	3.02483761E+04	2.41529494E+04	1.02090176E+04	9.78670895E+03	8.30715026E+03	7.65945838E+03	7.38116466E+03	4.51322055E+03	4.31694837E+03	3.84414985E+03	3.53885691E+03	3.45007977E+03	2.47336797E+03
1.48247318E+05	3.12567789E+04	3.03225814E+04	2.42263813E+04	1.02777729E+04	9.85579588E+03	8.37528101E+03	7.72838048E+03	7.44989638E+03	4.57567851E+03	4.37959406E+03	3.90538692E+03	3.60059548E+03	3.51148884E+03
1.48360413E+05	3.13670497E+04	3.04359648E+04	2.43329728E+04	1.03785909E+04	9.95839781E+03	8.47316519E+03	7.82798258E+03	7.54091541E+03	4.65347118E+03	4.46188731E+03	3.96913051E+03	3.67763233E+03	3.58954770E+03
1.48474926E+05	3.14791026E+04	3.05506805E+04	2.44434944E+04	1.04805556E+04	1.00620861E+04	8.57375554E+03	7.93347807E+03	7.64371942E+03	4.73314969E+03	4.54647975E+03	4.04175344E+03	3.76049158E+03	3.67200608E+03
1.48590860E+05	3.15930798E+04	3.06666360E+04	2.45568717E+04	1.05837268E+04	1.01667638E+04	8.67480561E+03	8.04139857E+03	7.74734005E+03	4.81508408E+03	4.63253195E+03	4.11967043E+03	3.84659421E+03	3.75968341E+03
1.48708234E+05	3.17090142E+04	3.07838483E+04	2.46724834E+04	1.06881192E+04	1.02724436E+04	8.77637882E+03	8.14532733E+03	7.85096322E+03	4.89926269E+03	4.72001959E+03	4.20039633E+03	3.92721150E+03	3.84329262E+03
1.48827057E+05	3.18269696E+04	3.09023248E+04	2.47905628E+04	1.07937496E+04	1.03791162E+04	8.88025629E+03	8.25256314E+03	7.95593393E+03	4.98585260E+03	4.80884132E+03	4.28372907E+03	4.01230667E+03	3.92443250E+03
1.48947283E+05	3.19471710E+04	3.10221623E+04	2.49123551E+04	1.09007230E+04	1.04868612E+04	8.98771743E+03	8.36724987E+03	8.06851927E+03	5.07545751E+03	4.89998885E+03	4.37215956E+03	4.10695302E+03
1.49072310E+05	3.20695763E+04	3.11431093E+04	2.50336645E+04	1.10093522E+04	1.05954763E+04	9.09138268E+03	8.46354838E+03	8.17444468E+03	5.15827436E+03	4.97059038E+03	4.45248709E+03	4.19155016E+03
1.49199210E+05	3.21939897E+04	3.12670007E+04	2.51598936E+04	1.11194434E+04	1.07059914E+04	9.20137922E+03	8.57392823E+03	8.28733720E+03	5.24565405E+03	5.04882092E+03	4.53700881E+03	4.28396675E+03
1.49328028E+05	3.23198502E+04	3.13939025E+04	2.52831692E+04	1.12306396E+04	1.08184474E+04	9.30585014E+03	8.68537056E+03	8.39634939E+03	5.33519079E+03	5.13485096E+03	4.61713061E+03	4.36955186E+03
1.49458774E+05	3.24472804E+04	3.15238754E+04	2.54137776E+04	1.13430889E+04	1.09328517E+04	9.42364690E+03	8.80222207E+03	8.51566762E+03	5.42823758E+03	5.22889533E+03	4.71517234E+03
1.49589833E+05	3.25681196E+04	3.16487032E+04	2.55291853E+04	1.14477712E+04	1.10409153E+04	9.52154346E+03	8.90758682E+03	8.62200863E+03	5.49965804E+03	5.31220424E+03	4.79752137E+03
1.49723370E+05	3.26905452E+04	3.17746045E+04	2.56511909E+04	1.15544982E+04	1.11505095E+04	9.62708432E+03	9.01858125E+03	8.72924117E+03	5.57770832E+03	5.39957282E+03	4.88785295E+03
1.49859760E+05	3.28145982E+04	3.19016372E+04	2.57742753E+04	1.16633250E+04	1.12612486E+04	9.73335023E+03	9.12456547E+03	8.83714014E+03	5.66272762E+03	5.48907361E+03	4.97122725E+03
1.49998839E+05	3.29403139E+04	3.20297539E+04	2.59014185E+04	1.17743380E+04	1.13735146E+04	9.84435485E+03	9.24243428E+03	8.95052909E+03	5.75511856E+03	5.58235495E+03
1.50158092E+05	3.30786577E+04	3.21622664E+04	2.60388801E+04	1.18923927E+04	1.14835449E+04	9.96088240E+03	9.36041097E+03	9.07024367E+03	5.83289429E+03	5.68197233E+03
1.50324412E+05	3.32184980E+04	3.23079561E+04	2.61776658E+04	1.20137679E+04	1.16076645E+04	1.00803457E+04	9.48378847E+03	9.19189422E+03	5.93144751E+03
1.50468720E+05	3.33464214E+04	3.24450986E+04	2.63099935E+04	1.21225134E+04	1.17249419E+04	1.01937126E+04	9.60238918E+03	9.30913619E+03	6.02965197E+03
1.50626288E+05	3.34836381E+04	3.25837294E+04	2.64460349E+04	1.22429102E+04	1.18465853E+04	1.03121043E+04	9.72371409E+03	9.42977495E+03
1.50869065E+05	3.37143635E+04	3.28257289E+04	2.66623736E+04	1.24170569E+04	1.20347725E+04	1.04618018E+04	9.90623794E+03	9.61295920E+03
1.51114966E+05	3.39495432E+04	3.30705597E+04	2.68913035E+04	1.25953592E+04	1.22270866E+04	1.06271054E+04	1.01041728E+04	9.80765518E+03
1.51363980E+05	3.41896081E+04	3.33179308E+04	2.71286045E+04	1.27783841E+04	1.24221727E+04	1.08016356E+04	1.03095803E+04	1.00159250E+04
1.51616165E+05	3.44346696E+04	3.35678774E+04	2.73719517E+04	1.29661335E+04	1.26200029E+04	1.09815306E+04	1.05012548E+04	1.02134985E+04
1.51871559E+05	3.46849007E+04	3.38204179E+04	2.76221905E+04	1.31587636E+04	1.28204797E+04	1.11670997E+04	1.07023189E+04	1.04039014E+04
1.52130104E+05	3.49408867E+04	3.40758771E+04	2.78838058E+04	1.33570397E+04	1.30250340E+04	1.13633311E+04	1.09254336E+04
1.52401490E+05	3.52011439E+04	3.43313197E+04	2.81391116E+04	1.35439835E+04	1.31938017E+04	1.15435632E+04	1.11281388E+04
1.52677574E+05	3.54661934E+04	3.45951431E+04	2.84108182E+04	1.37390966E+04	1.33781157E+04	1.17346788E+04	1.13515727E+04
1.52958451E+05	3.57344451E+04	3.48675740E+04	2.86692604E+04	1.39383898E+04	1.35780935E+04	1.19146172E+04	1.15572521E+04
1.53244184E+05	3.60064360E+04	3.51488267E+04	2.89527940E+04	1.41442261E+04	1.37939143E+04	1.21294401E+04
1.53521660E+05	3.62458934E+04	3.54035723E+04	2.91712059E+04	1.42959523E+04	1.39764898E+04	1.23060597E+04
1.53805921E+05	3.64895078E+04	3.56602169E+04	2.94138180E+04	1.44619902E+04	1.41665042E+04	1.24993229E+04
1.54097400E+05	3.67373178E+04	3.59189547E+04	2.96585181E+04	1.46428812E+04	1.43610705E+04	1.26780201E+04
1.54394967E+05	3.69892479E+04	3.61796131E+04	2.99153287E+04	1.48390980E+04	1.45632251E+04
1.54751640E+05	3.72712189E+04	3.64378750E+04	3.01945133E+04	1.50106122E+04	1.47862646E+04
1.55130353E+05	3.75563131E+04	3.67449037E+04	3.04762265E+04	1.52220954E+04
1.55429761E+05	3.77946791E+04	3.70178340E+04	3.07319458E+04	1.54288463E+04
1.55772038E+05	3.80663539E+04	3.72951218E+04	3.09995758E+04
1.56416250E+05	3.84693113E+04	3.78194672E+04	3.14743982E+04
1.57082141E+05	3.89088020E+04	3.83545465E+04	3.20021280E+04
1.57771317E+05	3.93860653E+04	3.88982990E+04	3.24838651E+04
1.58483276E+05	3.99019630E+04	3.94528192E+04
1.59409501E+05	4.04039576E+04	4.01472204E+04
1.60431781E+05	4.09716089E+04
1.61100188E+05	4.15129339E+04
1.61942848E+05
1.64647479E+05
