1.49015448E+05	2.91917058E+04	2.82451872E+04	2.18242433E+04	7.67212768E+03	7.23633409E+03	5.70353258E+03	5.02385500E+03	4.73852419E+03	2.10021881E+03	1.89623656E+03	1.47108327E+03	1.14845496E+03	1.07393959E+03	4.94115364E+02	4.07693260E+02	2.96407397E+02	6.45078500E+02	6.24576189E+02	1.68178729E+02	1.51210606E+02	7.15555453E+01	4.48107667E+01	2.43965507E+01	8.30910715E+00	5.41563053E+00	0	0	5.51140176E+00
1.49023203E+05	2.91994753E+04	2.82529066E+04	2.18319907E+04	7.67977628E+03	7.24399270E+03	5.71121576E+03	5.03150627E+03	4.74618106E+03	2.10780892E+03	1.90386227E+03	1.47870817E+03	1.15609793E+03	1.08157888E+03	5.01715450E+02	4.15350318E+02	3.04030117E+02	6.52730368E+02	6.32223543E+02	1.75818562E+02	1.58848934E+02	7.89000057E+01	5.22853330E+01	3.15848978E+01	1.59085328E+01	1.30209364E+01	0	0	1.20925831E+01
1.49031930E+05	2.92081201E+04	2.82615505E+04	2.18406143E+04	7.68842713E+03	7.25263836E+03	5.71986213E+03	5.04014169E+03	4.75481339E+03	2.11643748E+03	1.91249238E+03	1.48734486E+03	1.16472786E+03	1.09021735E+03	5.10378983E+02	4.24021337E+02	3.12691580E+02	6.61360999E+02	6.40858046E+02	1.84489711E+02	1.67524875E+02	8.75505690E+01	6.09024144E+01	4.01148002E+01	2.45393919E+01	2.16620712E+01
1.49049896E+05	2.92265777E+04	2.82799565E+04	2.18590081E+04	7.70710319E+03	7.27143613E+03	5.73839234E+03	5.05856648E+03	4.77275718E+03	2.13513565E+03	1.93124761E+03	1.50537638E+03	1.18264587E+03	1.10814545E+03	5.28544660E+02	4.42487851E+02	3.29777204E+02	6.79580417E+02	6.57420820E+02	2.00414181E+02	1.80584918E+02	1.03372472E+02	7.61080252E+01	5.41118432E+01	4.03743542E+01	3.77507674E+01
1.49069529E+05	2.92465822E+04	2.82999068E+04	2.18790331E+04	7.72738248E+03	7.29188545E+03	5.75847325E+03	5.07912085E+03	4.79270604E+03	2.15541616E+03	1.95161227E+03	1.52575205E+03	1.20300634E+03	1.12832878E+03	5.48112599E+02	4.62516693E+02	3.48138898E+02	6.99741046E+02	6.77435330E+02	2.19640135E+02	1.97556417E+02	1.20105063E+02	9.23271710E+01	6.90179225E+01	5.78081041E+01	5.53567029E+01
1.49090511E+05	2.92680155E+04	2.83212607E+04	2.19004553E+04	7.74912735E+03	7.31379299E+03	5.77998870E+03	5.10125289E+03	4.81421142E+03	2.17708655E+03	1.97336811E+03	1.54773518E+03	1.22502450E+03	1.15032617E+03	5.68957944E+02	4.83840287E+02	3.67779978E+02	7.22179939E+02	6.99403017E+02	2.39126830E+02	2.16609903E+02	1.37681758E+02	1.09401434E+02	8.44955928E+01	7.75436325E+01	7.51717396E+01
1.49112798E+05	2.92908088E+04	2.83439659E+04	2.19231992E+04	7.77228264E+03	7.33708645E+03	5.80292503E+03	5.12466826E+03	4.83713394E+03	2.20010814E+03	1.99646812E+03	1.57059830E+03	1.24815135E+03	1.17298462E+03	5.91018075E+02	5.06358418E+02	3.88750097E+02	7.45617255E+02	7.22119429E+02	2.60045142E+02	2.36990132E+02	1.56069290E+02	1.27280934E+02	1.00702199E+02	9.85728796E+01	9.64851887E+01
1.49136407E+05	2.93149286E+04	2.83679704E+04	2.19472934E+04	7.79676974E+03	7.36171536E+03	5.82728245E+03	5.14905113E+03	4.86146948E+03	2.22440116E+03	2.02084029E+03	1.59450400E+03	1.27190105E+03	1.19671835E+03	6.14092047E+02	5.29829095E+02	4.10983051E+02	7.59895130E+02	7.45847201E+02	2.71249910E+02	2.58572002E+02	1.75107812E+02	1.45827153E+02	1.17636195E+02	1.19138303E+02	1.17568060E+02
1.49161298E+05	2.93403612E+04	2.83932764E+04	2.19727414E+04	7.82253239E+03	7.38756965E+03	5.85307876E+03	5.17468787E+03	4.88733017E+03	2.24987363E+03	2.04638164E+03	1.61983876E+03	1.29723992E+03	1.22198444E+03	6.38057911E+02	5.53923289E+02	4.34560581E+02	7.87580387E+02	7.71166943E+02	2.95094754E+02	2.81670573E+02	1.94699956E+02	1.64793594E+02	1.35388323E+02	1.39029419E+02	1.41915568E+02
1.49187413E+05	2.93670869E+04	2.84198364E+04	2.19995863E+04	7.84954020E+03	7.41453575E+03	5.88042204E+03	5.20118704E+03	4.91489449E+03	2.27652327E+03	2.07301745E+03	1.64683202E+03	1.32422071E+03	1.24916578E+03	6.62879584E+02	5.78501288E+02	4.59620727E+02	8.13683811E+02	7.98559761E+02	3.27030570E+02	3.06650991E+02	2.14839104E+02	1.84033179E+02	1.54110928E+02	1.67085901E+02	1.65822489E+02
1.49213861E+05	2.93941754E+04	2.84467339E+04	2.20267219E+04	7.87795021E+03	7.44284688E+03	5.90894380E+03	5.23052057E+03	4.94321311E+03	2.30428203E+03	2.10064511E+03	1.67433650E+03	1.35205397E+03	1.27669134E+03	6.90621596E+02	6.06951527E+02	4.87435630E+02	8.42704097E+02	8.26326950E+02	3.44991633E+02	3.33322191E+02	2.37352791E+02	2.05802913E+02	1.74087104E+02	1.90996189E+02
1.49242269E+05	2.94232619E+04	2.84756538E+04	2.20557010E+04	7.90732911E+03	7.47202926E+03	5.93808234E+03	5.25895240E+03	4.97242988E+03	2.33307791E+03	2.12940732E+03	1.70229587E+03	1.38037576E+03	1.30456993E+03	7.17711799E+02	6.32695364E+02	5.12978543E+02	8.69018372E+02	8.54369810E+02	3.74207122E+02	3.57950977E+02	2.58846755E+02	2.25739315E+02	1.92990631E+02	2.14501068E+02
1.49271587E+05	2.94533293E+04	2.85055655E+04	2.20858832E+04	7.93802030E+03	7.50234981E+03	5.96884877E+03	5.28894669E+03	5.00325196E+03	2.36303620E+03	2.15917282E+03	1.73229378E+03	1.41013055E+03	1.33428572E+03	7.46076898E+02	6.59565074E+02	5.40394017E+02	8.98461920E+02	8.84123478E+02	3.98538262E+02	3.84439760E+02	2.81276549E+02	2.46584369E+02	2.13241491E+02	2.40221011E+02
1.49301958E+05	2.94844233E+04	2.85364930E+04	2.21169322E+04	7.96986619E+03	7.53382697E+03	6.00054465E+03	5.32029442E+03	5.03522160E+03	2.39399862E+03	2.18993421E+03	1.76304876E+03	1.44047328E+03	1.36535459E+03	7.75462747E+02	6.87534533E+02	5.68224856E+02	9.29580175E+02	9.15409651E+02	4.25919857E+02	4.12083306E+02	3.04393375E+02	2.68207654E+02	2.33784480E+02	2.67352763E+02
1.49333511E+05	2.95165947E+04	2.85684622E+04	2.21490405E+04	8.00275446E+03	7.56646195E+03	6.03278469E+03	5.35286084E+03	5.06744436E+03	2.42592231E+03	2.22173112E+03	1.79381450E+03	1.47169741E+03	1.39595837E+03	8.05596150E+02	7.16567397E+02	5.96166648E+02	9.60091357E+02	9.46340663E+02	4.52496801E+02	4.38866091E+02	3.27976247E+02	2.90538301E+02	2.54280050E+02	2.93497656E+02
1.49365926E+05	2.95498077E+04	2.86014782E+04	2.21822979E+04	8.03667337E+03	7.60030770E+03	6.06641115E+03	5.38671160E+03	5.10046713E+03	2.45876274E+03	2.25455049E+03	1.82608175E+03	1.50417470E+03	1.42707977E+03	8.36433906E+02	7.46818799E+02	6.25778700E+02	9.99321228E+02	9.77672656E+02	4.88708713E+02	4.65812052E+02	3.52002073E+02	3.13602231E+02	2.75796079E+02	3.19319895E+02
1.49399294E+05	2.95840030E+04	2.86354590E+04	2.22166874E+04	8.07164012E+03	7.63530878E+03	6.10243889E+03	5.42211302E+03	5.13703654E+03	2.49253680E+03	2.28835957E+03	1.86120017E+03	1.53831609E+03	1.46335604E+03	8.68190728E+02	7.78327682E+02	6.59258185E+02	1.03471312E+03	1.01407941E+03	5.19652447E+02	5.00553390E+02	3.76619387E+02	3.37377195E+02	2.99617949E+02
1.49425287E+05	2.96095731E+04	2.86611907E+04	2.22419550E+04	8.09661443E+03	7.66041496E+03	6.12711723E+03	5.44700694E+03	5.16203669E+03	2.51682931E+03	2.31284799E+03	1.88511290E+03	1.56225525E+03	1.48747603E+03	8.91029184E+02	8.01537417E+02	6.81212653E+02	1.05863572E+03	1.03812980E+03	5.41551386E+02	5.22851965E+02	3.93662006E+02	3.56233531E+02	3.18449069E+02
1.49451895E+05	2.96356884E+04	2.86874881E+04	2.22680558E+04	8.12214037E+03	7.68606638E+03	6.15257585E+03	5.47281307E+03	5.18761873E+03	2.54170198E+03	2.33788832E+03	1.90980499E+03	1.58747670E+03	1.51241806E+03	9.14523914E+02	8.25334779E+02	7.04293806E+02	1.08394839E+03	1.06335509E+03	5.65114334E+02	5.45827609E+02	4.12117083E+02	3.76512396E+02	3.39597518E+02
1.49479121E+05	2.96623667E+04	2.87143422E+04	2.22946790E+04	8.14823005E+03	7.71224281E+03	6.17855040E+03	5.49853419E+03	5.21360179E+03	2.56716522E+03	2.36343181E+03	1.93502869E+03	1.61209404E+03	1.53750980E+03	9.38700118E+02	8.49613092E+02	7.27948887E+02	1.10878200E+03	1.08845642E+03	5.87527260E+02	5.68909679E+02	4.32160154E+02	3.97256238E+02	3.59035338E+02
1.49506966E+05	2.96895996E+04	2.87417584E+04	2.23219697E+04	8.17488592E+03	7.73895966E+03	6.20525170E+03	5.52569532E+03	5.24038138E+03	2.59324434E+03	2.38951971E+03	1.96113168E+03	1.63902301E+03	1.56367993E+03	9.63634831E+02	8.74474073E+02	7.52741773E+02	1.13549342E+03	1.11468761E+03	6.13552199E+02	5.93545537E+02	4.54204441E+02	4.18888571E+02
1.49538103E+05	2.97194561E+04	2.87712815E+04	2.23518177E+04	8.20391901E+03	7.76755079E+03	6.23424809E+03	5.55470965E+03	5.26948688E+03	2.62139761E+03	2.41705705E+03	1.98917149E+03	1.66694678E+03	1.59177477E+03	9.89918984E+02	8.99487769E+02	7.78649883E+02	1.16359710E+03	1.14288118E+03	6.38584210E+02	6.19118065E+02	4.73016930E+02	4.42006978E+02
1.49570095E+05	2.97500426E+04	2.88021171E+04	2.23823524E+04	8.23369096E+03	7.79741299E+03	6.26393740E+03	5.58449845E+03	5.29923129E+03	2.65040791E+03	2.44609950E+03	2.01799224E+03	1.69578947E+03	1.62057540E+03	1.01741729E+03	9.26886106E+02	8.05650531E+02	1.19245125E+03	1.17171551E+03	6.65289243E+02	6.45725136E+02	4.96929291E+02
1.49602168E+05	2.97810403E+04	2.88336592E+04	2.24136814E+04	8.26388966E+03	7.82807796E+03	6.29446402E+03	5.61523808E+03	5.32992898E+03	2.67952911E+03	2.47580559E+03	2.04744297E+03	1.72544515E+03	1.65015767E+03	1.04393210E+03	9.54400534E+02	8.32375715E+02	1.22221511E+03	1.20144987E+03	6.91982777E+02	6.72164486E+02	5.21536227E+02
1.49634290E+05	2.98129174E+04	2.88658987E+04	2.24457160E+04	8.29519710E+03	7.85950319E+03	6.32574154E+03	5.64662144E+03	5.36126937E+03	2.71008799E+03	2.50640537E+03	2.07779749E+03	1.75584287E+03	1.68048998E+03	1.07281001E+03	9.83193598E+02	8.60629077E+02	1.25262324E+03	1.23182993E+03	7.19957817E+02	6.99984194E+02
1.49678671E+05	2.98570100E+04	2.89105797E+04	2.24890504E+04	8.33808343E+03	7.90267240E+03	6.36804075E+03	5.68903566E+03	5.40224449E+03	2.75061805E+03	2.54729001E+03	2.11747537E+03	1.79497979E+03	1.71709932E+03	1.10708038E+03	1.01866305E+03	8.87583958E+02	1.29186349E+03	1.27070796E+03	7.51886120E+02	7.32401098E+02
1.49725019E+05	2.99021960E+04	2.89561001E+04	2.25336895E+04	8.38175160E+03	7.94658264E+03	6.41158871E+03	5.73342257E+03	5.44606896E+03	2.79184985E+03	2.58890861E+03	2.15844117E+03	1.83671950E+03	1.75823321E+03	1.14213272E+03	1.05537643E+03	9.18602572E+02	1.33281861E+03	1.31201210E+03	7.86442147E+02	7.66955524E+02
1.49771040E+05	2.99480873E+04	2.90023707E+04	2.25794716E+04	8.42610975E+03	7.99118277E+03	6.45560286E+03	5.77856530E+03	5.49043475E+03	2.83380382E+03	2.63116789E+03	2.19963489E+03	1.87955399E+03	1.79985432E+03	1.17817248E+03	1.09291985E+03	9.52343148E+02	1.37550320E+03	1.35380587E+03	8.22407206E+02	8.03777253E+02
1.49817885E+05	2.99949105E+04	2.90494253E+04	2.26262649E+04	8.47121489E+03	8.03648688E+03	6.50021429E+03	5.82330597E+03	5.53531049E+03	2.87650036E+03	2.67408107E+03	2.24138847E+03	1.92097411E+03	1.84125307E+03	1.21515129E+03	1.13125127E+03	9.87593676E+02	1.41685670E+03	1.39528862E+03	8.56495073E+02	8.39145788E+02
1.49865559E+05	3.00426933E+04	2.90972584E+04	2.26741212E+04	8.51707477E+03	8.08248955E+03	6.54584353E+03	5.86913692E+03	5.58115320E+03	2.91996264E+03	2.71762662E+03	2.28427227E+03	1.96410559E+03	1.88356237E+03	1.25323808E+03	1.17022425E+03	1.02418444E+03	1.45854899E+03	1.43836350E+03	8.92707023E+02	8.73704040E+02
1.49913993E+05	3.00915418E+04	2.91458889E+04	2.27232969E+04	8.56371869E+03	8.12918629E+03	6.59271342E+03	5.91707702E+03	5.62883360E+03	2.96435145E+03	2.76192494E+03	2.32870804E+03	2.01056345E+03	1.92890038E+03	1.29319612E+03	1.21065235E+03	1.06346401E+03	1.50513829E+03	1.48339256E+03	9.32947458E+02
1.49964464E+05	3.01417363E+04	2.91957393E+04	2.27733248E+04	8.61165255E+03	8.17708500E+03	6.63962726E+03	5.96337404E+03	5.67608889E+03	3.00908256E+03	2.80595519E+03	2.37178578E+03	2.05056737E+03	1.97173610E+03	1.33045034E+03	1.24142024E+03	1.09908596E+03	1.54755449E+03	1.52652895E+03	9.68930311E+02
1.50015863E+05	3.01929563E+04	2.92467429E+04	2.28248906E+04	8.66041008E+03	8.22585461E+03	6.68867370E+03	6.01205134E+03	5.72563493E+03	3.05486999E+03	2.85109214E+03	2.41754302E+03	2.09517888E+03	2.01756472E+03	1.36993090E+03	1.27558423E+03	1.13667899E+03	1.59471042E+03	1.57268866E+03	1.00826426E+03
1.50068180E+05	3.02449720E+04	2.92989029E+04	2.28763192E+04	8.70986465E+03	8.27549831E+03	6.73639902E+03	6.06142552E+03	5.77419860E+03	3.10135784E+03	2.89735952E+03	2.46114550E+03	2.14056254E+03	2.06175155E+03	1.41036117E+03	1.31334297E+03	1.17236894E+03	1.64018034E+03	1.61744084E+03	1.04471753E+03
1.50121448E+05	3.02978183E+04	2.93522733E+04	2.29299137E+04	8.76005530E+03	8.32604716E+03	6.78808229E+03	6.11252366E+03	5.82596140E+03	3.14866136E+03	2.94478064E+03	2.51091130E+03	2.18804345E+03	2.11110535E+03	1.45230586E+03	1.35495509E+03	1.21669410E+03	1.68809838E+03	1.66661485E+03
1.50202694E+05	3.03814425E+04	2.94356104E+04	2.30130163E+04	8.84344537E+03	8.41089286E+03	6.86894372E+03	6.19398299E+03	5.90168316E+03	3.21986902E+03	3.01782697E+03	2.57704527E+03	2.25532939E+03	2.16752867E+03	1.50383143E+03	1.40619228E+03	1.26306474E+03	1.75643275E+03	1.73561978E+03
1.50285433E+05	3.04666254E+04	2.95204465E+04	2.30984381E+04	8.92839658E+03	8.49747483E+03	6.95114711E+03	6.28112236E+03	5.98354470E+03	3.29222551E+03	3.09245943E+03	2.64430238E+03	2.32834460E+03	2.23233387E+03	1.55602723E+03	1.45818272E+03	1.31134381E+03	1.82763516E+03	1.80718647E+03
1.50369635E+05	3.05533483E+04	2.96067529E+04	2.31853501E+04	9.01499202E+03	8.58557283E+03	7.03504731E+03	6.37088037E+03	6.06832127E+03	3.36587127E+03	3.16827108E+03	2.71294265E+03	2.40547706E+03	2.30048472E+03	1.60892424E+03	1.51085158E+03	1.36068776E+03	1.90453128E+03	1.88390682E+03
1.50455289E+05	3.06415980E+04	2.96945057E+04	2.32732655E+04	9.10340772E+03	8.67519991E+03	7.12102077E+03	6.46189811E+03	6.15497124E+03	3.44105144E+03	3.24530592E+03	2.78325035E+03	2.47977206E+03	2.37035786E+03	1.66257653E+03	1.56421395E+03	1.40979380E+03	1.98420585E+03	1.96439049E+03
1.50542439E+05	3.07314289E+04	2.97837617E+04	2.33628698E+04	9.19352731E+03	8.76636564E+03	7.20919695E+03	6.55103674E+03	6.24372439E+03	3.51750537E+03	3.32350077E+03	2.85523436E+03	2.55515725E+03	2.44193930E+03	1.71693516E+03	1.61826610E+03	1.45939119E+03	2.06002774E+03	2.04224795E+03
1.50631098E+05	3.08228500E+04	2.98745265E+04	2.34543590E+04	9.28529731E+03	8.85898714E+03	7.30003827E+03	6.64274521E+03	6.33538144E+03	3.59512359E+03	3.40262524E+03	2.92927805E+03	2.63341328E+03	2.51597790E+03	1.77197311E+03	1.67296914E+03	1.51004408E+03	2.13478371E+03	2.11874110E+03
1.50721189E+05	3.09157931E+04	2.99667174E+04	2.35477960E+04	9.37905749E+03	8.95308677E+03	7.39418831E+03	6.73696381E+03	6.43066066E+03	3.67442856E+03	3.48273894E+03	3.00605273E+03	2.64832252E+03	2.59326540E+03	1.82781818E+03	1.72831068E+03	1.56205427E+03	2.21549396E+03
1.50812507E+05	3.10101316E+04	3.00601341E+04	2.36429757E+04	9.47629885E+03	9.04957616E+03	7.49294177E+03	6.83934492E+03	6.53033187E+03	3.75795002E+03	3.56600613E+03	3.08719986E+03	2.75399716E+03	2.67510130E+03	1.88496043E+03	1.78455273E+03	1.61566346E+03	2.30723925E+03
1.50906601E+05	3.11072356E+04	3.01566507E+04	2.37392541E+04	9.57202718E+03	9.14350470E+03	7.58508628E+03	6.92519478E+03	6.62380961E+03	3.83696104E+03	3.64153048E+03	3.16050714E+03	2.82787734E+03	2.74854432E+03	1.94121011E+03	1.84022377E+03	1.66647990E+03	2.38520256E+03
1.51002223E+05	3.12058836E+04	3.02546870E+04	2.38386020E+04	9.67032523E+03	9.23974490E+03	7.68315125E+03	7.01811922E+03	6.72233205E+03	3.91850102E+03	3.71956048E+03	3.23866900E+03	2.88365808E+03	2.82631518E+03	1.99854004E+03	1.89676788E+03	1.72048732E+03	2.46878597E+03
1.51099329E+05	3.13060300E+04	3.03541995E+04	2.39386254E+04	9.77075158E+03	9.33835628E+03	7.78347971E+03	7.11559069E+03	6.82528115E+03	4.00201842E+03	3.80016452E+03	3.31837323E+03	2.97422404E+03	2.90769129E+03	2.05674203E+03	1.95420654E+03	1.77500234E+03	2.55770489E+03
1.51198003E+05	3.14077960E+04	3.04552772E+04	2.40401137E+04	9.87275531E+03	9.43938324E+03	7.88055178E+03	7.21604021E+03	6.92480150E+03	4.08668587E+03	3.88321696E+03	3.39519178E+03	3.04935429E+03	2.98536127E+03	2.11560919E+03	2.01254008E+03	1.82803389E+03	2.64197390E+03
1.51298249E+05	3.15111900E+04	3.05579216E+04	2.41437411E+04	9.97618971E+03	9.54290122E+03	7.98191135E+03	7.31952264E+03	7.02256110E+03	4.17233381E+03	3.96877485E+03	3.47554525E+03	3.16040072E+03	3.06102101E+03	2.17508627E+03	2.07175858E+03	1.88258964E+03	2.72365306E+03
1.51400051E+05	3.16161897E+04	3.06621128E+04	2.42499265E+04	1.00815468E+04	9.64895473E+03	8.09351637E+03	7.42814244E+03	7.13873214E+03	4.25968401E+03	4.05684360E+03	3.56520784E+03	3.24771783E+03	3.15668750E+03	2.23533007E+03	2.13184210E+03	1.94165725E+03
1.51468586E+05	3.16815561E+04	3.07287681E+04	2.43134454E+04	1.01421370E+04	9.71051187E+03	8.15228583E+03	7.48860986E+03	7.19955916E+03	4.31412746E+03	4.11252858E+03	3.61679507E+03	3.30101655E+03	3.21084196E+03	2.27409550E+03	2.17617659E+03	1.98584606E+03
1.51538368E+05	3.17477826E+04	3.07961136E+04	2.43795035E+04	1.02036463E+04	9.77283300E+03	8.21330590E+03	7.55158726E+03	7.26125647E+03	4.36970716E+03	4.16912894E+03	3.67147345E+03	3.35764628E+03	3.26590189E+03	2.31631150E+03	2.22290759E+03	2.03454336E+03
1.51609427E+05	3.18148580E+04	3.08641589E+04	2.44462312E+04	1.02660899E+04	9.83580969E+03	8.27485850E+03	7.61265662E+03	7.32321199E+03	4.42645928E+03	4.22640195E+03	3.72675548E+03	3.41133733E+03	3.32104097E+03	2.36221591E+03	2.27076553E+03	2.07938963E+03
1.51681760E+05	3.18828109E+04	3.09328890E+04	2.45146906E+04	1.03295054E+04	9.89955072E+03	8.33833057E+03	7.67839967E+03	7.38737273E+03	4.48445242E+03	4.28457989E+03	3.78449109E+03	3.47259698E+03	3.37924230E+03	2.41214388E+03	2.32066754E+03
1.51762884E+05	3.19569208E+04	3.10049249E+04	2.45884549E+04	1.03975316E+04	9.96534379E+03	8.40583217E+03	7.74624983E+03	7.45571522E+03	4.54503351E+03	4.34164226E+03	3.84420969E+03	3.53194691E+03	3.43950230E+03	2.45372781E+03	2.37343153E+03
1.51846917E+05	3.20318944E+04	3.10818475E+04	2.46630156E+04	1.04668069E+04	1.00354898E+04	8.47447751E+03	7.81601882E+03	7.52494022E+03	4.60782639E+03	4.40479159E+03	3.90580949E+03	3.59413207E+03	3.50123657E+03	2.50683068E+03
1.51923943E+05	3.21035235E+04	3.11566373E+04	2.47361608E+04	1.05331012E+04	1.01042131E+04	8.54202920E+03	7.88501052E+03	7.59350855E+03	4.66578619E+03	4.46599159E+03	3.96529158E+03	3.65506463E+03	3.56165614E+03	2.56034082E+03
1.52006124E+05	3.21787112E+04	3.12322090E+04	2.48109077E+04	1.06030670E+04	1.01745222E+04	8.61132835E+03	7.95512192E+03	7.66341965E+03	4.72930869E+03	4.52971216E+03	4.02753526E+03	3.71783037E+03	3.62407810E+03
1.52120972E+05	3.22907023E+04	3.13473701E+04	2.49191245E+04	1.07054368E+04	1.02787266E+04	8.71065760E+03	8.05621389E+03	7.75578387E+03	4.80831513E+03	4.61330740E+03	4.09221852E+03	3.79601394E+03	3.70327937E+03
1.52237239E+05	3.24044924E+04	3.14638577E+04	2.50313260E+04	1.08089611E+04	1.03840182E+04	8.81271665E+03	8.16326963E+03	7.86008479E+03	4.88924003E+03	4.69920778E+03	4.16591695E+03	3.88009586E+03	3.78692306E+03
1.52354945E+05	3.25202243E+04	3.15815867E+04	2.51464132E+04	1.09137007E+04	1.04903014E+04	8.91524837E+03	8.27276194E+03	7.96521997E+03	4.97245088E+03	4.78657196E+03	4.24496400E+03	3.96747153E+03	3.87586504E+03
1.52474099E+05	3.26379305E+04	3.17005722E+04	2.52637543E+04	1.10196717E+04	1.05975900E+04	9.01828652E+03	8.37820637E+03	8.07033964E+03	5.05794118E+03	4.87537929E+03	4.32684523E+03	4.04925481E+03	3.96066656E+03
1.52594580E+05	3.27576450E+04	3.18208154E+04	2.53835885E+04	1.11268759E+04	1.07058673E+04	9.12364470E+03	8.48694953E+03	8.17680499E+03	5.14586114E+03	4.96552716E+03	4.41135343E+03	4.13555023E+03	4.04292917E+03
1.52716597E+05	3.28796389E+04	3.19424200E+04	2.55071908E+04	1.12354372E+04	1.08152224E+04	9.23263955E+03	8.60321433E+03	8.29101670E+03	5.23680753E+03	5.05800994E+03	4.50101697E+03	4.23154629E+03
1.52843559E+05	3.30040008E+04	3.20653175E+04	2.56303484E+04	1.13457346E+04	1.09254910E+04	9.33780173E+03	8.70107855E+03	8.39847158E+03	5.32087617E+03	5.12979988E+03	4.58246694E+03	4.31736454E+03
1.52972420E+05	3.31303466E+04	3.21911743E+04	2.57584491E+04	1.14574942E+04	1.10376895E+04	9.44939805E+03	8.81307514E+03	8.51300445E+03	5.40955491E+03	5.20931110E+03	4.66816182E+03	4.41112347E+03
1.53103221E+05	3.32581307E+04	3.23200534E+04	2.58836634E+04	1.15703591E+04	1.11518541E+04	9.55536606E+03	8.92613738E+03	8.62358834E+03	5.50042518E+03	5.29670616E+03	4.74939450E+03	4.49794292E+03
1.53235976E+05	3.33874681E+04	3.24520149E+04	2.60161589E+04	1.16844795E+04	1.12679941E+04	9.67481876E+03	9.04468742E+03	8.74457303E+03	5.59486739E+03	5.39219113E+03	4.84877770E+03
1.53368993E+05	3.35100819E+04	3.25787095E+04	2.61331893E+04	1.17906296E+04	1.13776267E+04	9.77403570E+03	9.15151703E+03	8.85237378E+03	5.66739670E+03	5.47677793E+03	4.93224746E+03
1.53504635E+05	3.36343252E+04	3.27064943E+04	2.62569243E+04	1.18988668E+04	1.14888002E+04	9.88101858E+03	9.26405090E+03	8.96105365E+03	5.74664199E+03	5.56545449E+03	5.02379763E+03
1.53643049E+05	3.37601965E+04	3.28354274E+04	2.63817414E+04	1.20092330E+04	1.16011247E+04	9.98872301E+03	9.37149179E+03	9.07040503E+03	5.83293320E+03	5.65627618E+03	5.10828666E+03
1.53784184E+05	3.38877536E+04	3.29654612E+04	2.65106857E+04	1.21218206E+04	1.17149867E+04	1.01012315E+04	9.49095361E+03	9.18532561E+03	5.92666111E+03	5.75090779E+03
1.53946453E+05	3.40285059E+04	3.31002435E+04	2.66504033E+04	1.22418442E+04	1.18268132E+04	1.02195712E+04	9.61078365E+03	9.30691112E+03	6.00565622E+03	5.85216072E+03
1.54116094E+05	3.41708124E+04	3.32485756E+04	2.67914876E+04	1.23652013E+04	1.19530197E+04	1.03408792E+04	9.73611390E+03	9.43043640E+03	6.10577329E+03
1.54262875E+05	3.43008073E+04	3.33880906E+04	2.69259224E+04	1.24756440E+04	1.20722014E+04	1.04559484E+04	9.85653597E+03	9.54943978E+03	6.20551182E+03
1.54423318E+05	3.44403214E+04	3.35290398E+04	2.70641299E+04	1.25979572E+04	1.21957902E+04	1.05761275E+04	9.97971031E+03	9.67189779E+03
1.54669160E+05	3.46741021E+04	3.37742163E+04	2.72832094E+04	1.27745644E+04	1.23867365E+04	1.07277374E+04	1.01646062E+04	9.85737072E+03
1.54918149E+05	3.49123828E+04	3.40222101E+04	2.75150317E+04	1.29554012E+04	1.25818276E+04	1.08951579E+04	1.03651146E+04	1.00544843E+04
1.55170273E+05	3.51555849E+04	3.42727398E+04	2.77552958E+04	1.31410285E+04	1.27797024E+04	1.10718895E+04	1.05731273E+04	1.02653625E+04
1.55425587E+05	3.54038214E+04	3.45258407E+04	2.80016628E+04	1.33314511E+04	1.29803346E+04	1.12540321E+04	1.07672804E+04	1.04653628E+04
1.55684142E+05	3.56572628E+04	3.47815330E+04	2.82550017E+04	1.35268205E+04	1.31836345E+04	1.14419085E+04	1.09708183E+04	1.06580312E+04
1.55944803E+05	3.59162735E+04	3.50400958E+04	2.85198667E+04	1.37278318E+04	1.33910205E+04	1.16405693E+04	1.11966501E+04
1.56219767E+05	3.61802863E+04	3.52993036E+04	2.87785223E+04	1.39174678E+04	1.35622536E+04	1.18230667E+04	1.14019702E+04
1.56499503E+05	3.64489840E+04	3.55668957E+04	2.90535979E+04	1.41153520E+04	1.37492691E+04	1.20165972E+04	1.16283178E+04
1.56784109E+05	3.67208494E+04	3.58430980E+04	2.93157191E+04	1.43174747E+04	1.39521862E+04	1.21987858E+04	1.18366424E+04
1.57074697E+05	3.69965775E+04	3.61281513E+04	2.96026708E+04	1.45262998E+04	1.41711911E+04	1.24161976E+04
1.57355866E+05	3.72391984E+04	3.63863536E+04	2.98237398E+04	1.46801830E+04	1.43564070E+04	1.25949871E+04
1.57643891E+05	3.74860550E+04	3.66464971E+04	3.00693691E+04	1.48485665E+04	1.45490932E+04	1.27906112E+04
1.57939225E+05	3.77371863E+04	3.69087921E+04	3.03171006E+04	1.50319861E+04	1.47463666E+04	1.29714758E+04
1.58241660E+05	3.79926952E+04	3.71730773E+04	3.05771349E+04	1.52309515E+04	1.49512857E+04
1.58605076E+05	3.82794732E+04	3.74356199E+04	3.08605810E+04	1.54052483E+04	1.51780430E+04
1.58991479E+05	3.85695471E+04	3.77482168E+04	3.11466814E+04	1.56200536E+04
1.59295890E+05	3.88116171E+04	3.80258669E+04	3.14062271E+04	1.58300269E+04
1.59643436E+05	3.90875838E+04	3.83076732E+04	3.16778816E+04
1.60295776E+05	3.94962200E+04	3.88399654E+04	3.21583377E+04
1.60969988E+05	3.99419965E+04	3.93828133E+04	3.26924387E+04
1.61667738E+05	4.04261621E+04	3.99343426E+04	3.31798123E+04
1.62388449E+05	4.09495538E+04	4.04964766E+04
1.63334005E+05	4.14615091E+04	4.12052652E+04
1.64380044E+05	4.20390934E+04
1.65059992E+05	4.25900941E+04
1.65919619E+05
1.68679961E+05
