1.52763709E+05	3.00533329E+04	2.90961095E+04	2.23339226E+04	7.92502790E+03	7.48266876E+03	5.86480930E+03	5.17464084E+03	4.87605235E+03	2.18517466E+03	1.97722366E+03	1.52667029E+03	1.19798303E+03	1.11955114E+03	5.23156460E+02	4.34476950E+02	3.15553670E+02	6.82786997E+02	6.61091146E+02	1.83976493E+02	1.65944073E+02	8.15938069E+01	5.31586769E+01	3.06680877E+01	1.74312603E+01	1.43196851E+01	0	0	7.15977095E+00	4.52470571E+00
1.52770567E+05	3.00602638E+04	2.91030020E+04	2.23408407E+04	7.93185103E+03	7.48948524E+03	5.87164216E+03	5.18143813E+03	4.88284639E+03	2.19195250E+03	1.98400147E+03	1.53345431E+03	1.20478480E+03	1.12635279E+03	5.29995980E+02	4.41311300E+02	3.22364207E+02	6.89576976E+02	6.67881257E+02	1.90786571E+02	1.72756026E+02	8.84293558E+01	5.99775230E+01	3.74670938E+01	2.42379038E+01	2.11359619E+01	0	0	1.33454912E+01
1.52779613E+05	3.00692051E+04	2.91119738E+04	2.23497923E+04	7.94078866E+03	7.49845236E+03	5.88061591E+03	5.19040724E+03	4.89181417E+03	2.20075381E+03	1.99283760E+03	1.54228857E+03	1.21362321E+03	1.13519998E+03	5.38729868E+02	4.50131417E+02	3.31148101E+02	6.98441333E+02	6.76746306E+02	1.99598876E+02	1.81561538E+02	9.68261603E+01	6.85378325E+01	4.56810733E+01	3.29952224E+01	2.98899876E+01	0	0	2.09675015E+01
1.52789324E+05	3.00789653E+04	2.91217460E+04	2.23595388E+04	7.95046406E+03	7.50812548E+03	5.89027690E+03	5.20007339E+03	4.90147717E+03	2.21043089E+03	2.00254001E+03	1.55198398E+03	1.22332419E+03	1.14489838E+03	5.48444492E+02	4.59849459E+02	3.40853808E+02	7.08125450E+02	6.86433046E+02	2.09308124E+02	1.91271770E+02	1.06464088E+02	7.81273153E+01	5.51438018E+01	4.26450284E+01	3.95409925E+01
1.52809211E+05	3.00992354E+04	2.91419550E+04	2.23797406E+04	7.97101851E+03	7.52882342E+03	5.91068647E+03	5.22036077E+03	4.92123929E+03	2.23098835E+03	2.02315469E+03	1.57180841E+03	1.24302516E+03	1.16460665E+03	5.68309327E+02	4.80022602E+02	3.59477961E+02	7.28150499E+02	7.04665989E+02	2.26779925E+02	2.05559308E+02	1.23468596E+02	9.45084790E+01	7.01217205E+01	5.99465691E+01	5.70692695E+01
1.52830508E+05	3.01209612E+04	2.91636053E+04	2.24014879E+04	7.99303434E+03	7.55101091E+03	5.93247692E+03	5.24267243E+03	4.94288694E+03	2.25295630E+03	2.04521034E+03	1.59386450E+03	1.26506491E+03	1.18645171E+03	5.89414607E+02	5.01605718E+02	3.79240299E+02	7.49984329E+02	7.26335805E+02	2.47461226E+02	2.23827051E+02	1.41285894E+02	1.11815863E+02	8.60158123E+01	7.87478463E+01	7.60316940E+01
1.52853089E+05	3.01440122E+04	2.91865696E+04	2.24245319E+04	8.01642037E+03	7.57457501E+03	5.95560899E+03	5.26647016E+03	4.96602397E+03	2.27623523E+03	2.06858348E+03	1.61746194E+03	1.28870217E+03	1.21006575E+03	6.11685057E+02	5.24371766E+02	4.00192440E+02	7.74102729E+02	7.49923531E+02	2.70137311E+02	2.44139547E+02	1.59871991E+02	1.29904912E+02	1.02380234E+02	9.98206532E+01	9.71744721E+01
1.52876937E+05	3.01683705E+04	2.92108161E+04	2.24488391E+04	8.04115832E+03	7.59945912E+03	5.98012177E+03	5.29150030E+03	4.99051743E+03	2.30076286E+03	2.09318804E+03	1.64180946E+03	1.31333668E+03	1.23419153E+03	6.35082893E+02	5.48242464E+02	4.22403479E+02	7.99121028E+02	7.74122681E+02	2.90198169E+02	2.65711445E+02	1.79218146E+02	1.48745470E+02	1.19430700E+02	1.22126378E+02	1.19776262E+02
1.52901949E+05	3.01939535E+04	2.92362785E+04	2.24743902E+04	8.06712546E+03	7.62557185E+03	6.00593606E+03	5.31734252E+03	5.01632329E+03	2.32647880E+03	2.11898888E+03	1.66709853E+03	1.33846409E+03	1.25930420E+03	6.59424494E+02	5.73004126E+02	4.45817921E+02	8.13652022E+02	7.99238758E+02	3.03690216E+02	2.88429718E+02	1.99177185E+02	1.68218986E+02	1.37175975E+02	1.43840091E+02	1.42048247E+02
1.52928230E+05	3.02207932E+04	2.92629734E+04	2.25012510E+04	8.09431895E+03	7.65286134E+03	6.03316208E+03	5.34441291E+03	5.04361057E+03	2.35333034E+03	2.14590966E+03	1.69378176E+03	1.36514324E+03	1.28590913E+03	6.84593959E+02	5.98322816E+02	4.70529951E+02	8.42792982E+02	8.25907868E+02	3.26892567E+02	3.12622814E+02	2.19655855E+02	1.88096158E+02	1.55719688E+02	1.64641539E+02	1.67547083E+02
1.52955922E+05	3.02489385E+04	2.92909203E+04	2.25294869E+04	8.12274562E+03	7.68124528E+03	6.06191282E+03	5.37231499E+03	5.07260021E+03	2.38131131E+03	2.17388263E+03	1.72208722E+03	1.39345266E+03	1.31439917E+03	7.10562624E+02	6.24041743E+02	4.96685496E+02	8.70748320E+02	8.54626784E+02	3.53614367E+02	3.38665245E+02	2.40650225E+02	2.08211333E+02	1.75218971E+02	1.94901766E+02	1.92524299E+02
1.52983706E+05	3.02773936E+04	2.93191608E+04	2.25580031E+04	8.15258370E+03	7.71093769E+03	6.09187118E+03	5.40310049E+03	5.10235437E+03	2.41040340E+03	2.20282001E+03	1.75091888E+03	1.42264172E+03	1.34326760E+03	7.39563038E+02	6.53807563E+02	5.25681189E+02	9.01201514E+02	8.83765877E+02	3.78931910E+02	3.66492401E+02	2.64046067E+02	2.30797184E+02	1.95965964E+02	2.19046219E+02
1.53013406E+05	3.03078054E+04	2.93494061E+04	2.25883040E+04	8.18327758E+03	7.74143012E+03	6.12229116E+03	5.43277284E+03	5.13287127E+03	2.44045369E+03	2.23283340E+03	1.78005560E+03	1.45216523E+03	1.37232473E+03	7.67686968E+02	6.80440490E+02	5.52176775E+02	9.28696578E+02	9.13006825E+02	4.06099457E+02	3.92049253E+02	2.86290682E+02	2.51538212E+02	2.15554006E+02	2.43507779E+02
1.53044103E+05	3.03392296E+04	2.93806648E+04	2.26198507E+04	8.21531623E+03	7.77308083E+03	6.15441528E+03	5.46407327E+03	5.16505292E+03	2.47165982E+03	2.26384294E+03	1.81128854E+03	1.48313619E+03	1.40324608E+03	7.97095472E+02	7.08259830E+02	5.80566069E+02	9.59190321E+02	9.43977889E+02	4.34416419E+02	4.19466623E+02	3.09482069E+02	2.73161720E+02	2.36527018E+02	2.70215976E+02
1.53075662E+05	3.03715853E+04	2.94128536E+04	2.26521669E+04	8.24844791E+03	7.80583403E+03	6.18741253E+03	5.49669139E+03	5.19835681E+03	2.50383979E+03	2.29581815E+03	1.84326261E+03	1.51467355E+03	1.43554366E+03	8.27521437E+02	7.37204927E+02	6.09379605E+02	9.91546910E+02	9.76508199E+02	4.62766886E+02	4.48085481E+02	3.33363052E+02	2.95562480E+02	2.57804983E+02	2.98391021E+02
1.53108305E+05	3.04050229E+04	2.94461053E+04	2.26855779E+04	8.28263970E+03	7.83977294E+03	6.22092156E+03	5.53055730E+03	5.23186465E+03	2.53696889E+03	2.32882086E+03	1.87516274E+03	1.54706028E+03	1.46730685E+03	8.58678231E+02	7.67235709E+02	6.38229416E+02	1.02321314E+03	1.00863183E+03	4.90216952E+02	4.75779327E+02	3.57704177E+02	3.18669733E+02	2.78966384E+02	3.25494796E+02
1.53141919E+05	3.04394831E+04	2.94803615E+04	2.27200965E+04	8.31781922E+03	7.87488030E+03	6.25579040E+03	5.56567050E+03	5.26609970E+03	2.57098783E+03	2.36282286E+03	1.90856422E+03	1.58069007E+03	1.49950120E+03	8.90523506E+02	7.98487746E+02	6.68763348E+02	1.06399465E+03	1.04107059E+03	5.27910754E+02	5.03548829E+02	3.82482735E+02	3.42504273E+02	3.01155526E+02	3.52221356E+02
1.53176512E+05	3.04749486E+04	2.95156064E+04	2.27557715E+04	8.35404713E+03	7.91115043E+03	6.29312626E+03	5.60236706E+03	5.30401510E+03	2.60592884E+03	2.39780702E+03	1.94489633E+03	1.61600548E+03	1.53704434E+03	9.23286486E+02	8.31002251E+02	7.03258653E+02	1.10061559E+03	1.07874538E+03	5.59818947E+02	5.39348092E+02	4.07851209E+02	3.67043932E+02	3.25700536E+02
1.53203355E+05	3.05013338E+04	2.95421737E+04	2.27818439E+04	8.37981196E+03	7.93705905E+03	6.31858106E+03	5.62804951E+03	5.32980798E+03	2.63096092E+03	2.42304561E+03	1.96952672E+03	1.64066847E+03	1.56189086E+03	9.46786229E+02	8.54889179E+02	7.25836207E+02	1.12526673E+03	1.10352771E+03	5.82350287E+02	5.62288208E+02	4.25402515E+02	3.86466594E+02	3.45072455E+02
1.53229524E+05	3.05280285E+04	2.95692708E+04	2.28087666E+04	8.40605597E+03	7.96349956E+03	6.34482847E+03	5.65465640E+03	5.35618165E+03	2.65655820E+03	2.44883352E+03	1.99495329E+03	1.66663975E+03	1.58757577E+03	9.70942626E+02	8.79363458E+02	7.49567391E+02	1.15133403E+03	1.12950945E+03	6.06578520E+02	5.85909777E+02	4.44403753E+02	4.07328128E+02	3.66810387E+02
1.53258860E+05	3.05557748E+04	2.95970032E+04	2.28362114E+04	8.43299104E+03	7.99046554E+03	6.37156424E+03	5.68113712E+03	5.38293249E+03	2.68277433E+03	2.47512217E+03	2.02089336E+03	1.69196000E+03	1.61338243E+03	9.95795574E+02	9.04318052E+02	7.73856801E+02	1.17688399E+03	1.15533106E+03	6.29605786E+02	6.09627332E+02	4.65031540E+02	4.28655110E+02	3.86773060E+02
1.53287571E+05	3.05838405E+04	2.96252667E+04	2.28643361E+04	8.46044256E+03	8.01798315E+03	6.39905977E+03	5.70911754E+03	5.41051182E+03	2.70959804E+03	2.50195603E+03	2.04773616E+03	1.71966179E+03	1.64029427E+03	1.02140769E+03	9.29857846E+02	7.99315992E+02	1.20436388E+03	1.18231159E+03	6.56347354E+02	6.34929994E+02	4.87674177E+02	4.50883319E+02
1.53319728E+05	3.06146416E+04	2.96557176E+04	2.28951207E+04	8.49035655E+03	8.04743418E+03	6.42892898E+03	5.73900701E+03	5.44049473E+03	2.73857657E+03	2.53029422E+03	2.07658524E+03	1.74839542E+03	1.66920235E+03	1.04842278E+03	9.55563396E+02	8.25924997E+02	1.23328868E+03	1.21132846E+03	6.82059423E+02	6.61201511E+02	5.06954081E+02	4.74659883E+02
1.53352758E+05	3.06461727E+04	2.96875189E+04	2.29265920E+04	8.52101922E+03	8.07819701E+03	6.45950045E+03	5.76968847E+03	5.47112726E+03	2.76842200E+03	2.56017506E+03	2.10622332E+03	1.77806049E+03	1.69882044E+03	1.07667170E+03	9.83715033E+02	8.53641851E+02	1.26296951E+03	1.24098716E+03	7.09484096E+02	6.88518704E+02	5.31509580E+02
1.53385772E+05	3.06780554E+04	2.97199808E+04	2.29588202E+04	8.55205265E+03	8.10972020E+03	6.49087035E+03	5.80128563E+03	5.50267834E+03	2.79831685E+03	2.59067945E+03	2.13644947E+03	1.80850334E+03	1.72918417E+03	1.10386018E+03	1.01193831E+03	8.81026402E+02	1.29353030E+03	1.27151646E+03	7.36860935E+02	7.15629370E+02	5.56749655E+02
1.53420037E+05	3.07110703E+04	2.97531809E+04	2.29917596E+04	8.58427661E+03	8.14202198E+03	6.52300256E+03	5.83352867E+03	5.53487481E+03	2.82970139E+03	2.62209454E+03	2.16759705E+03	1.83969762E+03	1.76030768E+03	1.13347244E+03	1.04146322E+03	9.09977051E+02	1.32473937E+03	1.30269500E+03	7.65537248E+02	7.44142317E+02
1.53465540E+05	3.07562814E+04	2.97990085E+04	2.30361856E+04	8.62823161E+03	8.18627735E+03	6.56634020E+03	5.87699354E+03	5.57685050E+03	2.87118556E+03	2.66395046E+03	2.20819233E+03	1.87974443E+03	1.79775252E+03	1.16852043E+03	1.07774370E+03	9.37524955E+02	1.36498164E+03	1.34249065E+03	7.98194850E+02	7.77298208E+02
1.53511887E+05	3.08023935E+04	2.98456555E+04	2.30819520E+04	8.67292193E+03	8.23126637E+03	6.61094369E+03	5.92247467E+03	5.62174397E+03	2.91336035E+03	2.70653824E+03	2.25008401E+03	1.92243663E+03	1.83982288E+03	1.20435879E+03	1.11526529E+03	9.69233751E+02	1.40663784E+03	1.38474959E+03	8.33525045E+02	8.12614827E+02
1.53559056E+05	3.08494302E+04	2.98930836E+04	2.31288720E+04	8.71835157E+03	8.27694981E+03	6.65601195E+03	5.96870566E+03	5.66717507E+03	2.95627264E+03	2.74976688E+03	2.29221158E+03	1.96624423E+03	1.88238404E+03	1.24120667E+03	1.15361484E+03	1.00370463E+03	1.44979263E+03	1.42750370E+03	8.70293550E+02	8.50246159E+02
1.53607052E+05	3.08973984E+04	2.99412861E+04	2.31768022E+04	8.76452342E+03	8.32332901E+03	6.70166159E+03	6.01450050E+03	5.71310110E+03	2.99992818E+03	2.79364451E+03	2.33487490E+03	2.00856090E+03	1.92468794E+03	1.27901207E+03	1.19275265E+03	1.03969844E+03	1.49258157E+03	1.46991272E+03	9.05107197E+02	8.86370222E+02
1.53655874E+05	3.09463377E+04	2.99902733E+04	2.32258110E+04	8.81145388E+03	8.37040980E+03	6.74833580E+03	6.06139202E+03	5.75998743E+03	3.04435439E+03	2.83815928E+03	2.37868102E+03	2.05261777E+03	1.96788662E+03	1.31794811E+03	1.23255361E+03	1.07705311E+03	1.53535554E+03	1.51392095E+03	9.42075522E+02	9.21636471E+02
1.53705466E+05	3.09963341E+04	3.00400455E+04	2.32761481E+04	8.85916348E+03	8.41817830E+03	6.79626813E+03	6.11043259E+03	5.80877622E+03	3.08970172E+03	2.88342264E+03	2.42406448E+03	2.10006539E+03	2.01422151E+03	1.35871709E+03	1.27377311E+03	1.11711146E+03	1.58307035E+03	1.55993842E+03	9.83176659E+02
1.53757148E+05	3.10477403E+04	3.00910967E+04	2.33273573E+04	8.90820151E+03	8.46717679E+03	6.84423251E+03	6.15777081E+03	5.85709162E+03	3.13540461E+03	2.92839847E+03	2.46803992E+03	2.14095001E+03	2.05795279E+03	1.39672642E+03	1.30527632E+03	1.15343794E+03	1.62642004E+03	1.60399602E+03	1.01990625E+03
1.53809747E+05	3.11001493E+04	3.01432946E+04	2.33801095E+04	8.95805291E+03	8.51704544E+03	6.89437114E+03	6.20753182E+03	5.90774336E+03	3.18216291E+03	2.97449412E+03	2.51475239E+03	2.18650237E+03	2.10474057E+03	1.43698897E+03	1.34022759E+03	1.19176063E+03	1.67455320E+03	1.65113730E+03	1.06006346E+03
1.53863293E+05	3.11533727E+04	3.01966779E+04	2.34327443E+04	9.00861534E+03	8.56780895E+03	6.94314290E+03	6.25800590E+03	5.95738614E+03	3.22963019E+03	3.02174288E+03	2.55924744E+03	2.23282336E+03	2.14984700E+03	1.47822684E+03	1.37881817E+03	1.22814103E+03	1.72089600E+03	1.69683825E+03	1.09727072E+03
1.53917791E+05	3.12074135E+04	3.02512661E+04	2.34875369E+04	9.05990511E+03	8.61947597E+03	6.99594555E+03	6.31022468E+03	6.01027312E+03	3.27791736E+03	3.07015789E+03	2.61002801E+03	2.28127598E+03	2.20019894E+03	1.52101427E+03	1.42128456E+03	1.27331974E+03	1.76980192E+03	1.74702265E+03
1.54000727E+05	3.12927509E+04	3.03363146E+04	2.35723613E+04	9.14496763E+03	8.70602839E+03	7.07837693E+03	6.39331235E+03	6.08746616E+03	3.35050892E+03	3.14464478E+03	2.67738958E+03	2.34979444E+03	2.25774898E+03	1.57357728E+03	1.47358886E+03	1.32057723E+03	1.83947722E+03	1.81738334E+03
1.54085155E+05	3.13796423E+04	3.04228529E+04	2.36595060E+04	9.23159604E+03	8.79431453E+03	7.16216933E+03	6.48215346E+03	6.17093033E+03	3.42425752E+03	3.22072250E+03	2.74588256E+03	2.42412900E+03	2.32378073E+03	1.62680895E+03	1.52664502E+03	1.36975685E+03	1.91205159E+03	1.89031949E+03
1.54171049E+05	3.14680791E+04	3.05108653E+04	2.37481357E+04	9.31988646E+03	8.88412482E+03	7.24768196E+03	6.57362820E+03	6.25734229E+03	3.49931283E+03	3.29798632E+03	2.81576864E+03	2.50249226E+03	2.39318380E+03	1.68074493E+03	1.58038020E+03	1.42000861E+03	1.99040160E+03	1.96846709E+03
1.54258395E+05	3.15580479E+04	3.06003251E+04	2.38377725E+04	9.41000117E+03	8.97545724E+03	7.33527390E+03	6.66640050E+03	6.34563340E+03	3.57591736E+03	3.37647470E+03	2.88732408E+03	2.57819830E+03	2.46430977E+03	1.73543980E+03	1.63481010E+03	1.47003147E+03	2.07158716E+03	2.05045731E+03
1.54347235E+05	3.16495904E+04	3.06912813E+04	2.39290982E+04	9.50183748E+03	9.06833362E+03	7.42508579E+03	6.75718113E+03	6.43604017E+03	3.65382412E+03	3.45613637E+03	2.96056589E+03	2.65475663E+03	2.53715425E+03	1.79084512E+03	1.68992983E+03	1.52052193E+03	2.14883257E+03	2.12975779E+03
1.54437577E+05	3.17427229E+04	3.07837408E+04	2.40223110E+04	9.59534236E+03	9.16267233E+03	7.51757853E+03	6.85056381E+03	6.52936227E+03	3.73293024E+03	3.53676068E+03	3.03588426E+03	2.73428934E+03	2.61246860E+03	1.84693755E+03	1.74570418E+03	1.57207290E+03	2.22486796E+03	2.20759668E+03
1.54529350E+05	3.18373702E+04	3.08776180E+04	2.41174726E+04	9.69085998E+03	9.25850346E+03	7.61340810E+03	6.94664489E+03	6.62632926E+03	3.81377072E+03	3.61842515E+03	3.11396197E+03	2.80981205E+03	2.69104892E+03	1.90384257E+03	1.80212280E+03	1.62498943E+03	2.30692666E+03	2.28624206E+03
1.54622372E+05	3.19334302E+04	3.09727425E+04	2.42144252E+04	9.78974069E+03	9.35663432E+03	7.71386029E+03	7.05060533E+03	6.72778938E+03	3.89862680E+03	3.70302809E+03	3.19637768E+03	2.85705233E+03	2.77423964E+03	1.96200604E+03	1.85942479E+03	1.67952241E+03	2.40035576E+03
1.54718206E+05	3.20322873E+04	3.10710135E+04	2.43124600E+04	9.88718695E+03	9.45226706E+03	7.80756638E+03	7.13798885E+03	6.82288590E+03	3.97900884E+03	3.77991814E+03	3.27084834E+03	2.93196178E+03	2.84887953E+03	2.01929601E+03	1.91614383E+03	1.73119665E+03	2.47966591E+03
1.54815566E+05	3.21326952E+04	3.11708046E+04	2.44135939E+04	9.98719819E+03	9.55022204E+03	7.90730451E+03	7.23254837E+03	6.92309649E+03	4.06193811E+03	3.85933790E+03	3.35026990E+03	2.98762767E+03	2.92790492E+03	2.07766415E+03	1.97374418E+03	1.78612108E+03	2.56464296E+03
1.54914420E+05	3.22346077E+04	3.12720739E+04	2.45153812E+04	1.00893338E+04	9.65055985E+03	8.00938942E+03	7.33168724E+03	7.02783333E+03	4.14685630E+03	3.94135652E+03	3.43130395E+03	3.07970945E+03	3.01061501E+03	2.13690445E+03	2.03224385E+03	1.84156801E+03	2.65508733E+03
1.55014841E+05	3.23381442E+04	3.13749089E+04	2.46186471E+04	1.01930573E+04	9.75332420E+03	8.10803537E+03	7.43382650E+03	7.12904261E+03	4.23294683E+03	4.02585875E+03	3.50930053E+03	3.15603960E+03	3.08953795E+03	2.19681438E+03	2.09164497E+03	1.89546536E+03	2.74078324E+03
1.55116847E+05	3.24433105E+04	3.14793081E+04	2.47240668E+04	1.02982173E+04	9.85859420E+03	8.21102925E+03	7.53903204E+03	7.22841015E+03	4.32003065E+03	4.11289461E+03	3.59087838E+03	3.27052731E+03	3.16637705E+03	2.25733691E+03	2.15193777E+03	1.95090202E+03	2.82381236E+03
1.55220406E+05	3.25500901E+04	3.15852571E+04	2.48320754E+04	1.04053086E+04	9.96641167E+03	8.32442019E+03	7.64944359E+03	7.34645122E+03	4.40884430E+03	4.20247358E+03	3.68190338E+03	3.35924092E+03	3.26349873E+03	2.31863226E+03	2.21310294E+03	2.01091850E+03
1.55290163E+05	3.26165855E+04	3.16530772E+04	2.48966615E+04	1.04668956E+04	1.00290006E+04	8.38413552E+03	7.71090220E+03	7.40826650E+03	4.46415515E+03	4.25906613E+03	3.73429464E+03	3.41338733E+03	3.31850715E+03	2.35808192E+03	2.25820226E+03	2.05580143E+03
1.55361169E+05	3.26839440E+04	3.17215866E+04	2.49638264E+04	1.05294136E+04	1.00923570E+04	8.44614001E+03	7.77490791E+03	7.47095911E+03	4.52062008E+03	4.31658011E+03	3.78982986E+03	3.47090984E+03	3.37442246E+03	2.40102993E+03	2.30571840E+03	2.10525483E+03
1.55433357E+05	3.27521417E+04	3.17908083E+04	2.50316689E+04	1.05928717E+04	1.01563706E+04	8.50867389E+03	7.83695994E+03	7.53390266E+03	4.57827171E+03	4.37476997E+03	3.84595510E+03	3.52543931E+03	3.43041591E+03	2.44770986E+03	2.35436716E+03	2.15078824E+03
1.55506955E+05	3.28212483E+04	3.18607209E+04	2.51012689E+04	1.06573222E+04	1.02211557E+04	8.57315756E+03	7.90375663E+03	7.59908948E+03	4.63718654E+03	4.43387695E+03	3.90458082E+03	3.58765340E+03	3.48951770E+03	2.49844644E+03	2.40507805E+03
1.55589724E+05	3.28967759E+04	3.19341189E+04	2.51763991E+04	1.07265959E+04	1.02881372E+04	8.64185533E+03	7.97281737E+03	7.66864626E+03	4.69883511E+03	4.49194012E+03	3.96530043E+03	3.64800609E+03	3.55079564E+03	2.54071724E+03	2.45877843E+03
1.55675552E+05	3.29731950E+04	3.20125574E+04	2.52523443E+04	1.07971217E+04	1.03595728E+04	8.71170341E+03	8.04382930E+03	7.73908568E+03	4.76272360E+03	4.55620797E+03	4.02793028E+03	3.71125178E+03	3.61356663E+03	2.59473283E+03
1.55754024E+05	3.30461042E+04	3.20887465E+04	2.53267886E+04	1.08645616E+04	1.04295140E+04	8.78040587E+03	8.11400977E+03	7.80882202E+03	4.82165724E+03	4.61845880E+03	4.08837161E+03	3.77319178E+03	3.67497005E+03	2.64914569E+03
1.55837815E+05	3.31226663E+04	3.21657004E+04	2.54028622E+04	1.09357463E+04	1.05010515E+04	8.85087757E+03	8.18531714E+03	7.87991874E+03	4.88625307E+03	4.68326301E+03	4.15162758E+03	3.83699072E+03	3.73841051E+03
1.55954406E+05	3.32363783E+04	3.22826392E+04	2.55127025E+04	1.10396696E+04	1.06068630E+04	8.95165120E+03	8.28789895E+03	7.97362685E+03	4.96647976E+03	4.76816823E+03	4.21725110E+03	3.91632266E+03	3.81875467E+03
1.56072440E+05	3.33519100E+04	3.24009059E+04	2.56265887E+04	1.11447606E+04	1.07137667E+04	9.05518318E+03	8.39652018E+03	8.07942802E+03	5.04865804E+03	4.85538587E+03	4.29202700E+03	4.00163009E+03	3.90358543E+03
1.56191898E+05	3.34693977E+04	3.25204109E+04	2.57433872E+04	1.12510730E+04	1.08216615E+04	9.15919799E+03	8.50758616E+03	8.18607760E+03	5.13315173E+03	4.94407041E+03	4.37220519E+03	4.09028007E+03	3.99379235E+03
1.56312810E+05	3.35888750E+04	3.26411701E+04	2.58624590E+04	1.13586244E+04	1.09305630E+04	9.26370084E+03	8.61454700E+03	8.29269273E+03	5.21995468E+03	5.03420169E+03	4.45523908E+03	4.17322614E+03	4.07978190E+03
1.56435186E+05	3.37104001E+04	3.27631924E+04	2.59840526E+04	1.14674235E+04	1.10404570E+04	9.37054498E+03	8.72480412E+03	8.40065882E+03	5.30921946E+03	5.12569040E+03	4.54093007E+03	4.26072962E+03	4.16317427E+03
1.56558986E+05	3.38341871E+04	3.28865665E+04	2.61094671E+04	1.15775763E+04	1.11514278E+04	9.48107415E+03	8.84264890E+03	8.51649641E+03	5.40151295E+03	5.21951552E+03	4.63182743E+03	4.35807546E+03
1.56687878E+05	3.39605169E+04	3.30114286E+04	2.62344810E+04	1.16895530E+04	1.12633599E+04	9.58774025E+03	8.94208097E+03	8.62548707E+03	5.48684331E+03	5.29250431E+03	4.71440333E+03	4.44511898E+03
1.56818698E+05	3.40888016E+04	3.31392603E+04	2.63644559E+04	1.18029861E+04	1.13772471E+04	9.70093813E+03	9.05569604E+03	8.74166118E+03	5.57682963E+03	5.37330514E+03	4.80127393E+03	4.54022328E+03
1.56951483E+05	3.42185183E+04	3.32701286E+04	2.64916214E+04	1.19175297E+04	1.14931315E+04	9.80840951E+03	9.17038485E+03	8.85382214E+03	5.66904287E+03	5.46207646E+03	4.88362240E+03	4.62828088E+03
1.57086250E+05	3.43497704E+04	3.34040889E+04	2.66260097E+04	1.20333267E+04	1.16110158E+04	9.92951972E+03	9.29063639E+03	8.97647398E+03	5.76488982E+03	5.55901280E+03	4.98435020E+03
1.57220084E+05	3.44739434E+04	3.35326252E+04	2.67446647E+04	1.21408972E+04	1.17222190E+04	1.00300620E+04	9.39893704E+03	9.08573972E+03	5.83851938E+03	5.64488480E+03	5.06894269E+03
1.57357704E+05	3.45999878E+04	3.36623005E+04	2.68701346E+04	1.22506440E+04	1.18349786E+04	1.01384899E+04	9.51301451E+03	9.19586945E+03	5.91896640E+03	5.73487793E+03	5.16171294E+03
1.57498163E+05	3.47276906E+04	3.37931494E+04	2.69966927E+04	1.23625584E+04	1.19488995E+04	1.02476386E+04	9.62191766E+03	9.30667735E+03	6.00653774E+03	5.82703083E+03	5.24731978E+03
1.57642510E+05	3.48573188E+04	3.39251458E+04	2.71274429E+04	1.24767844E+04	1.20643762E+04	1.03616549E+04	9.74297659E+03	9.42313371E+03	6.10163084E+03	5.92302589E+03
1.57807873E+05	3.50005213E+04	3.40622334E+04	2.72694454E+04	1.25988066E+04	1.21780237E+04	1.04818261E+04	9.86467927E+03	9.54660918E+03	6.18186230E+03	6.02593621E+03
1.57980902E+05	3.51453342E+04	3.42132560E+04	2.74128571E+04	1.27241724E+04	1.23063475E+04	1.06049979E+04	9.99198646E+03	9.67203041E+03	6.28356265E+03
1.58130177E+05	3.52774204E+04	3.43551785E+04	2.75494200E+04	1.28363284E+04	1.24274577E+04	1.07217830E+04	1.01142442E+04	9.79280720E+03	6.38485053E+03
1.58293543E+05	3.54192629E+04	3.44984775E+04	2.76898159E+04	1.29605795E+04	1.25530153E+04	1.08437653E+04	1.02392850E+04	9.91710036E+03
1.58542450E+05	3.56561094E+04	3.47468396E+04	2.79116419E+04	1.31396648E+04	1.27467451E+04	1.09972909E+04	1.04265587E+04	1.01048637E+04
1.58794527E+05	3.58974997E+04	3.49980034E+04	2.81463595E+04	1.33230529E+04	1.29446380E+04	1.11668322E+04	1.06296481E+04	1.03043985E+04
1.59049760E+05	3.61438474E+04	3.52516990E+04	2.83895921E+04	1.35113013E+04	1.31453267E+04	1.13457704E+04	1.08402728E+04	1.05178894E+04
1.59308208E+05	3.63952679E+04	3.55079603E+04	2.86389832E+04	1.37044166E+04	1.33487862E+04	1.15301661E+04	1.10369110E+04	1.07203198E+04
1.59569921E+05	3.66519284E+04	3.57668129E+04	2.88954289E+04	1.39025456E+04	1.35549340E+04	1.17203552E+04	1.12429291E+04	1.09152571E+04
1.59834823E+05	3.69143745E+04	3.60285437E+04	2.91635486E+04	1.41064210E+04	1.37651960E+04	1.19214527E+04	1.14714811E+04
1.60113376E+05	3.71821746E+04	3.62915512E+04	2.94255703E+04	1.42987736E+04	1.39389166E+04	1.21062239E+04	1.16794275E+04
1.60396781E+05	3.74545467E+04	3.65629423E+04	2.97040254E+04	1.44994576E+04	1.41286604E+04	1.23021796E+04	1.19087016E+04
1.60685127E+05	3.77300482E+04	3.68429409E+04	2.99698521E+04	1.47044359E+04	1.43345474E+04	1.24866271E+04	1.21196828E+04
1.60978484E+05	3.80091287E+04	3.71317571E+04	3.02602307E+04	1.49161688E+04	1.45567538E+04	1.27066356E+04
1.61263340E+05	3.82549263E+04	3.73934414E+04	3.04839648E+04	1.50722320E+04	1.47446387E+04	1.28876028E+04
1.61555155E+05	3.85050473E+04	3.76571149E+04	3.07326251E+04	1.52429843E+04	1.49400241E+04	1.30855959E+04
1.61854370E+05	3.87595236E+04	3.79229985E+04	3.09833999E+04	1.54289553E+04	1.51400320E+04	1.32686365E+04
1.62160789E+05	3.90184635E+04	3.81909215E+04	3.12466737E+04	1.56306425E+04	1.53477334E+04
1.62531110E+05	3.93101448E+04	3.84578252E+04	3.15344438E+04	1.58077745E+04	1.55782801E+04
1.62925402E+05	3.96053020E+04	3.87761193E+04	3.18249952E+04	1.60259537E+04
1.63234870E+05	3.98511248E+04	3.90585834E+04	3.20884158E+04	1.62391957E+04
1.63588782E+05	4.01316459E+04	3.93450146E+04	3.23641451E+04
1.64249300E+05	4.05460215E+04	3.98853551E+04	3.28502598E+04
1.64931887E+05	4.09981520E+04	4.04360646E+04	3.33907592E+04
1.65638250E+05	4.14892947E+04	4.09954634E+04	3.38837915E+04
1.66367762E+05	4.20202672E+04	4.15652959E+04
1.67333216E+05	4.25424619E+04	4.22889167E+04
1.68403793E+05	4.31301983E+04
1.69095514E+05	4.36910818E+04
1.69972521E+05
1.72789820E+05
