1.56589250E+05	3.09325072E+04	2.99649584E+04	2.28441174E+04	8.17919737E+03	7.73032466E+03	6.02292391E+03	5.32217881E+03	5.00985431E+03	2.26681443E+03	2.05490929E+03	1.57750099E+03	1.24275063E+03	1.16024373E+03	5.47270761E+02	4.56363796E+02	3.29125988E+02	7.15556726E+02	6.92601132E+02	1.94137967E+02	1.74909837E+02	8.54757714E+01	5.61247205E+01	3.05173459E+01	2.09283508E+01	1.72945502E+01	5.60228453E+00	0	6.55377412E+00
1.56596991E+05	3.09402958E+04	2.99727680E+04	2.28519064E+04	8.18687101E+03	7.73803329E+03	6.03063182E+03	5.32991964E+03	5.01757932E+03	2.27443577E+03	2.06259385E+03	1.58515475E+03	1.25049268E+03	1.16796470E+03	5.54944951E+02	4.64164183E+02	3.36794675E+02	7.23299043E+02	7.00329886E+02	2.01901326E+02	1.82637922E+02	9.28248787E+01	6.38099619E+01	3.76872559E+01	2.86390528E+01	2.50441716E+01	1.30471504E+01	0	1.47084622E+01
1.56606041E+05	3.09493383E+04	2.99817933E+04	2.28609389E+04	8.19581166E+03	7.74696059E+03	6.03958135E+03	5.33879522E+03	5.02646044E+03	2.28331611E+03	2.07147027E+03	1.59405544E+03	1.25931972E+03	1.17681511E+03	5.63782290E+02	4.72970823E+02	3.45623449E+02	7.32138705E+02	7.09179743E+02	2.10670655E+02	1.91424242E+02	1.01617855E+02	7.25298180E+01	4.63478084E+01	3.74107881E+01	3.37370961E+01	2.07873948E+01
1.56618064E+05	3.09614615E+04	2.99938891E+04	2.28729796E+04	8.20790466E+03	7.75904220E+03	6.05154490E+03	5.35086476E+03	5.03845983E+03	2.29535636E+03	2.08348931E+03	1.60586793E+03	1.27132571E+03	1.18865738E+03	5.75825956E+02	4.84946121E+02	3.57207143E+02	7.44103413E+02	7.21045954E+02	2.22650820E+02	2.02995758E+02	1.13670285E+02	8.38124107E+01	5.72368328E+01	4.91734037E+01	4.51912923E+01	3.06610560E+01
1.56631453E+05	3.09748489E+04	3.00072654E+04	2.28864295E+04	8.22115561E+03	7.77230823E+03	6.06493273E+03	5.36415931E+03	5.05182966E+03	2.30857636E+03	2.09671913E+03	1.61935091E+03	1.28460806E+03	1.20210890E+03	5.89052678E+02	4.98177209E+02	3.71011584E+02	7.57388843E+02	7.34451732E+02	2.36049207E+02	2.16859697E+02	1.26924532E+02	9.68584817E+01	7.13739358E+01	6.25883266E+01	5.92049601E+01
1.56653038E+05	3.09968514E+04	3.00291927E+04	2.29083515E+04	8.24343040E+03	7.79472705E+03	6.08703522E+03	5.38614614E+03	5.07323299E+03	2.33082075E+03	2.11902335E+03	1.64079878E+03	1.30592339E+03	1.22342900E+03	6.10443560E+02	5.19888345E+02	3.91009137E+02	7.79058879E+02	7.54198142E+02	2.54951197E+02	2.32240733E+02	1.45000844E+02	1.14319989E+02	8.72695798E+01	8.12208133E+01	7.80552303E+01
1.56675865E+05	3.10201848E+04	3.00524474E+04	2.29317252E+04	8.26708828E+03	7.81857627E+03	6.11044421E+03	5.41012005E+03	5.09650408E+03	2.35438401E+03	2.14268000E+03	1.66444194E+03	1.32955373E+03	1.24684395E+03	6.32961144E+02	5.42902659E+02	4.12052659E+02	8.02477985E+02	7.77439276E+02	2.76958597E+02	2.51696213E+02	1.63820401E+02	1.32642610E+02	1.04095785E+02	1.01281896E+02	9.82740333E+01
1.56699958E+05	3.10447770E+04	3.00769313E+04	2.29563046E+04	8.29203044E+03	7.84370087E+03	6.13511472E+03	5.43550237E+03	5.12117600E+03	2.37915460E+03	2.16754799E+03	1.68952681E+03	1.35468572E+03	1.27194868E+03	6.56561387E+02	5.67014527E+02	4.34221659E+02	8.28147473E+02	8.02519003E+02	3.01075546E+02	2.73178864E+02	1.83360096E+02	1.51695996E+02	1.21306901E+02	1.23603996E+02	1.20658507E+02
1.56725486E+05	3.10706295E+04	3.01026435E+04	2.29820665E+04	8.31824202E+03	7.87006111E+03	6.16106856E+03	5.46201923E+03	5.14712442E+03	2.40511442E+03	2.19358576E+03	1.71528448E+03	1.38075299E+03	1.29747323E+03	6.81222710E+02	5.92160448E+02	4.57597386E+02	8.54694096E+02	8.28131989E+02	3.21801281E+02	2.95872245E+02	2.03621499E+02	1.71457152E+02	1.39166868E+02	1.47121376E+02	1.44484421E+02
1.56751930E+05	3.10976282E+04	3.01295007E+04	2.30090304E+04	8.34566106E+03	7.89762101E+03	6.18832067E+03	5.48929312E+03	5.17436184E+03	2.43219915E+03	2.22075931E+03	1.74190673E+03	1.40719810E+03	1.32390569E+03	7.06778745E+02	6.18159846E+02	4.82138542E+02	8.71342828E+02	8.54573806E+02	3.35832971E+02	3.19675025E+02	2.24470597E+02	1.91828658E+02	1.57698410E+02	1.69940103E+02	1.67901730E+02
1.56779556E+05	3.11258697E+04	3.01575965E+04	2.30373004E+04	8.37426287E+03	7.92633142E+03	6.21694753E+03	5.51777569E+03	5.20306189E+03	2.46038784E+03	2.24901956E+03	1.76989054E+03	1.43517921E+03	1.35180313E+03	7.33107922E+02	6.44666358E+02	5.07938245E+02	8.99340055E+02	8.82556862E+02	3.60073283E+02	3.44917598E+02	2.45812626E+02	2.12594019E+02	1.77010551E+02	1.96329393E+02	1.91588817E+02
1.56808301E+05	3.11552622E+04	3.01868082E+04	2.30668300E+04	8.40401002E+03	7.95604997E+03	6.24703359E+03	5.54701916E+03	5.23339332E+03	2.48965215E+03	2.27828353E+03	1.79945286E+03	1.46476453E+03	1.38154653E+03	7.60194369E+02	6.71505369E+02	5.35154538E+02	9.29557824E+02	9.12541841E+02	3.87805740E+02	3.71985966E+02	2.67649814E+02	2.33577642E+02	1.97268380E+02	2.23163821E+02	2.20537272E+02
1.56837388E+05	3.11850726E+04	3.02163987E+04	2.30967231E+04	8.43524920E+03	7.98710757E+03	6.27840045E+03	5.57921785E+03	5.26456713E+03	2.52003757E+03	2.30849507E+03	1.82958582E+03	1.49527397E+03	1.41173371E+03	7.90405209E+02	7.02519275E+02	5.65283954E+02	9.61532686E+02	9.43028679E+02	4.14219463E+02	4.00931445E+02	2.91895081E+02	2.56939985E+02	2.18766377E+02	2.48386348E+02
1.56868365E+05	3.12168096E+04	3.02479643E+04	2.31283518E+04	8.46726437E+03	8.01891228E+03	6.31011025E+03	5.61013630E+03	5.29638669E+03	2.55132643E+03	2.33974137E+03	1.85987623E+03	1.52598289E+03	1.44194617E+03	8.19538710E+02	7.30023332E+02	5.92706628E+02	9.90129325E+02	9.73448231E+02	4.45961329E+02	4.27393216E+02	3.14884278E+02	2.78479681E+02	2.39026812E+02	2.73786892E+02
1.56900262E+05	3.12494916E+04	3.02804810E+04	2.31611762E+04	8.50058669E+03	8.05183485E+03	6.34353107E+03	5.64268680E+03	5.32986549E+03	2.58375044E+03	2.37196509E+03	1.89231150E+03	1.55813880E+03	1.47404502E+03	8.49963095E+02	7.58776297E+02	6.22044331E+02	1.02174326E+03	1.00560512E+03	4.71598601E+02	4.55716249E+02	3.38827295E+02	3.00876086E+02	2.60713180E+02	3.01459141E+02
1.56931728E+05	3.12828957E+04	3.03139369E+04	2.31948120E+04	8.53495679E+03	8.08586682E+03	6.37784534E+03	5.67659042E+03	5.36452468E+03	2.61711487E+03	2.40513811E+03	1.92549576E+03	1.59085867E+03	1.50755343E+03	8.81405523E+02	7.88688638E+02	6.51830301E+02	1.05530092E+03	1.03936674E+03	5.00606634E+02	4.85293011E+02	3.63462518E+02	3.24046350E+02	2.82717000E+02	3.30660701E+02
1.56966981E+05	3.13178544E+04	3.03484823E+04	2.32294836E+04	8.57047854E+03	8.12107632E+03	6.41257829E+03	5.71170914E+03	5.39927102E+03	2.65144110E+03	2.43932387E+03	1.95849816E+03	1.62438053E+03	1.54044955E+03	9.13573957E+02	8.19699359E+02	6.81564492E+02	1.08809658E+03	1.07265557E+03	5.29159916E+02	5.13887605E+02	3.88557410E+02	3.47923992E+02	3.04536142E+02	3.58710833E+02
1.57001826E+05	3.13535782E+04	3.03839950E+04	2.32652736E+04	8.60693023E+03	8.15746069E+03	6.44869884E+03	5.74809894E+03	5.43472921E+03	2.68663897E+03	2.47450760E+03	1.99303407E+03	1.65915934E+03	1.57371614E+03	9.46416781E+02	8.51943493E+02	7.13007724E+02	1.13045102E+03	1.10619980E+03	5.68362580E+02	5.42471784E+02	4.14084475E+02	3.72524132E+02	3.27391710E+02	3.86334364E+02
1.57037601E+05	3.13902705E+04	3.04204599E+04	2.33021974E+04	8.64440159E+03	8.19498336E+03	6.48732570E+03	5.78606916E+03	5.47397012E+03	2.72272029E+03	2.51063912E+03	2.03054636E+03	1.69562052E+03	1.61249307E+03	9.80164185E+02	8.85442941E+02	7.48493734E+02	1.16827498E+03	1.14511392E+03	6.01212118E+02	5.79302433E+02	4.40198700E+02	3.97823319E+02	3.52651985E+02
1.57065318E+05	3.14174916E+04	3.04478772E+04	2.33290876E+04	8.67095411E+03	8.22168963E+03	6.51355454E+03	5.81253614E+03	5.50055167E+03	2.74849253E+03	2.53662896E+03	2.05589771E+03	1.72100713E+03	1.63806836E+03	1.00432257E+03	9.10005606E+02	7.71692717E+02	1.19365269E+03	1.17062706E+03	6.24374854E+02	6.02882572E+02	4.58259358E+02	4.17810096E+02	3.72559882E+02
1.57093594E+05	3.14452666E+04	3.04758607E+04	2.33568430E+04	8.69805073E+03	8.24892722E+03	6.54057371E+03	5.83993729E+03	5.52770833E+03	2.77484105E+03	2.56316312E+03	2.08204803E+03	1.74772175E+03	1.66448717E+03	1.02914633E+03	9.35153536E+02	7.96068072E+02	1.22046943E+03	1.19735931E+03	6.49263472E+02	6.27145359E+02	4.77808038E+02	4.39253869E+02	3.94883587E+02
1.57122526E+05	3.14735931E+04	3.05043938E+04	2.33851063E+04	8.72569852E+03	8.27667581E+03	6.56808397E+03	5.86718582E+03	5.55523546E+03	2.80177677E+03	2.59018964E+03	2.10870503E+03	1.77374078E+03	1.69100657E+03	1.05466270E+03	9.60780302E+02	8.20988654E+02	1.24673338E+03	1.22389909E+03	6.72902233E+02	6.51495185E+02	4.99016905E+02	4.61162317E+02	4.15368425E+02
1.57152085E+05	3.15024797E+04	3.05334884E+04	2.34140472E+04	8.75392236E+03	8.30497040E+03	6.59635223E+03	5.89596137E+03	5.58359102E+03	2.82933850E+03	2.61776539E+03	2.13628034E+03	1.80221238E+03	1.71865569E+03	1.08094550E+03	9.86992119E+02	8.47106283E+02	1.27497592E+03	1.25162320E+03	7.00352441E+02	6.77456931E+02	5.22254911E+02	4.83983669E+02
1.57185277E+05	3.15342214E+04	3.05648629E+04	2.34457653E+04	8.78472939E+03	8.33529405E+03	6.62710338E+03	5.92673882E+03	5.61446415E+03	2.85914352E+03	2.64690481E+03	2.16593901E+03	1.83175491E+03	1.74837624E+03	1.10869325E+03	1.01339149E+03	8.74415921E+02	1.30472173E+03	1.28146317E+03	7.26743676E+02	7.04426913E+02	5.42003225E+02	5.08417496E+02
1.57219352E+05	3.15667008E+04	3.05976345E+04	2.34781734E+04	8.81627734E+03	8.36694986E+03	6.65854809E+03	5.95830349E+03	5.64597462E+03	2.88981956E+03	2.67762088E+03	2.19638887E+03	1.86223531E+03	1.77880518E+03	1.13769532E+03	1.04229760E+03	9.02848518E+02	1.33522370E+03	1.31194074E+03	7.54889038E+02	7.32455019E+02	5.67202598E+02
1.57253319E+05	3.15994720E+04	3.06310191E+04	2.35113028E+04	8.84815394E+03	8.39934020E+03	6.69077082E+03	5.99076462E+03	5.67838505E+03	2.92049347E+03	2.70892807E+03	2.22739492E+03	1.89347299E+03	1.80995627E+03	1.16555603E+03	1.07123055E+03	9.30890749E+02	1.36658588E+03	1.34326874E+03	7.82947646E+02	7.60234795E+02	5.93076464E+02
1.57288575E+05	3.16334012E+04	3.06651437E+04	2.35451434E+04	8.88124283E+03	8.43251205E+03	6.72375692E+03	6.02387107E+03	5.71144127E+03	2.95268767E+03	2.74115633E+03	2.25933406E+03	1.92546245E+03	1.84187094E+03	1.19590080E+03	1.10148910E+03	9.60539758E+02	1.39859640E+03	1.37524663E+03	8.12326679E+02	7.89442419E+02
1.57335227E+05	3.16797526E+04	3.07121353E+04	2.35906761E+04	8.92626454E+03	8.47785001E+03	6.76813019E+03	6.06838581E+03	5.75441672E+03	2.99512296E+03	2.78398017E+03	2.30084219E+03	1.96641517E+03	1.88014584E+03	1.23172573E+03	1.13858101E+03	9.88678887E+02	1.43939087E+03	1.41595548E+03	8.45711752E+02	8.23334704E+02
1.57382727E+05	3.17270005E+04	3.07599391E+04	2.36375668E+04	8.97202026E+03	8.52391803E+03	6.81377890E+03	6.11494966E+03	5.80036698E+03	3.03825292E+03	2.82753848E+03	2.34365742E+03	2.01005685E+03	1.92315079E+03	1.26835790E+03	1.17691284E+03	1.02107657E+03	1.48248788E+03	1.45916548E+03	8.81812706E+02	8.59409769E+02
1.57431047E+05	3.17751790E+04	3.08085141E+04	2.36856134E+04	9.01851660E+03	8.57067873E+03	6.85989497E+03	6.16226565E+03	5.84685956E+03	3.08212151E+03	2.87173412E+03	2.38671445E+03	2.05483297E+03	1.96664640E+03	1.30601365E+03	1.21606935E+03	1.05627559E+03	1.52661314E+03	1.50287597E+03	9.19383577E+02	8.97848855E+02
1.57480194E+05	3.18242973E+04	3.08578691E+04	2.37346841E+04	9.06576550E+03	8.61814330E+03	6.90658827E+03	6.20912181E+03	5.89384290E+03	3.12673518E+03	2.91657699E+03	2.43028683E+03	2.09804899E+03	2.00985748E+03	1.34464970E+03	1.25601865E+03	1.09301507E+03	1.57036251E+03	1.54621496E+03	9.54925094E+02	9.34729248E+02
1.57530167E+05	3.18743837E+04	3.09079976E+04	2.37848318E+04	9.11376264E+03	8.66629872E+03	6.95430358E+03	6.25706608E+03	5.94176598E+03	3.17212643E+03	2.96205988E+03	2.47501199E+03	2.14302563E+03	2.05394239E+03	1.38442993E+03	1.29664035E+03	1.13112589E+03	1.61388988E+03	1.59115084E+03	9.92644591E+02	9.70698955E+02
1.57580913E+05	3.19255388E+04	3.09589220E+04	2.38363430E+04	9.16254438E+03	8.71514688E+03	7.00330595E+03	6.30720844E+03	5.99166359E+03	3.21843230E+03	3.00828922E+03	2.52134223E+03	2.19145956E+03	2.10126868E+03	1.42601238E+03	1.33865630E+03	1.17196320E+03	1.66273364E+03	1.63815320E+03	1.03460469E+03
1.57633816E+05	3.19781635E+04	3.10111800E+04	2.38887383E+04	9.21268669E+03	8.76524384E+03	7.05231928E+03	6.35559120E+03	6.04104166E+03	3.26510635E+03	3.05420959E+03	2.56621410E+03	2.23322617E+03	2.14589548E+03	1.46478030E+03	1.37090046E+03	1.20899351E+03	1.70701360E+03	1.68313301E+03	1.07207967E+03
1.57687625E+05	3.20317673E+04	3.10645776E+04	2.39426786E+04	9.26363488E+03	8.81621327E+03	7.10354771E+03	6.40643720E+03	6.09280060E+03	3.31283460E+03	3.10126381E+03	2.61387978E+03	2.27971858E+03	2.19364188E+03	1.50582813E+03	1.40664366E+03	1.24804609E+03	1.75608772E+03	1.73125310E+03	1.11305872E+03
1.57742396E+05	3.20861874E+04	3.11191722E+04	2.39965073E+04	9.31529312E+03	8.86808557E+03	7.15335277E+03	6.45799694E+03	6.14350772E+03	3.36127584E+03	3.14948809E+03	2.65926041E+03	2.32696899E+03	2.23965913E+03	1.54787458E+03	1.44606581E+03	1.28511455E+03	1.80332379E+03	1.77789810E+03	1.15101837E+03
1.57798137E+05	3.21414317E+04	3.11749908E+04	2.40525095E+04	9.36768592E+03	8.92087493E+03	7.20727878E+03	6.51133965E+03	6.19752091E+03	3.41054812E+03	3.19889913E+03	2.71105557E+03	2.37639546E+03	2.29101081E+03	1.59150631E+03	1.48938885E+03	1.33114617E+03	1.85322072E+03	1.82908978E+03
1.57882763E+05	3.22284800E+04	3.12617460E+04	2.41390514E+04	9.45442813E+03	9.00914182E+03	7.29128519E+03	6.59606085E+03	6.27619013E+03	3.48452754E+03	3.27483134E+03	2.77964268E+03	2.44614431E+03	2.34968508E+03	1.64510896E+03	1.54276335E+03	1.37928729E+03	1.92423549E+03	1.90080401E+03
1.57968876E+05	3.23170800E+04	3.13499871E+04	2.42279199E+04	9.54273502E+03	9.09913246E+03	7.37666433E+03	6.68660138E+03	6.36125499E+03	3.55967755E+03	3.35236425E+03	2.84937512E+03	2.52180077E+03	2.41694578E+03	1.69938504E+03	1.59689397E+03	1.42936965E+03	1.99818401E+03	1.97511100E+03
1.58056459E+05	3.24072252E+04	3.14396988E+04	2.43182597E+04	9.63271650E+03	9.19064959E+03	7.46378340E+03	6.77978665E+03	6.44929588E+03	3.63614581E+03	3.43108488E+03	2.92050496E+03	2.60140013E+03	2.48759897E+03	1.75436606E+03	1.65170291E+03	1.48053021E+03	2.07798542E+03	2.05468262E+03
1.58145495E+05	3.24989013E+04	3.15308570E+04	2.44096125E+04	9.72452737E+03	9.28368453E+03	7.55299083E+03	6.87431097E+03	6.53922443E+03	3.71418149E+03	3.51103340E+03	2.99330772E+03	2.67851732E+03	2.55997698E+03	1.81010967E+03	1.70720625E+03	1.53146913E+03	2.16068216E+03	2.13817853E+03
1.58236022E+05	3.25921542E+04	3.16235072E+04	2.45026539E+04	9.81807442E+03	9.37826362E+03	7.64442892E+03	6.96672530E+03	6.63127608E+03	3.79354217E+03	3.59216554E+03	3.06780442E+03	2.75624247E+03	2.63408073E+03	1.86656822E+03	1.76340077E+03	1.58285323E+03	2.23934668E+03	2.21891645E+03
1.58328041E+05	3.26869916E+04	3.17176565E+04	2.45975861E+04	9.91331306E+03	9.47431786E+03	7.73857018E+03	7.06177551E+03	6.72626168E+03	3.87413823E+03	3.67428888E+03	3.14439311E+03	2.83701396E+03	2.71066628E+03	1.92371882E+03	1.82025116E+03	1.63530043E+03	2.31666326E+03	2.29809531E+03
1.58421509E+05	3.27833522E+04	3.18132269E+04	2.46944799E+04	1.00105850E+04	9.57187673E+03	7.83607963E+03	7.15968696E+03	6.82491871E+03	3.95651209E+03	3.75749768E+03	3.22377238E+03	2.84975066E+03	2.79054099E+03	1.98168895E+03	1.87775293E+03	1.68912400E+03	2.40007094E+03	2.37798466E+03
1.58516235E+05	3.28811302E+04	3.19100554E+04	2.47932025E+04	1.01111159E+04	9.67166170E+03	7.93823582E+03	7.26526222E+03	6.92816974E+03	4.04272381E+03	3.84346875E+03	3.30746532E+03	2.96462044E+03	2.87508485E+03	2.04088195E+03	1.93612167E+03	1.74457998E+03	2.49517623E+03
1.58613802E+05	3.29817370E+04	3.20100772E+04	2.48929916E+04	1.02102786E+04	9.76899632E+03	8.03349719E+03	7.35417824E+03	7.02487883E+03	4.12448213E+03	3.92172683E+03	3.38309697E+03	3.07137153E+03	2.95092318E+03	2.09922028E+03	1.99389822E+03	1.79711574E+03	2.57583317E+03
1.58712765E+05	3.30838781E+04	3.21116214E+04	2.49959152E+04	1.03120014E+04	9.86867116E+03	8.13491088E+03	7.45037533E+03	7.12677870E+03	4.20880696E+03	4.00254255E+03	3.46377874E+03	3.11547165E+03	3.03120248E+03	2.15863176E+03	2.05255996E+03	1.85295619E+03	2.66220369E+03
1.58813358E+05	3.31875524E+04	3.22146436E+04	2.50994613E+04	1.04158486E+04	9.97073581E+03	8.23874862E+03	7.55118125E+03	7.23330211E+03	4.29513459E+03	4.08598438E+03	3.54614353E+03	3.21137583E+03	3.11524617E+03	2.21891826E+03	2.11212929E+03	1.90933692E+03	2.75417428E+03
1.58915535E+05	3.32928582E+04	3.23192360E+04	2.52045036E+04	1.05212954E+04	1.00752445E+04	8.33897130E+03	7.65501151E+03	7.33620105E+03	4.38265363E+03	4.17194270E+03	3.62531708E+03	3.29761401E+03	3.19541964E+03	2.27987852E+03	2.17260629E+03	1.96410167E+03	2.84129630E+03
1.59019275E+05	3.33997989E+04	3.24253919E+04	2.53117211E+04	1.06281812E+04	1.01822663E+04	8.44359724E+03	7.76193947E+03	7.43717520E+03	4.47118360E+03	4.26046812E+03	3.70812317E+03	3.38254315E+03	3.27344097E+03	2.34145327E+03	2.23397969E+03	2.02041870E+03	2.92567523E+03
1.59124581E+05	3.35083550E+04	3.25330975E+04	2.54215543E+04	1.07370101E+04	1.02918526E+04	8.55877525E+03	7.87414525E+03	7.55708638E+03	4.56146971E+03	4.35156678E+03	3.80051142E+03	3.47265511E+03	3.37201776E+03	2.40380716E+03	2.29623479E+03	2.08138530E+03
1.59195553E+05	3.35759806E+04	3.26020883E+04	2.54872100E+04	1.07995969E+04	1.03554788E+04	8.61943939E+03	7.93659865E+03	7.61989294E+03	4.61764969E+03	4.40906887E+03	3.85370612E+03	3.52764954E+03	3.42788012E+03	2.44394674E+03	2.34210265E+03	2.12696135E+03
1.59267737E+05	3.36444674E+04	3.26717655E+04	2.55554855E+04	1.08631213E+04	1.04198702E+04	8.68242666E+03	8.00163138E+03	7.68357893E+03	4.67500214E+03	4.46749982E+03	3.91009955E+03	3.58606691E+03	3.48465245E+03	2.48763318E+03	2.39040957E+03	2.17717252E+03
1.59341281E+05	3.37138349E+04	3.27421717E+04	2.56244418E+04	1.09276084E+04	1.04849265E+04	8.74594364E+03	8.06466810E+03	7.74751200E+03	4.73356090E+03	4.52661139E+03	3.96706997E+03	3.64143662E+03	3.54150141E+03	2.53509463E+03	2.43985399E+03	2.22339409E+03
1.59416120E+05	3.37840969E+04	3.28132717E+04	2.56951853E+04	1.09930958E+04	1.05507579E+04	8.81143996E+03	8.13251823E+03	7.81372459E+03	4.79339752E+03	4.58664911E+03	4.02658536E+03	3.70460409E+03	3.60150263E+03	2.58664327E+03	2.49137827E+03
1.59500615E+05	3.38610662E+04	3.28880539E+04	2.57716968E+04	1.10636349E+04	1.06189437E+04	8.88134679E+03	8.20280323E+03	7.88450920E+03	4.85612754E+03	4.64572546E+03	4.08831486E+03	3.76596860E+03	3.66380776E+03	2.62960923E+03	2.54602467E+03
1.59588261E+05	3.39389475E+04	3.29680288E+04	2.58490396E+04	1.11354270E+04	1.06916872E+04	8.95241089E+03	8.27507253E+03	7.95617639E+03	4.92112699E+03	4.71112778E+03	4.15198678E+03	3.83028712E+03	3.72762697E+03	2.68454695E+03
1.59668180E+05	3.40131487E+04	3.30456365E+04	2.59247962E+04	1.12040191E+04	1.07628551E+04	9.02226931E+03	8.34644816E+03	8.02708644E+03	4.98103884E+03	4.77443542E+03	4.21338827E+03	3.89323746E+03	3.79001610E+03	2.73987061E+03
1.59753606E+05	3.40910997E+04	3.31239882E+04	2.60022074E+04	1.12764355E+04	1.08356350E+04	9.09392448E+03	8.41896261E+03	8.09937942E+03	5.04671814E+03	4.84033404E+03	4.27766406E+03	3.95807708E+03	3.85448202E+03
1.59871937E+05	3.42065367E+04	3.32427095E+04	2.61136745E+04	1.13819211E+04	1.09430636E+04	9.19614695E+03	8.52303936E+03	8.19443499E+03	5.12817308E+03	4.92655858E+03	4.34422938E+03	4.03855984E+03	3.93597034E+03
1.59991721E+05	3.43238121E+04	3.33627556E+04	2.62292461E+04	1.14885807E+04	1.10515826E+04	9.30115126E+03	8.63322553E+03	8.30173414E+03	5.21161276E+03	5.01510185E+03	4.42008363E+03	4.12509417E+03	4.02198847E+03
1.60111686E+05	3.44428180E+04	3.34840007E+04	2.63477581E+04	1.15964124E+04	1.11610850E+04	9.40665147E+03	8.74586893E+03	8.40989974E+03	5.29737708E+03	5.10511246E+03	4.50139486E+03	4.21502084E+03	4.11346172E+03
1.60234370E+05	3.45640705E+04	3.36065361E+04	2.64685616E+04	1.17055477E+04	1.12716029E+04	9.51261769E+03	8.85434518E+03	8.51800772E+03	5.38550169E+03	5.19657822E+03	4.58558453E+03	4.29913401E+03	4.20064259E+03
1.60359773E+05	3.46876285E+04	3.37303764E+04	2.65919176E+04	1.18160033E+04	1.13831326E+04	9.62095126E+03	8.96612144E+03	8.62747913E+03	5.47613502E+03	5.28941712E+03	4.67245746E+03	4.38784595E+03	4.28516422E+03
1.60485361E+05	3.48132154E+04	3.38555233E+04	2.67191481E+04	1.19277566E+04	1.14957270E+04	9.73301764E+03	9.08554992E+03	8.74494425E+03	5.56978504E+03	5.38459457E+03	4.76459202E+03	4.48654277E+03
1.60616195E+05	3.49415246E+04	3.39823613E+04	2.68460232E+04	1.20414199E+04	1.16093282E+04	9.84119068E+03	9.18654766E+03	8.85547236E+03	5.65638633E+03	5.45879242E+03	4.84829643E+03	4.57481441E+03
1.60748985E+05	3.50717595E+04	3.41121810E+04	2.69778791E+04	1.21565386E+04	1.17249153E+04	9.95599731E+03	9.30178844E+03	8.97329399E+03	5.74769132E+03	5.54089340E+03	4.93634667E+03	4.67126821E+03
1.60883748E+05	3.52034166E+04	3.42450461E+04	2.71070042E+04	1.22727686E+04	1.18425271E+04	1.00649743E+04	9.41810723E+03	9.08703415E+03	5.84125582E+03	5.63104842E+03	5.01981145E+03	4.76056544E+03
1.61020541E+05	3.53365933E+04	3.43810157E+04	2.72432902E+04	1.23902550E+04	1.19621694E+04	1.01877479E+04	9.54006840E+03	9.21135890E+03	5.93851957E+03	5.72944951E+03	5.12188922E+03
1.61157514E+05	3.54627771E+04	3.45114762E+04	2.73635767E+04	1.24993601E+04	1.20749703E+04	1.02896168E+04	9.64984300E+03	9.32209161E+03	6.01330036E+03	5.81662525E+03	5.20760676E+03
1.61297161E+05	3.55906378E+04	3.46430557E+04	2.74907860E+04	1.26106264E+04	1.21893279E+04	1.03994958E+04	9.76546978E+03	9.43367530E+03	6.09496203E+03	5.90794710E+03	5.30160093E+03
1.61439660E+05	3.57201809E+04	3.47758317E+04	2.76190915E+04	1.27240980E+04	1.23048544E+04	1.05100929E+04	9.87583987E+03	9.54594287E+03	6.18382451E+03	6.00144224E+03	5.38832922E+03
1.61584935E+05	3.58514501E+04	3.49097339E+04	2.77516538E+04	1.28398596E+04	1.24219343E+04	1.06256205E+04	9.99849808E+03	9.66393728E+03	6.28025171E+03	6.09880162E+03
1.61753446E+05	3.59971431E+04	3.50491621E+04	2.78959699E+04	1.29639105E+04	1.25374280E+04	1.07476426E+04	1.01220950E+04	9.78932388E+03	6.36173819E+03	6.20339192E+03
1.61929939E+05	3.61445046E+04	3.52029240E+04	2.80417371E+04	1.30913116E+04	1.26678999E+04	1.08726964E+04	1.02513991E+04	9.91665811E+03	6.46504032E+03
1.62081749E+05	3.62787128E+04	3.53472968E+04	2.81804549E+04	1.32052039E+04	1.27909670E+04	1.09912146E+04	1.03755145E+04	1.00392279E+04	6.56789863E+03
1.62248093E+05	3.64229206E+04	3.54929822E+04	2.83230664E+04	1.33314217E+04	1.29185225E+04	1.11150208E+04	1.05024427E+04	1.01653759E+04
1.62500075E+05	3.66628443E+04	3.57445374E+04	2.85476428E+04	1.35130035E+04	1.31150601E+04	1.12704646E+04	1.06920988E+04	1.03554302E+04
1.62755244E+05	3.69073549E+04	3.59988777E+04	2.87852595E+04	1.36989640E+04	1.33157807E+04	1.14421312E+04	1.08977773E+04	1.05573906E+04
1.63013595E+05	3.71568608E+04	3.62557468E+04	2.90314643E+04	1.38898554E+04	1.35193094E+04	1.16232805E+04	1.11110207E+04	1.07734979E+04
1.63275183E+05	3.74114756E+04	3.65151755E+04	2.92838847E+04	1.40856865E+04	1.37256223E+04	1.18099347E+04	1.13101507E+04	1.09783620E+04
1.63540067E+05	3.76713636E+04	3.67771922E+04	2.95434397E+04	1.42865995E+04	1.39346437E+04	1.20024417E+04	1.15186543E+04	1.11755706E+04
1.63808161E+05	3.79370566E+04	3.70420699E+04	2.98148231E+04	1.44933123E+04	1.41477980E+04	1.22059818E+04	1.17499298E+04
1.64090323E+05	3.82086781E+04	3.73089094E+04	3.00802260E+04	1.46884108E+04	1.43240299E+04	1.23930366E+04	1.19605137E+04
1.64377373E+05	3.84847490E+04	3.75841285E+04	3.03620728E+04	1.48919231E+04	1.45165288E+04	1.25914283E+04	1.21927276E+04
1.64669486E+05	3.87639132E+04	3.78679505E+04	3.06316328E+04	1.50997880E+04	1.47254181E+04	1.27781440E+04	1.24063761E+04
1.64966686E+05	3.90465664E+04	3.81605823E+04	3.09254454E+04	1.53145146E+04	1.49508724E+04	1.30007559E+04
1.65255312E+05	3.92955674E+04	3.84257817E+04	3.11518538E+04	1.54727879E+04	1.51414586E+04	1.31839092E+04
1.65550943E+05	3.95489753E+04	3.86930145E+04	3.14035567E+04	1.56459353E+04	1.53395702E+04	1.33842788E+04
1.65854063E+05	3.98068247E+04	3.89625206E+04	3.16573888E+04	1.58344845E+04	1.55423412E+04	1.35695038E+04
1.66164460E+05	4.00692221E+04	3.92341128E+04	3.19239170E+04	1.60389182E+04	1.57528498E+04
1.66541864E+05	4.03659109E+04	3.95054618E+04	3.22160758E+04	1.62189422E+04	1.59872611E+04
1.66944262E+05	4.06662671E+04	3.98295938E+04	3.25111481E+04	1.64405547E+04
1.67258884E+05	4.09159042E+04	4.01169761E+04	3.27784954E+04	1.66571213E+04
1.67619321E+05	4.12010737E+04	4.04081279E+04	3.30583625E+04
1.68288072E+05	4.16212569E+04	4.09566191E+04	3.35501585E+04
1.68979072E+05	4.20798192E+04	4.15152831E+04	3.40970825E+04
1.69694104E+05	4.25780303E+04	4.20826484E+04	3.45957978E+04
1.70432461E+05	4.31166845E+04	4.26602667E+04
1.71418448E+05	4.36494292E+04	4.33991963E+04
1.72514403E+05	4.42475668E+04
1.73218167E+05	4.48185816E+04
1.74113053E+05
1.76988880E+05
