1.68567482E+05	3.37214886E+04	3.27322562E+04	2.44210222E+04	8.99230491E+03	8.52593137E+03	6.52054484E+03	5.78764226E+03	5.43109022E+03	2.53487269E+03	2.31152954E+03	1.74442096E+03	1.39126904E+03	1.29543332E+03	6.33217080E+02	5.35745302E+02	3.80557737E+02	8.26730401E+02	7.99770121E+02	2.35245540E+02	2.11875077E+02	1.06791822E+02	7.45630791E+01	3.95289422E+01	4.12466739E+01	3.68150344E+01	7.95760154E+00	7.37203731E+00
1.68576356E+05	3.37302259E+04	3.27409875E+04	2.44297386E+04	9.00096856E+03	8.53461917E+03	6.52922828E+03	5.79632998E+03	5.43980088E+03	2.54344383E+03	2.32017909E+03	1.75306405E+03	1.39990949E+03	1.30410026E+03	6.41705699E+02	5.44352509E+02	3.89123507E+02	8.35449138E+02	8.08449426E+02	2.43829051E+02	2.20491823E+02	1.14821964E+02	8.29234714E+01	4.74413981E+01	4.99928873E+01	4.54385838E+01	1.56362324E+01 	1.82720477E+01
1.68585806E+05	3.37396162E+04	3.27503558E+04	2.44390915E+04	9.01032812E+03	8.54395662E+03	6.53857675E+03	5.80567637E+03	5.44912305E+03	2.55281603E+03	2.32956191E+03	1.76242428E+03	1.40929640E+03	1.31346045E+03	6.51149168E+02	5.53805438E+02	3.98489056E+02	8.44758340E+02	8.17800487E+02	2.53230284E+02	2.29817174E+02	1.24299264E+02	9.24974293E+01	5.68115849E+01	5.91650289E+01	5.47218709E+01	2.47373196E+01	2.35227282E+01
1.68598472E+05	3.37521670E+04	3.27628028E+04	2.44515475E+04	9.02272528E+03	8.55634144E+03	6.55097649E+03	5.81816630E+03	5.46152964E+03	2.56517802E+03	2.34191500E+03	1.77477844E+03	1.42179040E+03	1.32581935E+03	6.63640151E+02	5.66304116E+02	4.10912274E+02	8.57239527E+02	8.30145247E+02	2.66017714E+02	2.42226231E+02	1.37043869E+02	1.05934210E+02	6.96096792E+01	7.28587057E+01	6.71678095E+01	3.61521750E+01
1.68612686E+05	3.37663412E+04	3.27769696E+04	2.44657404E+04	9.03679168E+03	8.57040901E+03	6.56499373E+03	5.83210772E+03	5.47554836E+03	2.57917513E+03	2.35589037E+03	1.78868511E+03	1.43563223E+03	1.33971400E+03	6.77472660E+02	5.80025900E+02	4.24584879E+02	8.71217620E+02	8.44043907E+02	2.79396874E+02	2.55808006E+02	1.50430632E+02	1.18029071E+02	8.21512313E+01	8.57570613E+01	8.05214951E+01	4.80965484E+01
1.68627886E+05	3.37815938E+04	3.27921536E+04	2.44809770E+04	9.05190992E+03	8.58550451E+03	6.58011673E+03	5.84718634E+03	5.49070929E+03	2.59418122E+03	2.37083033E+03	1.80372896E+03	1.45052079E+03	1.35480580E+03	6.92382171E+02	5.94718886E+02	4.39528399E+02	8.86163280E+02	8.59143057E+02	2.94036351E+02	2.70804787E+02	1.65035567E+02	1.31049552E+02	9.57433033E+01	1.00184242E+02	9.54018115E+01	6.14118628E+01
1.68642148E+05	3.37973580E+04	3.28081840E+04	2.44969760E+04	9.06774768E+03	8.60141734E+03	6.59584874E+03	5.86309684E+03	5.50649751E+03	2.61001836E+03	2.38665905E+03	1.81921527E+03	1.46631428E+03	1.37033487E+03	7.08155073E+02	6.10384660E+02	4.54581330E+02	9.01900112E+02	8.74718256E+02	3.09644234E+02	2.85895185E+02	1.80420172E+02	1.45380498E+02	1.09443222E+02	1.15527749E+02	1.10330286E+02	7.42618689E+01
1.68660864E+05	3.38147429E+04	3.28252973E+04	2.45141299E+04	9.08464047E+03	8.61825752E+03	6.61285697E+03	5.87997233E+03	5.52348499E+03	2.62674944E+03	2.40337602E+03	1.83631366E+03	1.48309081E+03	1.38737475E+03	7.24764549E+02	6.26984256E+02	4.71984332E+02	9.18691482E+02	8.91697722E+02	3.26385695E+02	3.03287258E+02	1.96653532E+02	1.61346457E+02	1.26650253E+02	1.32145586E+02	1.27725723E+02
1.68686865E+05	3.38412934E+04	3.28517616E+04	2.45406245E+04	9.11154255E+03	8.64534579E+03	6.63952768E+03	5.90653520E+03	5.54931896E+03	2.65348042E+03	2.43018626E+03	1.86206575E+03	1.50868998E+03	1.41296840E+03	7.50120300E+02	6.52694491E+02	4.95501031E+02	9.44718439E+02	9.15426912E+02	3.49227320E+02	3.21491161E+02	2.17577419E+02	1.81714046E+02	1.45055437E+02	1.54245815E+02	1.50051725E+02
1.68714049E+05	3.38690431E+04	3.28794205E+04	2.45684364E+04	9.13964168E+03	8.67366901E+03	6.66731813E+03	5.93501292E+03	5.57695214E+03	2.68132496E+03	2.45814402E+03	1.88994664E+03	1.53656964E+03	1.44057658E+03	7.76405256E+02	6.79531368E+02	5.19932282E+02	9.72368123E+02	9.42859354E+02	3.74734601E+02	3.44101828E+02	2.39133012E+02	2.02826650E+02	1.64380206E+02	1.77690584E+02	1.73659017E+02
1.68742227E+05	3.38978573E+04	3.29081258E+04	2.45972634E+04	9.16889024E+03	8.70313812E+03	6.69623656E+03	5.96478963E+03	5.60589729E+03	2.71024183E+03	2.48717315E+03	1.91916388E+03	1.56585207E+03	1.46982146E+03	8.03614181E+02	7.07301231E+02	5.45382376E+02	1.00235495E+03	9.72091297E+02	3.95725730E+02	3.68751220E+02	2.61318875E+02	2.24569357E+02	1.84042705E+02	2.03426853E+02	1.99438419E+02
1.68771479E+05	3.39277936E+04	3.29379337E+04	2.46271644E+04	9.19927961E+03	8.73369883E+03	6.72632668E+03	5.99556854E+03	5.63599016E+03	2.74019267E+03	2.51721538E+03	1.94885793E+03	1.59592530E+03	1.49924123E+03	8.31774779E+02	7.35978721E+02	5.71962238E+02	1.03327287E+03	1.00165309E+03	4.29405896E+02	3.94537986E+02	2.84165281E+02	2.46939252E+02	2.04192910E+02	2.30326172E+02	2.26681568E+02
1.68801834E+05	3.39588300E+04	3.29688197E+04	2.46581911E+04	9.23080257E+03	8.76537693E+03	6.75763904E+03	6.02690013E+03	5.66730222E+03	2.77117636E+03	2.54829129E+03	1.97924011E+03	1.62611340E+03	1.52940767E+03	8.60737800E+02	7.65446165E+02	5.99637984E+02	1.05074221E+03	1.03187388E+03	4.41892829E+02	4.21366612E+02	3.07556123E+02	2.69875091E+02	2.24964511E+02	2.56260409E+02	2.53325599E+02
1.68833228E+05	3.39909592E+04	3.30007760E+04	2.46903772E+04	9.26338706E+03	8.79808627E+03	6.79021909E+03	6.05936484E+03	5.69996964E+03	2.80313904E+03	2.58033796E+03	2.01088457E+03	1.65774436E+03	1.56094959E+03	8.90383780E+02	7.95371476E+02	6.28509240E+02	1.08358643E+03	1.06354385E+03	4.67705482E+02	4.49577607E+02	3.31406417E+02	2.93213578E+02	2.46488218E+02	2.85625963E+02	2.80113626E+02
1.68865736E+05	3.40242138E+04	3.30338340E+04	2.47237980E+04	9.29708078E+03	8.83178245E+03	6.82423281E+03	6.09263059E+03	5.73422480E+03	2.83610348E+03	2.61332145E+03	2.04402876E+03	1.69094974E+03	1.59423879E+03	9.20718295E+02	8.25517614E+02	6.58756258E+02	1.11698665E+03	1.09712194E+03	4.98031681E+02	4.79552332E+02	3.55732826E+02	3.16785970E+02	2.68937559E+02	3.12258860E+02
1.68898638E+05	3.40579323E+04	3.30673035E+04	2.47576635E+04	9.33230102E+03	8.86670769E+03	6.85963695E+03	6.12879775E+03	5.76950519E+03	2.87021764E+03	2.64721962E+03	2.07793385E+03	1.72531639E+03	1.62826635E+03	9.54297590E+02	8.59732727E+02	6.92049683E+02	1.15363732E+03	1.13154774E+03	5.27294172E+02	5.11669254E+02	3.82362926E+02	3.42333483E+02	2.92601180E+02	3.43946283E+02
1.68933321E+05	3.40934625E+04	3.31026809E+04	2.47931174E+04	9.36814796E+03	8.90230682E+03	6.89505936E+03	6.16332499E+03	5.80508171E+03	2.90509149E+03	2.68203084E+03	2.11155399E+03	1.75943926E+03	1.66181289E+03	9.86346974E+02	8.89943192E+02	7.22125348E+02	1.18521079E+03	1.16537007E+03	5.61603814E+02	5.40727260E+02	4.07558741E+02	3.66221591E+02	3.14826398E+02	3.72069604E+02
1.68968977E+05	3.41299869E+04	3.31389880E+04	2.48297879E+04	9.40526551E+03	8.93899743E+03	6.93230570E+03	6.19956948E+03	5.84239407E+03	2.94106354E+03	2.71779616E+03	2.14747945E+03	1.79504860E+03	1.69732236E+03	1.01971104E+03	9.21456450E+02	7.54203467E+02	1.22006704E+03	1.20097524E+03	5.90397551E+02	5.71688506E+02	4.33720019E+02	3.90904397E+02	3.38601680E+02	4.02539850E+02
1.69005516E+05	3.41674117E+04	3.31762156E+04	2.48671817E+04	9.44348322E+03	8.97679048E+03	6.97044992E+03	6.23719553E+03	5.88099031E+03	2.97795715E+03	2.75447410E+03	2.18417981E+03	1.83120883E+03	1.73435873E+03	1.05412170E+03	9.54200859E+02	7.86811277E+02	1.25711381E+03	1.23831804E+03	6.22147226E+02	6.04050883E+02	4.60589647E+02	4.16354245E+02	3.62740174E+02	4.34735201E+02
1.69043034E+05	3.42058396E+04	3.32144230E+04	2.49055975E+04	9.48268197E+03	9.01572038E+03	7.00879174E+03	6.27602662E+03	5.91940185E+03	3.01573686E+03	2.79213310E+03	2.22042004E+03	1.86806518E+03	1.77058445E+03	1.08922478E+03	9.88095977E+02	8.19119485E+02	1.29325254E+03	1.27504536E+03	6.56387200E+02	6.35285481E+02	4.87914155E+02	4.42513443E+02	3.86491969E+02	4.65557282E+02
1.69081522E+05	3.42452674E+04	3.32536137E+04	2.49451173E+04	9.52284353E+03	9.05582424E+03	7.04855611E+03	6.31613521E+03	5.95841845E+03	3.05435921E+03	2.83075869E+03	2.25823921E+03	1.90617505E+03	1.80694887E+03	1.12497666E+03	1.02324540E+03	8.53198305E+02	1.34036146E+03	1.31179911E+03	6.97110192E+02	6.66223931E+02	5.15663802E+02	4.69387074E+02	4.11310119E+02	4.95793418E+02
1.69120948E+05	3.42856515E+04	3.32937385E+04	2.49857863E+04	9.56402133E+03	9.09707106E+03	7.09101651E+03	6.35789516E+03	6.00159831E+03	3.09385145E+03	2.87032155E+03	2.29926634E+03	1.94605265E+03	1.84939568E+03	1.16165570E+03	1.05968424E+03	8.91615766E+02	1.38176065E+03	1.35439003E+03	7.32761944E+02	7.06112281E+02	5.44001970E+02	4.96952356E+02	4.38684922E+02
1.69151226E+05	3.43153543E+04	3.33236687E+04	2.50150875E+04	9.59289192E+03	9.12612490E+03	7.11950546E+03	6.38667439E+03	6.03049948E+03	3.12179349E+03	2.89851777E+03	2.32672574E+03	1.97356295E+03	1.87710816E+03	1.18775501E+03	1.08623787E+03	9.16637921E+02	1.40927495E+03	1.38205034E+03	7.57779108E+02	7.31572119E+02	5.63595253E+02	5.18627798E+02	4.60180301E+02
1.69182132E+05	3.43456054E+04	3.33541653E+04	2.50453004E+04	9.62231629E+03	9.15571984E+03	7.14884215E+03	6.41643852E+03	6.05998135E+03	3.15032082E+03	2.92725765E+03	2.35502313E+03	2.00247826E+03	1.90569382E+03	1.21454070E+03	1.11338256E+03	9.42919580E+02	1.43830893E+03	1.41099943E+03	7.84622628E+02	7.57730337E+02	5.84780406E+02	5.41812204E+02	4.84239158E+02
1.69213665E+05	3.43763977E+04	3.33851989E+04	2.50759967E+04	9.65230018E+03	9.18581978E+03	7.17864782E+03	6.44596401E+03	6.08981841E+03	3.17944555E+03	2.95648765E+03	2.38380221E+03	2.03057347E+03	1.93433455E+03	1.24204118E+03	1.14100703E+03	9.69707749E+02	1.46669320E+03	1.43967603E+03	8.10074730E+02	7.83952826E+02	6.07723013E+02	5.65458455E+02	5.06273355E+02
1.69245818E+05	3.44077418E+04	3.34167878E+04	2.51073815E+04	9.68285257E+03	9.21645844E+03	7.20922959E+03	6.47713098E+03	6.12050562E+03	3.20919908E+03	2.98626416E+03	2.41354939E+03	2.06132389E+03	1.96416448E+03	1.27032146E+03	1.16922438E+03	9.97782186E+02	1.49719803E+03	1.46960393E+03	8.39625700E+02	8.11870374E+02	6.32738473E+02	5.90046228E+02
1.69282218E+05	3.44423625E+04	3.34509733E+04	2.51419310E+04	9.71633441E+03	9.24939327E+03	7.24262218E+03	6.51056861E+03	6.15404187E+03	3.24149018E+03	3.01781612E+03	2.44563639E+03	2.09329332E+03	1.99632409E+03	1.30027353E+03	1.19770994E+03	1.02718481E+03	1.52940939E+03	1.50191666E+03	8.68050209E+02	8.40933393E+02	6.53907096E+02	6.16463130E+02
1.69319341E+05	3.44777021E+04	3.34866961E+04	2.51771889E+04	9.75057107E+03	9.28376877E+03	7.27672538E+03	6.54481903E+03	6.18822172E+03	3.27468309E+03	3.05106161E+03	2.47853804E+03	2.12624557E+03	2.02920546E+03	1.33153999E+03	1.22889011E+03	1.05776563E+03	1.56239611E+03	1.53487005E+03	8.98359235E+02	8.71094370E+02	6.81044846E+02
1.69356242E+05	3.45131620E+04	3.35228703E+04	2.52130299E+04	9.78497244E+03	9.31875743E+03	7.31149344E+03	6.57986443E+03	6.22320388E+03	3.30769876E+03	3.08478760E+03	2.51188463E+03	2.15986105E+03	2.06271624E+03	1.36143064E+03	1.25996501E+03	1.08777576E+03	1.59616549E+03	1.56859775E+03	9.28463397E+02	9.00878514E+02	7.08829667E+02
1.69394511E+05	3.45498738E+04	3.35598142E+04	2.52496101E+04	9.82067640E+03	9.35456267E+03	7.34705571E+03	6.61557477E+03	6.25885080E+03	3.34234285E+03	3.11947613E+03	2.54621158E+03	2.19425667E+03	2.09701850E+03	1.39398011E+03	1.29243683E+03	1.11952307E+03	1.63059814E+03	1.60299049E+03	9.59955464E+02	9.32172881E+02
1.69444644E+05	3.45996287E+04	3.36102746E+04	2.52984354E+04	9.86889950E+03	9.40315229E+03	7.39453002E+03	6.66323143E+03	6.30481419E+03	3.38761440E+03	3.16519042E+03	2.59043718E+03	2.23790445E+03	2.13776204E+03	1.43214789E+03	1.33197111E+03	1.14942825E+03	1.67427982E+03	1.64641637E+03	9.95509298E+02	9.68257624E+02
1.69495589E+05	3.46502818E+04	3.36615274E+04	2.53486743E+04	9.91785728E+03	9.45246567E+03	7.44331410E+03	6.71304035E+03	6.35392902E+03	3.43359301E+03	3.21164525E+03	2.63599461E+03	2.28436864E+03	2.18354406E+03	1.47116699E+03	1.37273965E+03	1.18388173E+03	1.72012458E+03	1.69245669E+03	1.03391165E+03	1.00659370E+03
1.69547356E+05	3.47018855E+04	3.37135538E+04	2.54001107E+04	9.96755819E+03	9.50246524E+03	7.49256654E+03	6.76360843E+03	6.40360119E+03	3.48031939E+03	3.25873626E+03	2.68182543E+03	2.33203739E+03	2.22982755E+03	1.51125273E+03	1.41432815E+03	1.22125621E+03	1.76744801E+03	1.73901958E+03	1.07387609E+03	1.04743930E+03
1.69599938E+05	3.47544350E+04	3.37663435E+04	2.54525796E+04	1.00180027E+04	9.55315394E+03	7.54235216E+03	6.81360585E+03	6.45370922E+03	3.52780380E+03	3.30647274E+03	2.72811277E+03	2.37792162E+03	2.27573732E+03	1.55237746E+03	1.45671278E+03	1.26021579E+03	1.81396655E+03	1.78512231E+03	1.11159356E+03	1.08657373E+03
1.69653353E+05	3.48079765E+04	3.38199135E+04	2.55061635E+04	1.00692028E+04	9.60453574E+03	7.59318805E+03	6.86471395E+03	6.50475129E+03	3.57607227E+03	3.35484877E+03	2.77557377E+03	2.42565606E+03	2.32247413E+03	1.59468616E+03	1.49980186E+03	1.30059092E+03	1.85983601E+03	1.83283584E+03	1.15156551E+03	1.12465597E+03
1.69707565E+05	3.48625936E+04	3.38742730E+04	2.55611756E+04	1.01211904E+04	9.65661010E+03	7.64537611E+03	6.91814956E+03	6.55796053E+03	3.62525475E+03	3.40397496E+03	2.82473139E+03	2.47702981E+03	2.37275844E+03	1.63872656E+03	1.54423003E+03	1.34376327E+03	1.91211041E+03	1.88277990E+03	1.19608696E+03
1.69764054E+05	3.49188429E+04	3.39301313E+04	2.56170955E+04	1.01746385E+04	9.70999703E+03	7.69751972E+03	6.96964347E+03	6.61050452E+03	3.67483193E+03	3.45271836E+03	2.87227680E+03	2.52143707E+03	2.42006037E+03	1.67978892E+03	1.57872997E+03	1.38289795E+03	1.95911923E+03	1.93051171E+03	1.23579497E+03
1.69819900E+05	3.49757511E+04	3.39871186E+04	2.56746331E+04	1.02288215E+04	9.76427754E+03	7.75203678E+03	7.02376313E+03	6.66560051E+03	3.72546224E+03	3.50265407E+03	2.92280382E+03	2.57075520E+03	2.47067886E+03	1.72320640E+03	1.61687277E+03	1.42413797E+03	2.01088537E+03	1.98157227E+03	1.27923865E+03
1.69878351E+05	3.50337915E+04	3.40453854E+04	2.57320841E+04	1.02837891E+04	9.81950031E+03	7.80495944E+03	7.07859458E+03	6.71951236E+03	3.77683885E+03	3.55381936E+03	2.97084689E+03	2.62079716E+03	2.51943465E+03	1.76769476E+03	1.65880815E+03	1.46327308E+03	2.06092765E+03	2.03104916E+03	1.31945505E+03
1.69939390E+05	3.50929419E+04	3.41049378E+04	2.57916861E+04	1.03395577E+04	9.87566886E+03	7.86223213E+03	7.13529205E+03	6.77688145E+03	3.82908823E+03	3.60622634E+03	3.02567045E+03	2.67313787E+03	2.57377053E+03	1.81387891E+03	1.70471825E+03	1.51185974E+03	2.11379364E+03	2.08525550E+03
1.70029031E+05	3.51850929E+04	3.41967883E+04	2.58833621E+04	1.04313185E+04	9.96905557E+03	7.95092699E+03	7.22488357E+03	6.85994623E+03	3.90725481E+03	3.68653019E+03	3.09792839E+03	2.74657584E+03	2.63580861E+03	1.87063487E+03	1.76134460E+03	1.56265191E+03	2.18881273E+03	2.16101334E+03
1.70120173E+05	3.52788062E+04	3.42901298E+04	2.59773985E+04	1.05246736E+04	1.00641682E+04	8.04106652E+03	7.32052413E+03	6.94981370E+03	3.98662548E+03	3.76845584E+03	3.17136587E+03	2.82618523E+03	2.70674164E+03	1.92807119E+03	1.81873522E+03	1.61543708E+03	2.26686458E+03	2.23940874E+03
1.70212772E+05	3.53740575E+04	3.43849290E+04	2.60728603E+04	1.06197184E+04	1.01607976E+04	8.13298973E+03	7.41882241E+03	7.04272315E+03	4.06736140E+03	3.85158613E+03	3.24622391E+03	2.90952386E+03	2.78113584E+03	1.98622233E+03	1.87680657E+03	1.66932388E+03	2.35101113E+03	2.32323847E+03
1.70306815E+05	3.54708415E+04	3.44811675E+04	2.61693494E+04	1.07166226E+04	1.02589429E+04	8.22703664E+03	7.51859912E+03	7.13755478E+03	4.14971969E+03	3.93595812E+03	3.32276596E+03	2.99087116E+03	2.85726344E+03	2.04514673E+03	1.93557327E+03	1.72301070E+03	2.43823306E+03	2.41123779E+03
1.70402344E+05	3.55691915E+04	3.45788822E+04	2.62675259E+04	1.08152959E+04	1.03586262E+04	8.32334268E+03	7.61590440E+03	7.23452806E+03	4.23347340E+03	4.02153705E+03	3.40101990E+03	3.07211968E+03	2.93513277E+03	2.10479883E+03	1.99503294E+03	1.77707321E+03	2.52114648E+03	2.49627368E+03
1.70499380E+05	3.56691321E+04	3.46780920E+04	2.63676128E+04	1.09157187E+04	1.04598081E+04	8.42240805E+03	7.71591862E+03	7.33448617E+03	4.31855856E+03	4.10818213E+03	3.48141407E+03	3.15636120E+03	3.01552386E+03	2.16516234E+03	2.05515919E+03	1.83221474E+03	2.60233099E+03	2.57946389E+03
1.70597825E+05	3.57705907E+04	3.47787170E+04	2.64696891E+04	1.10182115E+04	1.05625132E+04	8.52493215E+03	7.81915526E+03	7.43820103E+03	4.40550701E+03	4.19599176E+03	3.56466945E+03	3.24373483E+03	3.09926396E+03	2.22635322E+03	2.11594540E+03	1.88875725E+03	2.68978082E+03
1.70697602E+05	3.58735049E+04	3.48806428E+04	2.65737142E+04	1.11237148E+04	1.06672847E+04	8.63219696E+03	7.92970188E+03	7.54680626E+03	4.49587981E+03	4.28620803E+03	3.65222032E+03	3.34033585E+03	3.18787633E+03	2.28869009E+03	2.17757203E+03	1.94699285E+03	2.78986536E+03
1.70800287E+05	3.59793481E+04	3.49859182E+04	2.66787750E+04	1.12280669E+04	1.07697681E+04	8.73213703E+03	8.02325323E+03	7.64836596E+03	4.58182712E+03	4.36861803E+03	3.73134988E+03	3.40072055E+03	3.26731293E+03	2.35021051E+03	2.23856047E+03	2.00211486E+03	2.87456583E+03
1.70904552E+05	3.60867690E+04	3.50927163E+04	2.67870485E+04	1.13349619E+04	1.08746218E+04	8.83856679E+03	8.12435704E+03	7.75532146E+03	4.67040217E+03	4.45367145E+03	3.81582266E+03	3.47234299E+03	3.35135861E+03	2.41279907E+03	2.30045491E+03	2.06071076E+03	2.96512363E+03
1.71010336E+05	3.61957329E+04	3.52010089E+04	2.68958804E+04	1.14439695E+04	1.09819018E+04	8.94767384E+03	8.23017453E+03	7.86720872E+03	4.76100182E+03	4.54143137E+03	3.90218073E+03	3.55495020E+03	3.43939554E+03	2.47626446E+03	2.36327740E+03	2.11989371E+03	3.06166434E+03
1.71117704E+05	3.63063385E+04	3.53108684E+04	2.70062609E+04	1.15545954E+04	1.10916570E+04	9.05261788E+03	8.33907638E+03	7.97517286E+03	4.85285897E+03	4.63181415E+03	3.98489412E+03	3.64106539E+03	3.52332479E+03	2.54041520E+03	2.42702693E+03	2.17726255E+03	3.15306534E+03
1.71226663E+05	3.64185929E+04	3.54222894E+04	2.71188692E+04	1.16666853E+04	1.12039661E+04	9.16215239E+03	8.45118488E+03	8.08097659E+03	4.94577824E+03	4.72486447E+03	4.07139053E+03	3.72999202E+03	3.60489583E+03	2.60519334E+03	2.49169753E+03	2.23623151E+03	3.24149660E+03
1.71337201E+05	3.65324899E+04	3.55352721E+04	2.72341938E+04	1.17807365E+04	1.13188707E+04	9.28268323E+03	8.56877991E+03	8.20648911E+03	5.04053187E+03	4.82058482E+03	4.16787532E+03	3.82430685E+03	3.70783292E+03	2.67076595E+03	2.55727227E+03	2.30005201E+03
1.71411814E+05	3.66035089E+04	3.56077858E+04	2.73030542E+04	1.18463262E+04	1.13856215E+04	9.34619315E+03	8.63421810E+03	8.27226702E+03	5.09933372E+03	4.88083720E+03	4.22348630E+03	3.88185388E+03	3.76626292E+03	2.71301848E+03	2.60548343E+03	2.34771487E+03
1.71487726E+05	3.66754381E+04	3.56810202E+04	2.73746900E+04	1.19129067E+04	1.14531575E+04	9.41215247E+03	8.70235891E+03	8.33895566E+03	5.15936689E+03	4.94204231E+03	4.28246276E+03	3.94296452E+03	3.82561277E+03	2.75895412E+03	2.65619465E+03	2.40020505E+03
1.71565009E+05	3.67482662E+04	3.57549990E+04	2.74469999E+04	1.19804837E+04	1.15213627E+04	9.47862906E+03	8.76836200E+03	8.40586656E+03	5.22065956E+03	5.00394165E+03	4.34197837E+03	4.00086530E+03	3.88503511E+03	2.80878452E+03	2.70805557E+03	2.44849810E+03
1.71643634E+05	3.68220242E+04	3.58296994E+04	2.75211948E+04	1.20490985E+04	1.15903516E+04	9.54717017E+03	8.83937665E+03	8.47516111E+03	5.28328071E+03	5.06679007E+03	4.40416719E+03	4.06689731E+03	3.94773836E+03	2.86279054E+03	2.76204079E+03
1.71733390E+05	3.69034305E+04	3.59087318E+04	2.76019365E+04	1.21235224E+04	1.16622301E+04	9.62077103E+03	8.91340421E+03	8.54969685E+03	5.34932719E+03	5.12897154E+03	4.46897043E+03	4.13134176E+03	4.01317142E+03	2.90789033E+03	2.81958488E+03
1.71826691E+05	3.69858210E+04	3.59934546E+04	2.76835587E+04	1.21991936E+04	1.17389868E+04	9.69554551E+03	8.98951457E+03	8.62510971E+03	5.41771950E+03	5.19784332E+03	4.53580890E+03	4.19892360E+03	4.08017492E+03	2.96564859E+03
1.71911084E+05	3.70639835E+04	3.60754331E+04	2.77633281E+04	1.22713207E+04	1.18139248E+04	9.76893724E+03	9.06454737E+03	8.69960698E+03	5.48063333E+03	5.26439985E+03	4.60013629E+03	4.26495961E+03	4.14556952E+03	3.02375388E+03
1.72001551E+05	3.71461988E+04	3.61580715E+04	2.78448257E+04	1.23475060E+04	1.18905080E+04	9.84420060E+03	9.14074065E+03	8.77554391E+03	5.54962655E+03	5.33364782E+03	4.66751622E+03	4.33296841E+03	4.21315554E+03
1.72125139E+05	3.72668423E+04	3.62821678E+04	2.79611894E+04	1.24577077E+04	1.20028287E+04	9.95077724E+03	9.24931458E+03	8.87464579E+03	5.63481650E+03	5.42388847E+03	4.73691609E+03	4.41691460E+03	4.29807996E+03
1.72250185E+05	3.73893722E+04	3.64075706E+04	2.80818261E+04	1.25691110E+04	1.21162408E+04	1.00602158E+04	9.36421643E+03	8.98644841E+03	5.72208683E+03	5.51646572E+03	4.81601347E+03	4.50714397E+03	4.38766799E+03
1.72376710E+05	3.75139247E+04	3.65342089E+04	2.82054867E+04	1.26817753E+04	1.22306547E+04	1.01701837E+04	9.48160711E+03	9.09916459E+03	5.81178772E+03	5.61052496E+03	4.90073149E+03	4.60091079E+03	4.48294432E+03
1.72504731E+05	3.76405343E+04	3.66620986E+04	2.83315064E+04	1.27957112E+04	1.23460774E+04	1.02805625E+04	9.59466114E+03	9.21177184E+03	5.90392489E+03	5.70605333E+03	4.98840112E+03	4.68854025E+03	4.57370758E+03
1.72634248E+05	3.77692520E+04	3.67912513E+04	2.84601634E+04	1.29109292E+04	1.24625059E+04	1.03933698E+04	9.71100195E+03	9.32576364E+03	5.99862433E+03	5.80298131E+03	5.07882986E+03	4.78088815E+03	4.66162220E+03
1.72765221E+05	3.79002668E+04	3.69217347E+04	2.85928633E+04	1.30275252E+04	1.25800150E+04	1.05100604E+04	9.83520004E+03	9.44811779E+03	6.09639209E+03	5.90227082E+03	5.17468989E+03	4.88364610E+03
1.72901944E+05	3.80345969E+04	3.70545837E+04	2.87253662E+04	1.31463087E+04	1.26986699E+04	1.06227830E+04	9.94089826E+03	9.56328355E+03	6.18687228E+03	5.98016702E+03	5.26179933E+03	4.97562546E+03
1.73040705E+05	3.81707531E+04	3.71904410E+04	2.88628935E+04	1.32665423E+04	1.28194089E+04	1.07424440E+04	1.00610438E+04	9.68606982E+03	6.28219421E+03	6.06623413E+03	5.35340744E+03	5.07614826E+03
1.73181540E+05	3.83083024E+04	3.73293679E+04	2.89979625E+04	1.33878928E+04	1.29422693E+04	1.08559676E+04	1.01822841E+04	9.80457124E+03	6.37987667E+03	6.16061083E+03	5.44024462E+03	5.16918732E+03
1.73324470E+05	3.84472974E+04	3.74714185E+04	2.91399618E+04	1.35105056E+04	1.30672584E+04	1.09837543E+04	1.03094093E+04	9.93393515E+03	6.48144722E+03	6.26347151E+03	5.54638642E+03
1.73467458E+05	3.85789052E+04	3.76076164E+04	2.92651726E+04	1.36240868E+04	1.31848811E+04	1.10896226E+04	1.04236307E+04	1.00490692E+04	6.55970601E+03	6.35462419E+03	5.63549567E+03
1.73613223E+05	3.87122728E+04	3.77449838E+04	2.93976440E+04	1.37399530E+04	1.33040878E+04	1.12038783E+04	1.05439358E+04	1.01650476E+04	6.64508149E+03	6.45000118E+03	5.73317969E+03
1.73761942E+05	3.88473995E+04	3.78836152E+04	2.95312172E+04	1.38581425E+04	1.34244901E+04	1.13188434E+04	1.06587335E+04	1.02817180E+04	6.73787458E+03	6.54758685E+03	5.82328761E+03
1.73913526E+05	3.89843375E+04	3.80234300E+04	2.96692654E+04	1.39787405E+04	1.35464735E+04	1.14389369E+04	1.07862180E+04	1.04043550E+04	6.83841995E+03	6.64911144E+03
1.74091895E+05	3.91377603E+04	3.81701096E+04	2.98207059E+04	1.41090711E+04	1.36676642E+04	1.15666305E+04	1.09156240E+04	1.05355998E+04	6.92378475E+03	6.75888859E+03
1.74279273E+05	3.92930509E+04	3.83324209E+04	2.99737319E+04	1.42427600E+04	1.38047960E+04	1.16974636E+04	1.10510698E+04	1.06688046E+04	7.03201953E+03
1.74438941E+05	3.94337990E+04	3.84844019E+04	3.01190676E+04	1.43619923E+04	1.39339056E+04	1.18212774E+04	1.11808755E+04	1.07968552E+04	7.13970691E+03
1.74614526E+05	3.95853194E+04	3.86374646E+04	3.02684835E+04	1.44942657E+04	1.40676174E+04	1.19506663E+04	1.13135822E+04	1.09286763E+04
1.74875758E+05	3.98345409E+04	3.88986478E+04	3.05013417E+04	1.46834567E+04	1.42727436E+04	1.21118889E+04	1.15104256E+04	1.11256190E+04
1.75140247E+05	4.00884793E+04	3.91625648E+04	3.07476808E+04	1.48772577E+04	1.44821096E+04	1.22899553E+04	1.17239136E+04	1.13348743E+04
1.75407988E+05	4.03475198E+04	3.94289937E+04	3.10028235E+04	1.50762064E+04	1.46943201E+04	1.24777655E+04	1.19450538E+04	1.15588560E+04
1.75679030E+05	4.06117789E+04	3.96979648E+04	3.12643590E+04	1.52803198E+04	1.49093563E+04	1.26712260E+04	1.21516987E+04	1.17710406E+04
1.75953439E+05	4.08814103E+04	3.99695164E+04	3.15332817E+04	1.54897278E+04	1.51271631E+04	1.28707231E+04	1.23676963E+04	1.19750815E+04
1.76231071E+05	4.11568920E+04	4.02438595E+04	3.18144949E+04	1.57051071E+04	1.53491590E+04	1.30816334E+04	1.26071640E+04
1.76524178E+05	4.14401870E+04	4.05224103E+04	3.20901413E+04	1.59086168E+04	1.55330770E+04	1.32755942E+04	1.28257305E+04
1.76822449E+05	4.17275496E+04	4.08093102E+04	3.23822234E+04	1.61208013E+04	1.57340234E+04	1.34813591E+04	1.30668423E+04
1.77125981E+05	4.20178585E+04	4.11047701E+04	3.26631559E+04	1.63375100E+04	1.59521267E+04	1.36749352E+04	1.32885624E+04
1.77435029E+05	4.23113802E+04	4.14090004E+04	3.29673194E+04	1.65614147E+04	1.61875643E+04	1.39054016E+04
1.77735045E+05	4.25700943E+04	4.16849234E+04	3.32018068E+04	1.67264875E+04	1.63864501E+04	1.40951629E+04
1.78042267E+05	4.28335008E+04	4.19630260E+04	3.34627182E+04	1.69069862E+04	1.65929215E+04	1.43027137E+04
1.78357260E+05	4.31016305E+04	4.22436049E+04	3.37257998E+04	1.71034261E+04	1.68041579E+04	1.44945419E+04
1.78679736E+05	4.33745894E+04	4.25264204E+04	3.40021859E+04	1.73162527E+04	1.70232525E+04
1.79079507E+05	4.36869663E+04	4.28116528E+04	3.43079268E+04	1.75053153E+04	1.72697496E+04
1.79507613E+05	4.40036539E+04	4.31542164E+04	3.46170035E+04	1.77375946E+04
1.79838287E+05	4.42651173E+04	4.34570284E+04	3.48964599E+04	1.79644724E+04
1.80219157E+05	4.45647744E+04	4.37629000E+04	3.51890905E+04
1.80912923E+05	4.50027955E+04	4.43364983E+04	3.56980869E+04
1.81629475E+05	4.54811226E+04	4.49196221E+04	3.62644450E+04
1.82370807E+05	4.60010710E+04	4.55114989E+04	3.67803527E+04
1.83135975E+05	4.65633669E+04	4.61130321E+04
1.84187623E+05	4.71297476E+04	4.69010509E+04
1.85365208E+05	4.77606571E+04
1.86106694E+05	4.83635671E+04
1.87058214E+05
1.90118974E+05
