1.76994279E+05	3.57096019E+04	3.47156908E+04	2.55037094E+04	9.57220419E+03	9.09631958E+03	6.86477131E+03	6.11017343E+03	5.72152981E+03	2.72683823E+03	2.49635242E+03	1.86081208E+03	1.49528038E+03	1.38963030E+03	6.95442035E+02	5.93404959E+02	4.16617363E+02	9.04919840E+02	8.74834417E+02	2.64332384E+02	2.37750892E+02	1.22947264E+02	8.81165424E+01	4.62477373E+01	5.68414583E+01	5.10939291E+01	9.44890976E+00	7.65161571E+00	9.10927271E+00
1.77004004E+05	3.57188942E+04	3.47249097E+04	2.55129042E+04	9.58130459E+03	9.10542789E+03	6.87386422E+03	6.11925047E+03	5.73059805E+03	2.73584528E+03	2.50540518E+03	1.86983025E+03	1.50431744E+03	1.39866221E+03	7.04351307E+02	6.02478857E+02	4.25547221E+02	9.13982343E+02	8.83900036E+02	2.73326460E+02	2.46687001E+02	1.31504975E+02	9.70940804E+01	5.46367066E+01	6.59346014E+01	6.00210018E+01	1.72064354E+01	1.59260974E+01	1.93954240E+01
1.77011857E+05	3.57284618E+04	3.47348037E+04	2.55228812E+04	9.59118345E+03	9.11539636E+03	6.88386734E+03	6.12922801E+03	5.74057276E+03	2.74578866E+03	2.51536867E+03	1.87981140E+03	1.51431714E+03	1.40864705E+03	7.14374583E+02	6.12472375E+02	4.35540898E+02	9.23980801E+02	8.93891565E+02	2.83324553E+02	2.56677664E+02	1.41521058E+02	1.07099557E+02	6.46033378E+01	7.58196404E+01	7.00010503E+01	2.72936477E+01	2.54072791E+01
1.77027310E+05	3.57422363E+04	3.47482623E+04	2.55362184E+04	9.60457777E+03	9.12871447E+03	6.89712610E+03	6.14247325E+03	5.75381868E+03	2.75899212E+03	2.52858481E+03	1.89293999E+03	1.52741802E+03	1.42175272E+03	7.27462316E+02	6.25655518E+02	4.48525570E+02	9.37022695E+02	9.06934882E+02	2.96258816E+02	2.69486468E+02	1.54159759E+02	1.19978097E+02	7.66668596E+01	8.85912526E+01	8.26953391E+01	3.90298283E+01	3.71162120E+01
1.77041640E+05	3.57566612E+04	3.47627035E+04	2.55506679E+04	9.61893497E+03	9.14308661E+03	6.91149967E+03	6.15680375E+03	5.76820781E+03	2.77328235E+03	2.54290195E+03	1.90727452E+03	1.54168728E+03	1.43610534E+03	7.41621172E+02	6.39861105E+02	4.62773923E+02	9.51241843E+02	9.21342069E+02	3.10426047E+02	2.83871118E+02	1.67689155E+02	1.33338124E+02	8.98348792E+01	1.02189810E+02	9.69861352E+01	5.17997005E+01	4.97853189E+01
1.77056549E+05	3.57718168E+04	3.47778124E+04	2.55658286E+04	9.63398536E+03	9.15813473E+03	6.92656716E+03	6.17200656E+03	5.78330789E+03	2.78833132E+03	2.55792965E+03	1.92231900E+03	1.55691599E+03	1.45117252E+03	7.56758903E+02	6.54966703E+02	4.77859672E+02	9.66515120E+02	9.36400133E+02	3.25946419E+02	2.98955085E+02	1.82931167E+02	1.49434318E+02	1.04981532E+02	1.18754401E+02	1.12074551E+02	6.57544369E+01
1.77073308E+05	3.57885380E+04	3.47945260E+04	2.55825723E+04	9.65052520E+03	9.17467892E+03	6.94302857E+03	6.18838154E+03	5.79978322E+03	2.80472045E+03	2.57427869E+03	1.93856681E+03	1.57307607E+03	1.46740061E+03	7.72869394E+02	6.70907428E+02	4.93727623E+02	9.82859095E+02	9.52638429E+02	3.41390760E+02	3.14685610E+02	1.98237393E+02	1.62770054E+02	1.19273920E+02	1.33760397E+02	1.27527057E+02	7.94908983E+01
1.77090794E+05	3.58060984E+04	3.48120272E+04	2.56001402E+04	9.66789193E+03	9.19203177E+03	6.96042797E+03	6.20570880E+03	5.81722836E+03	2.82195300E+03	2.59142507E+03	1.95587817E+03	1.59015362E+03	1.48475656E+03	7.89937311E+02	6.87705791E+02	5.10845519E+02	9.99995722E+02	9.69981338E+02	3.58102130E+02	3.31835186E+02	2.14682910E+02	1.77331707E+02	1.34595948E+02	1.49525685E+02	1.44491025E+02	9.46508324E+01
1.77109045E+05	3.58244538E+04	3.48303616E+04	2.56183346E+04	9.68600135E+03	9.21014625E+03	6.97827730E+03	6.22379856E+03	5.83515846E+03	2.83991455E+03	2.60934784E+03	1.97335365E+03	1.60801486E+03	1.50229586E+03	8.07698398E+02	7.05329985E+02	5.27730547E+02	1.01781599E+03	9.87601610E+02	3.75605023E+02	3.48769186E+02	2.31788092E+02	1.93289696E+02	1.49696190E+02	1.67474498E+02	1.61266737E+02	1.09051082E+02
1.77128089E+05	3.58435931E+04	3.48495111E+04	2.56376360E+04	9.70484344E+03	9.22901440E+03	6.99736657E+03	6.24272769E+03	5.85423390E+03	2.85862250E+03	2.62806705E+03	1.99253568E+03	1.62680654E+03	1.52140558E+03	8.26223126E+02	7.23844846E+02	5.47176800E+02	1.03663129E+03	1.00664628E+03	3.94235963E+02	3.68154509E+02	2.49681326E+02	2.10902686E+02	1.68618902E+02	1.85821736E+02	1.80574095E+02
1.77156853E+05	3.58729321E+04	3.48787583E+04	2.56669192E+04	9.73455832E+03	9.25893323E+03	7.02680637E+03	6.27206458E+03	5.88273648E+03	2.88805545E+03	2.65758877E+03	2.02085911E+03	1.65496819E+03	1.54954874E+03	8.53919909E+02	7.51924337E+02	5.72748692E+02	1.06526676E+03	1.03274979E+03	4.19539453E+02	3.88022328E+02	2.72339697E+02	2.33043907E+02	1.88531032E+02	2.09990541E+02	2.04985435E+02
1.77186692E+05	3.59033888E+04	3.49091111E+04	2.56974526E+04	9.76540908E+03	9.29003314E+03	7.05729947E+03	6.30333208E+03	5.91307031E+03	2.91850906E+03	2.68817565E+03	2.05131490E+03	1.68543184E+03	1.57970484E+03	8.82470389E+02	7.81061197E+02	5.99197502E+02	1.09549441E+03	1.06273774E+03	4.47171823E+02	4.12528392E+02	2.95584068E+02	2.55886476E+02	2.09387471E+02	2.35484131E+02	2.30648765E+02
1.77217532E+05	3.59348733E+04	3.49404641E+04	2.57289480E+04	9.79733748E+03	9.32219158E+03	7.08885195E+03	6.33582862E+03	5.94465874E+03	2.94998131E+03	2.71976843E+03	2.08306192E+03	1.71726128E+03	1.61148451E+03	9.11887044E+02	8.11069021E+02	6.26638085E+02	1.12811806E+03	1.09451015E+03	4.78109440E+02	4.39107151E+02	3.19429490E+02	2.79321553E+02	2.30633639E+02	2.63316794E+02	2.58511008E+02
1.77249393E+05	3.59674344E+04	3.49728695E+04	2.57614688E+04	9.83036373E+03	9.35539745E+03	7.12153853E+03	6.36930101E+03	5.97736066E+03	2.98243753E+03	2.75232336E+03	2.11521602E+03	1.74984697E+03	1.64333907E+03	9.42220604E+02	8.41937918E+02	6.55192106E+02	1.16180625E+03	1.12655435E+03	5.05393900E+02	4.66807504E+02	3.43914606E+02	3.03350552E+02	2.52229927E+02	2.92327897E+02	2.87885263E+02
1.77282289E+05	3.60010339E+04	3.50062900E+04	2.57950586E+04	9.86447515E+03	9.38966886E+03	7.15540148E+03	6.40317798E+03	6.01123226E+03	3.01586735E+03	2.78584832E+03	2.14794620E+03	1.78236922E+03	1.67583612E+03	9.73324559E+02	8.73573182E+02	6.84815777E+02	1.18026293E+03	1.15913781E+03	5.28241752E+02	4.95522551E+02	3.68932232E+02	3.27927439E+02	2.74425237E+02	3.20222013E+02	3.16550867E+02
1.77316231E+05	3.60356918E+04	3.50407484E+04	2.58297771E+04	9.89964353E+03	9.42495576E+03	7.19053368E+03	6.43820513E+03	6.04645652E+03	3.05025151E+03	2.82031787E+03	2.18192031E+03	1.81631744E+03	1.70969110E+03	1.00509165E+03	9.05689780E+02	7.15623759E+02	1.21521045E+03	1.19315274E+03	5.59054377E+02	5.25604370E+02	3.94409047E+02	3.52922844E+02	2.97363677E+02	3.51457910E+02	3.45275655E+02
1.77351165E+05	3.60713931E+04	3.50762303E+04	2.58656499E+04	9.93586174E+03	9.46118098E+03	7.22703467E+03	6.47408156E+03	6.08319363E+03	3.08557198E+03	2.85566261E+03	2.21731189E+03	1.85179376E+03	1.74520990E+03	1.03756178E+03	9.38054069E+02	7.47820592E+02	1.25097386E+03	1.22895236E+03	5.77688250E+02	5.57431271E+02	4.20389579E+02	3.78211274E+02	3.21224086E+02	3.79669097E+02
1.77386631E+05	3.61077017E+04	3.51122492E+04	2.59021377E+04	9.97364493E+03	9.49862011E+03	7.26505931E+03	6.51277276E+03	6.12115497E+03	3.12207219E+03	2.89193777E+03	2.25365065E+03	1.88865879E+03	1.78171659E+03	1.07318988E+03	9.74068841E+02	7.83056939E+02	1.29057120E+03	1.26597032E+03	6.15312251E+02	5.91532356E+02	4.48498043E+02	4.05157421E+02	3.46277984E+02	4.13778427E+02
1.77423588E+05	3.61456979E+04	3.51500798E+04	2.59400649E+04	1.00119586E+04	9.53666144E+03	7.30286560E+03	6.54962460E+03	6.15914729E+03	3.15926634E+03	2.92905455E+03	2.28941084E+03	1.92498589E+03	1.81740893E+03	1.10711855E+03	1.00612031E+03	8.14820639E+02	1.32408322E+03	1.30198604E+03	6.45553854E+02	6.22250696E+02	4.75156142E+02	4.30575679E+02	3.69778838E+02	4.43659597E+02
1.77461686E+05	3.61846728E+04	3.51888479E+04	2.59792345E+04	1.00515548E+04	9.57581016E+03	7.34259688E+03	6.58827956E+03	6.19895088E+03	3.19753046E+03	2.96710683E+03	2.32757894E+03	1.96281384E+03	1.85510607E+03	1.14237731E+03	1.03945467E+03	8.48657767E+02	1.36104225E+03	1.33980997E+03	6.75784651E+02	6.54914330E+02	5.02780387E+02	4.56766501E+02	3.94915342E+02	4.75931017E+02
1.77500686E+05	3.62245696E+04	3.52285276E+04	2.60190985E+04	1.00922444E+04	9.61606143E+03	7.38325199E+03	6.62833811E+03	6.24011828E+03	3.23672184E+03	3.00608019E+03	2.36657640E+03	2.00122411E+03	1.89444240E+03	1.17870202E+03	1.07405370E+03	8.83093329E+02	1.40039312E+03	1.37948329E+03	7.09176478E+02	6.89077935E+02	5.31120704E+02	4.83718096E+02	4.20445086E+02	5.10066909E+02
1.77540612E+05	3.62654385E+04	3.52691596E+04	2.60599634E+04	1.01338892E+04	9.65743266E+03	7.42394864E+03	6.66959358E+03	6.28093568E+03	3.27675225E+03	3.04599423E+03	2.40490388E+03	2.04023359E+03	1.93282496E+03	1.21571604E+03	1.10983764E+03	9.17060194E+02	1.43866648E+03	1.41844790E+03	7.45458436E+02	7.22024138E+02	5.59920022E+02	5.11384805E+02	4.45459105E+02	5.42691045E+02
1.77581481E+05	3.63072928E+04	3.53107552E+04	2.61019277E+04	1.01764816E+04	9.69997402E+03	7.46608820E+03	6.71213717E+03	6.32227618E+03	3.31761390E+03	3.08687386E+03	2.44485901E+03	2.08052241E+03	1.97120818E+03	1.25337196E+03	1.14689691E+03	9.52850520E+02	1.48901976E+03	1.45729351E+03	7.89081434E+02	7.54501338E+02	5.89142857E+02	5.39765418E+02	4.71563223E+02	5.74635592E+02
1.77623238E+05	3.63500966E+04	3.53532785E+04	2.61450610E+04	1.02200814E+04	9.74366058E+03	7.51105579E+03	6.75638203E+03	6.36803270E+03	3.35933999E+03	3.12868666E+03	2.48817830E+03	2.12262432E+03	2.01604067E+03	1.29197259E+03	1.18526729E+03	9.93174116E+02	1.53275610E+03	1.50228258E+03	8.26563841E+02	7.96379477E+02	6.18963292E+02	5.68842543E+02	5.00331258E+02
1.77655196E+05	3.63814193E+04	3.53848631E+04	2.61759433E+04	1.02504773E+04	9.77426362E+03	7.54103621E+03	6.78667968E+03	6.39845771E+03	3.38870263E+03	3.15833036E+03	2.51701483E+03	2.15152259E+03	2.04515027E+03	1.31934517E+03	1.21312971E+03	1.01938888E+03	1.56166858E+03	1.53134817E+03	8.52794588E+02	8.23069143E+02	6.39579377E+02	5.91638259E+02	5.22864078E+02
1.77685864E+05	3.64129173E+04	3.54169522E+04	2.62077846E+04	1.02813459E+04	9.80539400E+03	7.57189684E+03	6.81800522E+03	6.42947597E+03	3.41864304E+03	3.18852360E+03	2.54673057E+03	2.18189129E+03	2.07516152E+03	1.34741698E+03	1.24159197E+03	1.04692471E+03	1.59216611E+03	1.56175607E+03	8.80925471E+02	8.50473854E+02	6.61855575E+02	6.15983198E+02	5.48065748E+02
1.77720988E+05	3.64457252E+04	3.54497239E+04	2.62400906E+04	1.03129593E+04	9.83706956E+03	7.60321262E+03	6.84903075E+03	6.46083281E+03	3.44923658E+03	3.21921194E+03	2.57690270E+03	2.21134983E+03	2.10519887E+03	1.37623507E+03	1.27053836E+03	1.07494171E+03	1.62194589E+03	1.59184212E+03	9.07572474E+02	8.77928549E+02	6.85953176E+02	6.40786839E+02	5.71121446E+02
1.77754846E+05	3.64787196E+04	3.54830014E+04	2.62731229E+04	1.03450710E+04	9.86928025E+03	7.63534557E+03	6.88179935E+03	6.49308007E+03	3.48044296E+03	3.25044982E+03	2.60808531E+03	2.24360689E+03	2.13646828E+03	1.40583434E+03	1.30008032E+03	1.10430151E+03	1.65394528E+03	1.62322614E+03	9.38506419E+02	9.07134200E+02	7.12148229E+02	6.66545883E+02
1.77793371E+05	3.65152650E+04	3.55190823E+04	2.63095742E+04	1.03803408E+04	9.90396253E+03	7.67050118E+03	6.91701166E+03	6.52839313E+03	3.51439831E+03	3.28361768E+03	2.64179293E+03	2.27719957E+03	2.17025918E+03	1.43726612E+03	1.32996777E+03	1.13509784E+03	1.68780568E+03	1.65719144E+03	9.68281393E+02	9.37590682E+02	7.34272602E+02	6.94293023E+02
1.77832831E+05	3.65525863E+04	3.55568072E+04	2.63467410E+04	1.04163990E+04	9.94017224E+03	7.70638287E+03	6.95306319E+03	6.56436211E+03	3.54928292E+03	3.31856681E+03	2.67633682E+03	2.31180839E+03	2.20478348E+03	1.47005729E+03	1.36268208E+03	1.16711914E+03	1.72246104E+03	1.69180749E+03	1.00004237E+03	9.69181689E+02	7.62718257E+02
1.77871640E+05	3.65898546E+04	3.55948787E+04	2.63844204E+04	1.04525018E+04	9.97691941E+03	7.74286789E+03	6.98985586E+03	6.60108096E+03	3.58387473E+03	3.35392000E+03	2.71125149E+03	2.34702011E+03	2.23987531E+03	1.50131197E+03	1.39519885E+03	1.19843843E+03	1.75784428E+03	1.72714329E+03	1.03151357E+03	1.00030216E+03	7.91788033E+02
1.77911926E+05	3.66284401E+04	3.56337337E+04	2.64228484E+04	1.04899627E+04	1.00144966E+04	7.78016256E+03	7.02731487E+03	6.63846586E+03	3.62016463E+03	3.39026288E+03	2.74717822E+03	2.38302650E+03	2.27577701E+03	1.53534639E+03	1.42916161E+03	1.23159135E+03	1.79390064E+03	1.76315416E+03	1.06442104E+03	1.03299312E+03
1.77964299E+05	3.66804381E+04	3.56864923E+04	2.64738517E+04	1.05403168E+04	1.00652568E+04	7.82969665E+03	7.07705883E+03	6.68641337E+03	3.66732383E+03	3.43790460E+03	2.79320567E+03	2.42846515E+03	2.31815855E+03	1.57508623E+03	1.47033481E+03	1.26266921E+03	1.83944209E+03	1.80838476E+03	1.10141338E+03	1.07052897E+03
1.78017504E+05	3.67333566E+04	3.57400462E+04	2.65263223E+04	1.05914010E+04	1.01167292E+04	7.88055591E+03	7.12902162E+03	6.73762580E+03	3.71519118E+03	3.48628542E+03	2.84057858E+03	2.47679919E+03	2.36577830E+03	1.61570694E+03	1.51273961E+03	1.29848871E+03	1.88711849E+03	1.85629710E+03	1.14134370E+03	1.11036376E+03
1.78071505E+05	3.67872262E+04	3.57943619E+04	2.65800053E+04	1.06432286E+04	1.01688837E+04	7.93188658E+03	7.18174521E+03	6.78940182E+03	3.76381568E+03	3.53530317E+03	2.88824374E+03	2.52638256E+03	2.41390672E+03	1.65742107E+03	1.55595922E+03	1.33730536E+03	1.93613283E+03	1.90474400E+03	1.18289524E+03	1.15280211E+03
1.78126365E+05	3.68420729E+04	3.58494550E+04	2.66347531E+04	1.06958152E+04	1.02217371E+04	7.98374185E+03	7.23384824E+03	6.84160109E+03	3.81321251E+03	3.58496956E+03	2.93633244E+03	2.57405182E+03	2.46160861E+03	1.70020888E+03	1.59997864E+03	1.37773926E+03	1.98435303E+03	1.95269107E+03	1.22206066E+03	1.19343165E+03
1.78182044E+05	3.68979057E+04	3.59053079E+04	2.66906144E+04	1.07491424E+04	1.02752635E+04	8.03664317E+03	7.28705094E+03	6.89471073E+03	3.86339613E+03	3.63527396E+03	2.98560892E+03	2.62359838E+03	2.51010360E+03	1.74420351E+03	1.64471671E+03	1.41961628E+03	2.03238775E+03	2.00224114E+03	1.26353147E+03	1.23292072E+03
1.78238526E+05	3.69548142E+04	3.59619439E+04	2.67479500E+04	1.08032575E+04	1.03294812E+04	8.09093706E+03	7.34266102E+03	6.95010517E+03	3.91449045E+03	3.68632808E+03	3.03663532E+03	2.67692276E+03	2.56234205E+03	1.78989038E+03	1.69076530E+03	1.46433903E+03	2.08700383E+03	2.05413200E+03	1.30974594E+03
1.78297449E+05	3.70135151E+04	3.60202397E+04	2.68062427E+04	1.08589324E+04	1.03850808E+04	8.14518095E+03	7.39624292E+03	7.00477219E+03	3.96601301E+03	3.73696032E+03	3.08596687E+03	2.72309500E+03	2.61142905E+03	1.83250833E+03	1.72680817E+03	1.50487992E+03	2.13576604E+03	2.10370079E+03	1.35094664E+03
1.78357347E+05	3.70731745E+04	3.60797360E+04	2.68661831E+04	1.09154064E+04	1.04416007E+04	8.20188780E+03	7.45254356E+03	7.06208909E+03	4.01862071E+03	3.78882732E+03	3.13839670E+03	2.77429446E+03	2.66395793E+03	1.87753471E+03	1.76657662E+03	1.54757561E+03	2.18930876E+03	2.15671731E+03	1.39603053E+03
1.78418239E+05	3.71336252E+04	3.61404525E+04	2.69260507E+04	1.09725833E+04	1.04990618E+04	8.25688453E+03	7.50955313E+03	7.11813230E+03	4.07195631E+03	3.84195748E+03	3.18820861E+03	2.82619143E+03	2.71453339E+03	1.92366336E+03	1.81020195E+03	1.58808657E+03	2.24122991E+03	2.20807611E+03	1.43774949E+03
1.78480131E+05	3.71948632E+04	3.62024186E+04	2.69880649E+04	1.10304885E+04	1.05574775E+04	8.31639423E+03	7.56849883E+03	7.17774503E+03	4.12616545E+03	3.89636967E+03	3.24505316E+03	2.88048151E+03	2.77085915E+03	1.97155115E+03	1.85785218E+03	1.63837739E+03	2.29607931E+03	2.26429438E+03
1.78573115E+05	3.72904048E+04	3.62976542E+04	2.70831566E+04	1.11255967E+04	1.06542777E+04	8.40820350E+03	7.66132803E+03	7.26372982E+03	4.20714569E+03	3.97962019E+03	3.31975222E+03	2.95637614E+03	2.83513168E+03	2.03043945E+03	1.91668482E+03	1.69093761E+03	2.37375778E+03	2.34273478E+03
1.78667595E+05	3.73875033E+04	3.63943712E+04	2.71806174E+04	1.12223077E+04	1.07527932E+04	8.50149865E+03	7.76034956E+03	7.35676948E+03	4.28935634E+03	4.06450950E+03	3.39565643E+03	3.03861860E+03	2.90850760E+03	2.09001320E+03	1.97628589E+03	1.74552337E+03	2.45453730E+03	2.42384356E+03
1.78763529E+05	3.74861446E+04	3.64925437E+04	2.72794775E+04	1.13207252E+04	1.08528220E+04	8.59660909E+03	7.86204070E+03	7.45291665E+03	4.37296628E+03	4.15061566E+03	3.47299710E+03	3.12447458E+03	2.98538974E+03	2.15030963E+03	2.03657104E+03	1.80122864E+03	2.54157495E+03	2.51050241E+03
1.78860913E+05	3.75863163E+04	3.65921500E+04	2.73793738E+04	1.14210204E+04	1.09543661E+04	8.69386715E+03	7.96530508E+03	7.55099874E+03	4.45823029E+03	4.23796989E+03	3.55202494E+03	3.20863318E+03	3.06400505E+03	2.21138555E+03	2.09755168E+03	1.85674578E+03	2.63180403E+03	2.60149036E+03
1.78959740E+05	3.76880615E+04	3.66932341E+04	2.74809769E+04	1.15231149E+04	1.10574544E+04	8.79341331E+03	8.06586896E+03	7.65124800E+03	4.54493896E+03	4.32655033E+03	3.63278095E+03	3.29215872E+03	3.14437792E+03	2.27320026E+03	2.15922905E+03	1.91259547E+03	2.71754168E+03	2.68937964E+03
1.79060109E+05	3.77913910E+04	3.67958004E+04	2.75844911E+04	1.16269859E+04	1.11620455E+04	8.89574977E+03	8.16917069E+03	7.75451165E+03	4.63303643E+03	4.41623517E+03	3.71570488E+03	3.37911116E+03	3.22729802E+03	2.33573564E+03	2.22157779E+03	1.96953313E+03	2.80131614E+03	2.77523576E+03
1.79161919E+05	3.78962456E+04	3.68997848E+04	2.76900194E+04	1.17329424E+04	1.12681666E+04	9.00160699E+03	8.27587124E+03	7.86159608E+03	4.72304069E+03	4.50712266E+03	3.80154038E+03	3.46945044E+03	3.31361532E+03	2.39910743E+03	2.28459507E+03	2.02789384E+03	2.89146438E+03
1.79265057E+05	3.80025800E+04	3.70051000E+04	2.77975770E+04	1.18417874E+04	1.13762847E+04	9.11228278E+03	8.38980309E+03	7.97376579E+03	4.81626073E+03	4.60026375E+03	3.89167961E+03	3.56842625E+03	3.40493827E+03	2.46358504E+03	2.34843898E+03	2.08798635E+03	2.99483547E+03
1.79371233E+05	3.81119127E+04	3.71138685E+04	2.79061425E+04	1.19496228E+04	1.14822233E+04	9.21533626E+03	8.48645583E+03	8.07855336E+03	4.90504882E+03	4.68548011E+03	3.97314810E+03	3.63202098E+03	3.48677670E+03	2.52726104E+03	2.41160748E+03	2.14483618E+03	3.08223155E+03
1.79478971E+05	3.82228450E+04	3.72241730E+04	2.80179920E+04	1.20599867E+04	1.15905554E+04	9.32511483E+03	8.59083754E+03	8.18888119E+03	4.99650016E+03	4.77339889E+03	4.06015354E+03	3.70700346E+03	3.57333383E+03	2.59200622E+03	2.47569918E+03	2.20527421E+03	3.17558314E+03
1.79588240E+05	3.83353349E+04	3.73359725E+04	2.81303388E+04	1.21724518E+04	1.17013326E+04	9.43773419E+03	8.69999774E+03	8.30434200E+03	5.08999467E+03	4.86408539E+03	4.14917895E+03	3.79084315E+03	3.66403154E+03	2.65762870E+03	2.54073275E+03	2.26632798E+03	3.27517098E+03
1.79699108E+05	3.84494810E+04	3.74493428E+04	2.82442822E+04	1.22865538E+04	1.18146114E+04	9.54583323E+03	8.81229032E+03	8.41569009E+03	5.18479120E+03	4.95746942E+03	4.23426111E+03	3.87956661E+03	3.75046753E+03	2.72394779E+03	2.60671054E+03	2.32543984E+03	3.36942602E+03
1.79811569E+05	3.85652892E+04	3.75642791E+04	2.83604975E+04	1.24021269E+04	1.19304606E+04	9.65863873E+03	8.92785644E+03	8.52471458E+03	5.28068163E+03	5.05358742E+03	4.32322288E+03	3.97116538E+03	3.83440713E+03	2.79089957E+03	2.67362480E+03	2.38618125E+03	3.46055891E+03
1.79925621E+05	3.86827485E+04	3.76807727E+04	2.84794834E+04	1.25196716E+04	1.20489232E+04	9.78273426E+03	9.04904785E+03	8.65395166E+03	5.37846288E+03	5.15244791E+03	4.42244684E+03	4.06829223E+03	3.94025034E+03	2.85865838E+03	2.74146103E+03	2.45191035E+03
1.80002708E+05	3.87560603E+04	3.77556686E+04	2.85504998E+04	1.25872836E+04	1.21177839E+04	9.84815333E+03	9.11649165E+03	8.72172361E+03	5.43902635E+03	5.21455353E+03	4.47967409E+03	4.12754886E+03	4.00039769E+03	2.90235998E+03	2.79126663E+03	2.50096869E+03
1.80081120E+05	3.88303008E+04	3.78312925E+04	2.86243830E+04	1.26559098E+04	1.21874290E+04	9.91609635E+03	9.18670763E+03	8.79041340E+03	5.50086036E+03	5.27762500E+03	4.54037705E+03	4.19045997E+03	4.06146861E+03	2.94982633E+03	2.84360943E+03	2.55498324E+03
1.80160957E+05	3.89054742E+04	3.79076937E+04	2.86989523E+04	1.27255699E+04	1.22577593E+04	9.98455996E+03	9.25470367E+03	8.85932202E+03	5.56399369E+03	5.34140384E+03	4.60159739E+03	4.25005735E+03	4.12261290E+03	3.00126197E+03	2.89710912E+03	2.60466390E+03
1.80242149E+05	3.89815948E+04	3.79848240E+04	2.87754632E+04	1.27962951E+04	1.23288779E+04	1.00551439E+04	9.32783920E+03	8.93068264E+03	5.62849214E+03	5.40614877E+03	4.66557820E+03	4.31800736E+03	4.18712525E+03	3.05692554E+03	2.95275635E+03
1.80335573E+05	3.90660645E+04	3.80667834E+04	2.88591032E+04	1.28733905E+04	1.24032891E+04	1.01312671E+04	9.40442440E+03	9.00778008E+03	5.69681544E+03	5.47045862E+03	4.73246804E+03	4.38454411E+03	4.25468503E+03	3.10349252E+03	3.01228715E+03
1.80432846E+05	3.91515765E+04	3.81547997E+04	2.89436566E+04	1.29517279E+04	1.24828124E+04	1.02085775E+04	9.48316299E+03	9.08575161E+03	5.76753583E+03	5.54171649E+03	4.80146634E+03	4.45435287E+03	4.32385784E+03	3.16317989E+03
1.80520344E+05	3.92324572E+04	3.82397548E+04	2.90261687E+04	1.30262732E+04	1.25603375E+04	1.02843762E+04	9.56068958E+03	9.16269134E+03	5.83249881E+03	5.61049612E+03	4.86777041E+03	4.52248217E+03	4.39128652E+03	3.22318522E+03
1.80614324E+05	3.93176093E+04	3.83253857E+04	2.91104594E+04	1.31050451E+04	1.26395316E+04	1.03621021E+04	9.63939438E+03	9.24111414E+03	5.90376294E+03	5.68204110E+03	4.93726384E+03	4.59264953E+03	4.46099542E+03
1.80741450E+05	3.94417493E+04	3.84530820E+04	2.92300965E+04	1.32184160E+04	1.27551484E+04	1.04715862E+04	9.75097536E+03	9.34291516E+03	5.99148447E+03	5.77500822E+03	5.00855739E+03	4.67891277E+03	4.54821245E+03
1.80869986E+05	3.95678047E+04	3.85820682E+04	2.93541206E+04	1.33330113E+04	1.28718606E+04	1.05839938E+04	9.86903489E+03	9.45772449E+03	6.08135187E+03	5.87032548E+03	5.08982407E+03	4.77161494E+03	4.64018417E+03
1.81000080E+05	3.96959204E+04	3.87122938E+04	2.94812255E+04	1.34488871E+04	1.29895772E+04	1.06969470E+04	9.98960204E+03	9.57347531E+03	6.17370659E+03	5.96713268E+03	5.17682153E+03	4.86795352E+03	4.73800221E+03
1.81131679E+05	3.98261242E+04	3.88437655E+04	2.96107318E+04	1.35660588E+04	1.31083102E+04	1.08102783E+04	1.01057237E+04	9.68909003E+03	6.26855697E+03	6.06541892E+03	5.26681917E+03	4.95793712E+03	4.83115835E+03
1.81264798E+05	3.99584674E+04	3.89765019E+04	2.97429371E+04	1.36845303E+04	1.32280548E+04	1.09260821E+04	1.02251263E+04	9.80611085E+03	6.36602153E+03	6.16512489E+03	5.35962877E+03	5.05272168E+03	4.92134277E+03
1.81399618E+05	4.00931699E+04	3.91105699E+04	2.98793007E+04	1.38044048E+04	1.33488861E+04	1.10458681E+04	1.03525207E+04	9.93173232E+03	6.46658214E+03	6.26720651E+03	5.45798506E+03	5.15819472E+03
1.81540304E+05	4.02315807E+04	3.92474952E+04	3.00155901E+04	1.39266519E+04	1.34709472E+04	1.11616469E+04	1.04613531E+04	1.00500065E+04	6.55970238E+03	6.34763362E+03	5.54737945E+03	5.25266225E+03
1.81683093E+05	4.03717425E+04	3.93874400E+04	3.01569220E+04	1.40503462E+04	1.35951671E+04	1.12845694E+04	1.05847944E+04	1.01761237E+04	6.65775737E+03	6.43640729E+03	5.64137672E+03	5.35591614E+03
1.81828014E+05	4.05132751E+04	3.95304681E+04	3.02960126E+04	1.41751641E+04	1.37215842E+04	1.14011496E+04	1.07093445E+04	1.02978211E+04	6.75823956E+03	6.53365956E+03	5.73047882E+03	5.45146748E+03
1.81975080E+05	4.06561915E+04	3.96766236E+04	3.04418436E+04	1.43012446E+04	1.38502014E+04	1.15322965E+04	1.08399404E+04	1.04305597E+04	6.86273440E+03	6.63955502E+03	5.83934533E+03
1.82122142E+05	4.07914570E+04	3.98167084E+04	3.05703612E+04	1.44178433E+04	1.39710921E+04	1.16408482E+04	1.09571506E+04	1.05486359E+04	6.94338806E+03	6.73342996E+03	5.93073144E+03
1.82272025E+05	4.09285439E+04	3.99579999E+04	3.07063730E+04	1.45368154E+04	1.40935853E+04	1.17580456E+04	1.10806010E+04	1.06675697E+04	7.03130373E+03	6.83157368E+03	6.03089141E+03
1.82424939E+05	4.10674495E+04	4.01006061E+04	3.08434912E+04	1.46581938E+04	1.42172911E+04	1.18759443E+04	1.11983742E+04	1.07871944E+04	7.12677219E+03	6.93194578E+03	6.12326771E+03
1.82580772E+05	4.12082286E+04	4.02444351E+04	3.09852316E+04	1.47820661E+04	1.43425971E+04	1.19991056E+04	1.13290964E+04	1.09129468E+04	7.23010878E+03	7.03629777E+03
1.82766063E+05	4.13670388E+04	4.03961580E+04	3.11415861E+04	1.49167595E+04	1.44677325E+04	1.21306882E+04	1.14624932E+04	1.10482141E+04	7.31816361E+03	7.14966877E+03
1.82961125E+05	4.15278724E+04	4.05644794E+04	3.12996284E+04	1.50548044E+04	1.46095002E+04	1.22654924E+04	1.16021670E+04	1.11854485E+04	7.42980287E+03
1.83126222E+05	4.16731311E+04	4.07217094E+04	3.14495130E+04	1.51777130E+04	1.47427945E+04	1.23929219E+04	1.17358707E+04	1.13172434E+04	7.54081426E+03
1.83308304E+05	4.18297319E+04	4.08799589E+04	3.16036094E+04	1.53141696E+04	1.48807635E+04	1.25261342E+04	1.18725381E+04	1.14529480E+04
1.83575699E+05	4.20852036E+04	4.11476006E+04	3.18420144E+04	1.55085362E+04	1.50917611E+04	1.26912291E+04	1.20742046E+04	1.16544936E+04
1.83846392E+05	4.23454766E+04	4.14179387E+04	3.20941886E+04	1.57076725E+04	1.53070358E+04	1.28735828E+04	1.22929371E+04	1.18686300E+04
1.84120380E+05	4.26109199E+04	4.16907772E+04	3.23553123E+04	1.59121062E+04	1.55251801E+04	1.30658583E+04	1.25193766E+04	1.20978824E+04
1.84397714E+05	4.28816515E+04	4.19661425E+04	3.26229474E+04	1.61218593E+04	1.57461772E+04	1.32638829E+04	1.27310653E+04	1.23149639E+04
1.84678464E+05	4.31578212E+04	4.22440835E+04	3.28981441E+04	1.63370570E+04	1.59699882E+04	1.34680710E+04	1.29520895E+04	1.25235740E+04
1.84962560E+05	4.34398879E+04	4.25247801E+04	3.31859474E+04	1.65583532E+04	1.61980292E+04	1.36839303E+04	1.31970375E+04
1.85263018E+05	4.37311390E+04	4.28113232E+04	3.34685081E+04	1.67676242E+04	1.63872119E+04	1.38825427E+04	1.34209857E+04
1.85568801E+05	4.40261688E+04	4.31061728E+04	3.37674694E+04	1.69857490E+04	1.65939533E+04	1.40932788E+04	1.36680979E+04
1.85880008E+05	4.43240315E+04	4.34095337E+04	3.40561296E+04	1.72085151E+04	1.68183871E+04	1.42914766E+04	1.38952580E+04
1.86196714E+05	4.46248336E+04	4.37216025E+04	3.43672365E+04	1.74386892E+04	1.70606887E+04	1.45272174E+04
1.86504416E+05	4.48901139E+04	4.40048360E+04	3.46071586E+04	1.76084519E+04	1.72652863E+04	1.47214281E+04
1.86819471E+05	4.51602993E+04	4.42903538E+04	3.48742768E+04	1.77939977E+04	1.74774899E+04	1.49338074E+04
1.87142479E+05	4.54354207E+04	4.45784986E+04	3.51435921E+04	1.79958381E+04	1.76945303E+04	1.51300811E+04
1.87473106E+05	4.57155813E+04	4.48689863E+04	3.54266309E+04	1.82143934E+04	1.79194943E+04
1.87888812E+05	4.60390301E+04	4.51639833E+04	3.57418059E+04	1.84098147E+04	1.81745055E+04
1.88335337E+05	4.63672870E+04	4.55196984E+04	3.60606226E+04	1.86495423E+04
1.88677230E+05	4.66369753E+04	4.58334191E+04	3.63484426E+04	1.88835997E+04
1.89072531E+05	4.69467935E+04	4.61496292E+04	3.66499050E+04
1.89781178E+05	4.73966437E+04	4.67404520E+04	3.71704997E+04
1.90515009E+05	4.78885615E+04	4.73404078E+04	3.77499455E+04
1.91274123E+05	4.84234732E+04	4.79491708E+04	3.82774389E+04
1.92057396E+05	4.90020587E+04	4.85671458E+04
1.93158715E+05	4.95931698E+04	4.93909885E+04
1.94395892E+05	5.02473863E+04
1.95163997E+05	5.08729496E+04
1.96156049E+05
1.99348647E+05
