1.30984899E+03	9.74656843E+01	5.61834789E+01	5.59217651E+01	6.61072907E+00
1.32014006E+03	1.06956092E+02	6.61237571E+01	6.58593093E+01	1.48079613E+01
1.33299954E+03	1.19178859E+02	7.83586574E+01	7.80918573E+01
1.37166933E+03	1.43676183E+02	1.07562940E+02	1.07349889E+02
1.41479678E+03	1.70273841E+02	1.39441400E+02	1.39441400E+02
1.46225885E+03	1.98921684E+02	1.87047751E+02	1.86825596E+02
1.51788245E+03	2.38191995E+02	2.25062406E+02
1.57805002E+03	2.79738171E+02	2.65929994E+02
1.64306081E+03	3.23788339E+02
1.69707975E+03	3.67148788E+02
1.76042970E+03
1.96267992E+03
