1.56692360E+03	1.27604734E+02	8.02295451E+01	7.93155433E+01	9.09344912E+00	5.42809993E+00
1.57744967E+03	1.37698278E+02	9.05320535E+01	9.01244037E+01	1.75606816E+01
1.59090419E+03	1.49946272E+02	1.03403293E+02	1.02991472E+02	2.81573407E+01
1.60683099E+03	1.64894075E+02	1.18396976E+02	1.17981814E+02
1.65196652E+03	1.93155835E+02	1.52250226E+02	1.51921218E+02
1.70148996E+03	2.23483205E+02	1.88673653E+02	1.88673653E+02
1.75531191E+03	2.55837349E+02	2.42305602E+02	2.41971900E+02
1.81766932E+03	2.99632814E+02	2.84796020E+02
1.88454270E+03	3.45638624E+02	3.30324483E+02
1.95624626E+03	3.94159593E+02
2.01543521E+03	4.41660486E+02
2.08457726E+03
2.30415992E+03
