2.47845699E+03	2.37002474E+02	1.71750787E+02	1.69874254E+02	1.97052325E+01	8.99859837E+00	8.99859837E+00
2.49202220E+03	2.50056304E+02	1.85168878E+02	1.83578823E+02	2.82962503E+01	2.28871534E+01	2.28206119E+01
2.50834498E+03	2.65519975E+02	2.00367256E+02	1.98484886E+02	4.13017309E+01	3.41307102E+01
2.52678730E+03	2.82742578E+02	2.17899853E+02	2.15010975E+02	5.54528149E+01	4.64911158E+01
2.54747963E+03	3.01826705E+02	2.36883011E+02	2.35671210E+02	7.08046640E+01
2.56943475E+03	3.21261120E+02	2.57483085E+02	2.56259662E+02	8.76363674E+01
2.59408020E+03	3.43783279E+02	2.80197825E+02	2.78966620E+02
2.65830971E+03	3.83180961E+02	3.27841336E+02	3.26869099E+02
2.72685325E+03	4.24624714E+02	3.77674383E+02	3.77674383E+02
2.79968460E+03	4.68044956E+02	4.49290507E+02	4.48392321E+02
2.88222278E+03	5.25440396E+02	5.05102091E+02
2.96916162E+03	5.84738871E+02	5.64855085E+02
3.06096080E+03	6.46685039E+02
3.13569665E+03	7.06636575E+02
3.22229403E+03
3.49421941E+03
