2.82952092E+03	2.80153840E+02	2.08637906E+02	2.06630932E+02	2.60022670E+01	1.16404271E+01	1.15541104E+01
2.84419119E+03	2.94302716E+02	2.22781988E+02	2.20426485E+02	3.55204001E+01	2.23620757E+01	2.23620757E+01
2.86112923E+03	3.10391582E+02	2.39340920E+02	2.37325400E+02	4.59841837E+01	3.91514303E+01	3.90449507E+01
2.88077287E+03	3.28790164E+02	2.57517394E+02	2.55144918E+02	6.12322698E+01	5.24115319E+01
2.90245560E+03	3.48828061E+02	2.77944649E+02	2.74454633E+02	7.75254726E+01	6.67973328E+01
2.92633054E+03	3.70650307E+02	2.99742774E+02	2.98098546E+02	9.49639757E+01
2.95100024E+03	3.92346528E+02	3.22790122E+02	3.21130617E+02	1.13755332E+02
2.97848644E+03	4.17307381E+02	3.48000711E+02	3.46331331E+02
3.04902223E+03	4.60392724E+02	4.00217831E+02	3.98894201E+02
3.12388032E+03	5.05539563E+02	4.54448003E+02	4.54448003E+02
3.20304461E+03	5.52641240E+02	5.32038207E+02	5.30860546E+02
3.29232195E+03	6.14597637E+02	5.92268822E+02
3.38593489E+03	6.78291759E+02	6.56863810E+02
3.48444511E+03	7.44722091E+02
3.56437949E+03	8.08836819E+02
3.65682612E+03
3.94632907E+03
