3.61234283E+03	3.85646433E+02	3.02542044E+02	2.99754352E+02	4.50493503E+01	2.35783279E+01	2.33095647E+01	0	0	4.08165497E+00
3.61959860E+03	3.92816636E+02	3.09719145E+02	3.06930969E+02	5.20354234E+01	3.05141295E+01	3.02414421E+01
3.63867287E+03	4.11044365E+02	3.26976144E+02	3.23590950E+02	6.42831735E+01	4.44283251E+01	4.42217106E+01
3.65988663E+03	4.31056012E+02	3.46711924E+02	3.43247237E+02	7.73871078E+01	5.93063749E+01	5.93063749E+01
3.68317896E+03	4.52748056E+02	3.69187537E+02	3.66054681E+02	9.12846636E+01	8.14790448E+01	8.12524203E+01
3.70923400E+03	4.76717754E+02	3.93064532E+02	3.89485939E+02	1.10783734E+02	9.85716690E+01
3.73723263E+03	5.02162895E+02	4.19106424E+02	4.14183433E+02	1.31181986E+02	1.16916388E+02
3.76736540E+03	5.29315792E+02	4.46420227E+02	4.43576169E+02	1.52680997E+02
3.79739612E+03	5.55455413E+02	4.74287320E+02	4.71418532E+02	1.75321852E+02
3.83052809E+03	5.85237215E+02	5.04439348E+02	5.01555294E+02
3.91363104E+03	6.35685371E+02	5.65795523E+02	5.63476729E+02
4.00111278E+03	6.88263388E+02	6.28692218E+02	6.28692218E+02
4.09295785E+03	7.42727434E+02	7.26949191E+02	7.16316188E+02
4.19576144E+03	8.13879199E+02	7.87282312E+02
4.30269783E+03	8.86287394E+02	8.61734867E+02
4.41465878E+03	9.61706010E+02
4.50501975E+03	1.03417116E+03
4.60921847E+03
4.93409797E+03
