5.47454997E+03	6.39314766E+02	5.31672864E+02	5.23715030E+02	7.98793300E+01	4.46527855E+01	4.52831043E+01	9.98935158E+00	9.95136278E+00	5.62010757E+00
5.48320207E+03	6.47721698E+02	5.40358146E+02	5.32276162E+02	8.78678675E+01	5.29033206E+01	5.35360163E+01	1.85154827E+01	1.84946384E+01	1.39371147E+01
5.49349802E+03	6.57756280E+02	5.50287016E+02	5.42312015E+02	9.77159719E+01	6.27075071E+01	6.33377580E+01	2.79778155E+01	2.79370752E+01
5.51347960E+03	6.78924777E+02	5.71049172E+02	5.62908853E+02	1.16799349E+02	8.35187798E+01	8.09930895E+01	4.54814970E+01
5.53661885E+03	7.03452621E+02	5.95166019E+02	5.86655717E+02	1.38143176E+02	1.04023112E+02	1.01655905E+02	6.39836906E+01
5.56263330E+03	7.30978278E+02	6.22486073E+02	6.15578673E+02	1.61357383E+02	1.27660355E+02	1.26699757E+02
5.59409782E+03	7.60100582E+02	6.50749387E+02	6.42510108E+02	1.80238078E+02	1.49439526E+02	1.48697025E+02
5.62755048E+03	7.90762740E+02	6.81261503E+02	6.72924556E+02	1.99884565E+02	1.71783540E+02	1.71783540E+02
5.66300937E+03	8.22919333E+02	7.13651809E+02	7.06732295E+02	2.20199236E+02	2.04065269E+02	2.03394112E+02
5.70153393E+03	8.57532488E+02	7.48345508E+02	7.41247352E+02	2.47855768E+02	2.28464532E+02
5.74185477E+03	8.93341911E+02	7.85045375E+02	7.76323478E+02	2.76078757E+02	2.54691612E+02
5.78432036E+03	9.30883820E+02	8.23729545E+02	8.16648496E+02	3.05491136E+02
5.82495993E+03	9.65762471E+02	8.61108561E+02	8.53973486E+02	3.35702079E+02
5.86934332E+03	1.00508900E+03	9.01061552E+02	8.93895258E+02
5.97748560E+03	1.07026063E+03	9.80720897E+02	9.74708619E+02
6.09030309E+03	1.13792050E+03	1.06020350E+03	1.06020350E+03
6.20763319E+03	1.20717747E+03	1.18531347E+03	1.16964726E+03
6.33777906E+03	1.29712783E+03	1.26063807E+03
6.47123264E+03	1.38648515E+03	1.35551210E+03
6.61024346E+03	1.47998411E+03
6.72160106E+03	1.56926637E+03
6.84955349E+03
7.24619971E+03
