7.71970500E+03	9.40263920E+02	8.06554011E+02	7.90061277E+02	1.14700724E+02	6.82083035E+01	6.69715357E+01	1.02241319E+01	1.33578022E+01	6.69659038E+00
7.72955028E+03	9.49834000E+02	8.16425614E+02	7.99769549E+02	1.23932257E+02	7.75646859E+01	7.64921092E+01	1.96700169E+01	2.31891086E+01	1.61226266E+01
7.74113835E+03	9.61121979E+02	8.27619390E+02	8.11071396E+02	1.35180716E+02	8.89627226E+01	8.77116295E+01	3.08291569E+01	3.40531536E+01
7.76347100E+03	9.83456922E+02	8.50747909E+02	8.33683493E+02	1.54424980E+02	1.08464680E+02	1.07356414E+02	4.91846128E+01	5.47829035E+01
7.78897609E+03	1.00890566E+03	8.78274193E+02	8.60052285E+02	1.75748617E+02	1.31106863E+02	1.29691798E+02	7.84786751E+01	7.82490295E+01
7.81729562E+03	1.03850540E+03	9.06277180E+02	8.88569310E+02	2.01645914E+02	1.52931129E+02	1.52658095E+02	1.01496183E+02	1.01379883E+02
7.84841360E+03	1.07098030E+03	9.37887309E+02	9.21392415E+02	2.29327789E+02	1.79978167E+02	1.80605906E+02	1.27926073E+02
7.88219396E+03	1.10620769E+03	9.72434161E+02	9.55771627E+02	2.58661213E+02	2.12608212E+02	2.08094931E+02	1.56458839E+02
7.91861404E+03	1.14408184E+03	1.00956074E+03	9.92550469E+02	2.89519252E+02	2.42158073E+02	2.38242873E+02	1.84760909E+02
7.95763197E+03	1.18451377E+03	1.04987829E+03	1.03535370E+03	3.21823203E+02	2.75937614E+02	2.73513397E+02
8.00098934E+03	1.22387680E+03	1.08938703E+03	1.07203835E+03	3.46986255E+02	3.05185457E+02	3.03229899E+02
8.04635496E+03	1.26472157E+03	1.13079845E+03	1.11285301E+03	3.73000373E+02	3.34409167E+02	3.34409167E+02
8.09376582E+03	1.30698945E+03	1.17041583E+03	1.15718224E+03	3.99541940E+02	3.80864038E+02	3.75048142E+02
8.14465722E+03	1.35205225E+03	1.21538359E+03	1.20267038E+03	4.35310796E+02	4.08079339E+02
8.19714027E+03	1.39793216E+03	1.26502193E+03	1.24815265E+03	4.70988589E+02	4.42375685E+02
8.25188118E+03	1.44574262E+03	1.31386855E+03	1.29896743E+03	5.08222135E+02
8.30311147E+03	1.48930446E+03	1.36072997E+03	1.34572843E+03	5.45954601E+02
8.35879013E+03	1.53815578E+03	1.41047372E+03	1.39541605E+03
8.49195115E+03	1.61810371E+03	1.50854533E+03	1.49530541E+03
8.63034325E+03	1.70131712E+03	1.62135448E+03	1.60258152E+03
8.77353445E+03	1.78586619E+03	1.73419876E+03	1.72350784E+03
8.93135499E+03	1.89506455E+03	1.84665302E+03
9.09120409E+03	2.00041717E+03	1.96274877E+03
9.25752125E+03	2.11217464E+03
9.39011139E+03	2.21846459E+03
9.54221724E+03
1.00122298E+04
