9.66332485E+03	1.20515932E+03	1.05032337E+03	1.02695906E+03	1.48272262E+02	9.85208184E+01	9.53731500E+01	1.36995015E+01	1.33194179E+01	7.92692805E+00
9.67402769E+03	1.21558914E+03	1.06090758E+03	1.03753926E+03	1.58415350E+02	1.09003646E+02	1.05850116E+02	2.40711503E+01	2.36861494E+01	1.71435625E+01
9.68658488E+03	1.22783245E+03	1.07318038E+03	1.04981177E+03	1.70706016E+02	1.21310422E+02	1.18153989E+02	3.62777127E+01	3.58922113E+01
9.71061298E+03	1.25190436E+03	1.09657875E+03	1.07267166E+03	1.91889887E+02	1.38533481E+02	1.35090498E+02	5.64427209E+01	5.61134806E+01
9.73782470E+03	1.27911516E+03	1.12424004E+03	1.09910472E+03	2.15191868E+02	1.61452172E+02	1.56087524E+02	8.06540831E+01	8.03775773E+01
9.76798773E+03	1.30918103E+03	1.15555231E+03	1.12897595E+03	2.40329240E+02	1.82804341E+02	1.80567542E+02	1.06857231E+02	1.11437324E+02
9.80097910E+03	1.34191479E+03	1.18932738E+03	1.16224248E+03	2.67114559E+02	2.10757789E+02	2.07937979E+02	1.33290219E+02	1.40905301E+02
9.83670266E+03	1.37717858E+03	1.22679575E+03	1.19889711E+03	2.95431079E+02	2.40073994E+02	2.37615435E+02	1.73027177E+02	1.72518213E+02
9.87490228E+03	1.41674140E+03	1.26505436E+03	1.23730207E+03	3.28551848E+02	2.68054653E+02	2.67656722E+02	2.03352088E+02	2.03099087E+02
9.91573933E+03	1.45890361E+03	1.30603346E+03	1.27992152E+03	3.63143658E+02	3.04543166E+02	3.02344635E+02	2.37138502E+02
9.95910490E+03	1.50363699E+03	1.34999939E+03	1.32364187E+03	3.99208747E+02	3.42914355E+02	3.36789632E+02	2.73189143E+02
1.00050444E+04	1.55085287E+03	1.39611469E+03	1.36953395E+03	4.36640990E+02	3.83180486E+02	3.73454142E+02	3.08456312E+02
1.00535344E+04	1.60050205E+03	1.44578446E+03	1.42228067E+03	4.75421361E+02	4.20315125E+02	4.16031449E+02
1.01057080E+04	1.64739427E+03	1.49438123E+03	1.46616664E+03	5.05227559E+02	4.55087448E+02	4.51503182E+02
1.01599570E+04	1.69577976E+03	1.54337725E+03	1.51474388E+03	5.36061917E+02	4.96035172E+02	4.89039914E+02
1.02163126E+04	1.74556096E+03	1.58536777E+03	1.56678748E+03	5.67284511E+02	5.36278160E+02	5.33514278E+02
1.02764991E+04	1.79843817E+03	1.63887832E+03	1.62040186E+03	6.09212119E+02	5.75577669E+02
1.03380818E+04	1.85177645E+03	1.69959177E+03	1.67384204E+03	6.50206725E+02	6.16081027E+02
1.04020555E+04	1.90728591E+03	1.75650341E+03	1.73240134E+03	6.93301488E+02
1.04612613E+04	1.95736882E+03	1.81050443E+03	1.78625297E+03	7.36683480E+02
1.05254837E+04	2.01339248E+03	1.86762330E+03	1.84328983E+03
1.06774393E+04	2.10448193E+03	1.97961223E+03	1.95754664E+03
1.08351933E+04	2.19972080E+03	2.10508840E+03	2.08174117E+03
1.09983081E+04	2.29670701E+03	2.23235127E+03	2.21357255E+03
1.11767751E+04	2.42012905E+03	2.36148291E+03
1.13565572E+04	2.53677183E+03	2.49386617E+03
1.15435623E+04	2.66236749E+03
1.16922632E+04	2.78156424E+03
1.18627965E+04
1.23890705E+04
