1.34775510E+04	1.79507144E+03	1.60373940E+03	1.55680885E+03	2.66942895E+02	2.00051723E+02	1.92303001E+02	7.61436914E+01	7.51770180E+01	2.48715771E+01	1.09787546E+01	1.05580263E+01
1.34901388E+04	1.80752019E+03	1.61626117E+03	1.56920782E+03	2.79084497E+02	2.12181226E+02	2.04122920E+02	8.85580873E+01	8.73558372E+01	3.34901296E+01	2.03218153E+01	2.03218153E+01
1.35044151E+04	1.82153417E+03	1.63015650E+03	1.58333675E+03	2.92678081E+02	2.25955362E+02	2.18266793E+02	1.02267567E+02	1.01196474E+02	4.28279102E+01	3.66465107E+01	3.46253849E+01
1.35202602E+04	1.83700265E+03	1.64582309E+03	1.59889840E+03	3.07896087E+02	2.40941035E+02	2.33286792E+02	1.16816370E+02	1.15971586E+02	5.62980399E+01	4.63302290E+01
1.35374802E+04	1.85368798E+03	1.66222862E+03	1.61550656E+03	3.24169263E+02	2.56758326E+02	2.48952185E+02	1.33326793E+02	1.31957028E+02	7.03967196E+01	5.89713800E+01
1.35561869E+04	1.87177824E+03	1.68042701E+03	1.63378578E+03	3.41778312E+02	2.74282426E+02	2.67219242E+02	1.51058614E+02	1.49978267E+02	8.55316732E+01
1.35766995E+04	1.89142532E+03	1.70052180E+03	1.65386229E+03	3.60119941E+02	2.93362030E+02	2.86268640E+02	1.70221884E+02	1.69128368E+02	1.02094153E+02
1.35988301E+04	1.91271210E+03	1.72189796E+03	1.67523373E+03	3.80710739E+02	3.13938971E+02	3.06818454E+02	1.90705804E+02	1.89605443E+02
1.36401323E+04	1.95359068E+03	1.76235478E+03	1.71419215E+03	4.14004487E+02	3.41376880E+02	3.34483616E+02	2.23846615E+02	2.22881643E+02
1.36840634E+04	1.99688593E+03	1.80685153E+03	1.75644235E+03	4.48743764E+02	3.78784312E+02	3.66385450E+02	2.61334449E+02	2.60505077E+02
1.37305921E+04	2.04254797E+03	1.85440856E+03	1.80204494E+03	4.84893311E+02	4.12911257E+02	4.01902566E+02	3.00066740E+02	3.06367877E+02
1.37797493E+04	2.09050470E+03	1.90359451E+03	1.85104099E+03	5.22362990E+02	4.46947082E+02	4.40352583E+02	3.38484042E+02	3.48959866E+02
1.38315120E+04	2.14072310E+03	1.95588912E+03	1.90349169E+03	5.61142663E+02	4.86172993E+02	4.81136564E+02	3.94195972E+02	3.92736637E+02
1.38854376E+04	2.19590765E+03	2.01039007E+03	1.95784872E+03	6.05450520E+02	5.33634347E+02	5.22718847E+02	4.36290816E+02	4.35599170E+02
1.39419876E+04	2.25341311E+03	2.06694425E+03	2.01587964E+03	6.50885633E+02	5.78492649E+02	5.68883454E+02	4.81452503E+02
1.40009833E+04	2.31341645E+03	2.12583776E+03	2.07450022E+03	6.97742891E+02	6.26144522E+02	6.13416484E+02	5.29809371E+02
1.40625526E+04	2.37573232E+03	2.18625478E+03	2.13511110E+03	7.45808669E+02	6.75406967E+02	6.60466583E+02	5.76527679E+02
1.41266646E+04	2.44039645E+03	2.25123631E+03	2.20407157E+03	7.95185769E+02	7.24469168E+02	7.14977850E+02
1.41934713E+04	2.49973661E+03	2.31290984E+03	2.25987350E+03	8.32697142E+02	7.68417839E+02	7.60025837E+02
1.42625520E+04	2.56065836E+03	2.37693777E+03	2.32142451E+03	8.71781474E+02	8.17948478E+02	8.08659458E+02
1.43339209E+04	2.62302993E+03	2.44009231E+03	2.38613339E+03	9.11269043E+02	8.67785019E+02	8.60746529E+02
1.44095769E+04	2.68881990E+03	2.50847992E+03	2.45330745E+03	9.63409678E+02	9.18034501E+02
1.44864817E+04	2.75459398E+03	2.56940256E+03	2.52007361E+03	1.01264809E+03	9.69108899E+02
1.45659595E+04	2.82300727E+03	2.63986602E+03	2.59156929E+03	1.06555818E+03
1.46385788E+04	2.88402637E+03	2.70587608E+03	2.65731493E+03	1.11841580E+03
1.47172368E+04	2.95210821E+03	2.77539365E+03	2.72669061E+03
1.49006385E+04	3.06191922E+03	2.91084815E+03	2.86494201E+03
1.50909517E+04	3.17778002E+03	3.05816115E+03	3.01699656E+03
1.52883754E+04	3.29814523E+03	3.20969176E+03	3.16806307E+03
1.55006233E+04	3.44395109E+03	3.36632262E+03
1.57146236E+04	3.57847544E+03	3.52635272E+03
1.59365891E+04	3.72746652E+03
1.61125645E+04	3.86851795E+03
1.63145156E+04
1.69373228E+04
