6.32910249E+04	1.08761033E+04	1.03468538E+04	9.24157542E+03	2.50169489E+03	2.27046653E+03	2.03069862E+03	1.64329727E+03	1.59210247E+03	5.16644173E+02	4.22495243E+02	3.66763085E+02	2.12183380E+02	2.01594218E+02	6.83633737E+01	4.02207619E+01	3.11366857E+01	1.11380671E+01	8.99712489E+00	4.54888414E+00	0	5.53028489E+00
6.32985709E+04	1.08835976E+04	1.03543799E+04	9.24910254E+03	2.50916171E+03	2.27798029E+03	2.03822673E+03	1.65080753E+03	1.59961833E+03	5.24019583E+02	4.29976609E+02	3.74260589E+02	2.19721890E+02	2.09047068E+02	7.54186747E+01	4.75470593E+01	3.83438499E+01	1.86815715E+01	1.64153904E+01	1.17344249E+01	0	1.25457470E+01
6.33073454E+04	1.08923095E+04	1.03630761E+04	9.25777230E+03	2.51784694E+03	2.28664949E+03	2.04684714E+03	1.65947025E+03	1.60825931E+03	5.32700860E+02	4.38631988E+02	3.82832973E+02	2.28313364E+02	2.17677620E+02	8.40119998E+01	5.59975851E+01	4.66490287E+01	2.72114733E+01	2.50305530E+01	1.92924936E+01
6.33204906E+04	1.09055360E+04	1.03763067E+04	9.27108029E+03	2.53090100E+03	2.29971601E+03	2.06010381E+03	1.67260607E+03	1.62150788E+03	5.45788896E+02	4.51729287E+02	3.96428457E+02	2.41626055E+02	2.31359763E+02	9.71697187E+01	6.88047009E+01	6.07115839E+01	4.06037387E+01	3.88443311E+01
6.33444963E+04	1.09303970E+04	1.04010546E+04	9.29560485E+03	2.55643243E+03	2.32562522E+03	2.08496273E+03	1.69713826E+03	1.64471139E+03	5.70015367E+02	4.76158035E+02	4.19231007E+02	2.60833253E+02	2.48767378E+02	1.16042566E+02	8.67628461E+01	7.75266020E+01	6.23313791E+01	6.07541893E+01
6.33706582E+04	1.09575465E+04	1.04280605E+04	9.32271709E+03	2.58431047E+03	2.35403732E+03	2.11251863E+03	1.72513477E+03	1.67160186E+03	5.96154369E+02	5.03100466E+02	4.43814345E+02	2.84919015E+02	2.71636835E+02	1.35949665E+02	1.05772675E+02	9.57571971E+01	8.65356109E+01	8.51036734E+01
6.33989191E+04	1.09868745E+04	1.04572201E+04	9.35208295E+03	2.61442239E+03	2.38467765E+03	2.14183999E+03	1.75611575E+03	1.70104928E+03	6.24068579E+02	5.32308427E+02	4.70237433E+02	3.10844000E+02	2.97466443E+02	1.56845261E+02	1.25806677E+02	1.14766581E+02	1.14352607E+02	1.13032073E+02
6.34291485E+04	1.10183070E+04	1.04884534E+04	9.38324948E+03	2.64665565E+03	2.41738972E+03	2.17335977E+03	1.78852067E+03	1.73253756E+03	6.53644434E+02	5.62699839E+02	4.98581345E+02	3.37923408E+02	3.25224191E+02	1.78683880E+02	1.46769408E+02	1.34534970E+02	1.44044780E+02	1.42966434E+02
6.34613461E+04	1.10517729E+04	1.05216935E+04	9.41648417E+03	2.68089422E+03	2.45195717E+03	2.20722517E+03	1.82267136E+03	1.76633722E+03	6.84670080E+02	5.94024204E+02	5.28876872E+02	3.68652674E+02	3.54870992E+02	2.01372010E+02	1.68563971E+02	1.55265532E+02	1.72485932E+02	1.76474514E+02
6.34954544E+04	1.10872655E+04	1.05569227E+04	9.45187781E+03	2.71706801E+03	2.48828246E+03	2.24368546E+03	1.85842011E+03	1.80293775E+03	7.17061519E+02	6.26739750E+02	5.61293506E+02	4.01090995E+02	3.86978573E+02	2.24875121E+02	1.91056124E+02	1.77095923E+02	2.02594192E+02	2.09644715E+02
6.35313557E+04	1.11246656E+04	1.05939716E+04	9.48942151E+03	2.75509336E+03	2.52617685E+03	2.28298127E+03	1.89589780E+03	1.84285489E+03	7.50759395E+02	6.61288244E+02	5.96013782E+02	4.39680437E+02	4.22058821E+02	2.49173127E+02	2.14146157E+02	2.00193102E+02	2.46502797E+02	2.45575415E+02
6.35683722E+04	1.11633851E+04	1.06323144E+04	9.52791645E+03	2.79604876E+03	2.56748043E+03	2.32387892E+03	1.93633326E+03	1.88358373E+03	7.88387842E+02	6.98380743E+02	6.32057939E+02	4.69519861E+02	4.57135278E+02	2.75014564E+02	2.38867950E+02	2.24107579E+02	2.78707552E+02
6.36075305E+04	1.12042671E+04	1.06728370E+04	9.56841636E+03	2.83866218E+03	2.60941687E+03	2.36606023E+03	1.97849592E+03	1.92516349E+03	8.26792429E+02	7.35365135E+02	6.69384050E+02	5.05872061E+02	4.92583772E+02	3.01192896E+02	2.63718840E+02	2.48075805E+02	3.13680822E+02
6.36483387E+04	1.12469206E+04	1.07150629E+04	9.61105535E+03	2.88319975E+03	2.65307916E+03	2.41056629E+03	2.02254058E+03	1.96957078E+03	8.66562166E+02	7.73294733E+02	7.08368363E+02	5.45263939E+02	5.31096842E+02	3.28226129E+02	2.89402258E+02	2.73447001E+02	3.52252178E+02
6.36907304E+04	1.12911945E+04	1.07589647E+04	9.65509553E+03	2.92951840E+03	2.69841572E+03	2.45569622E+03	2.06728718E+03	2.01556846E+03	9.07576527E+02	8.12264346E+02	7.46800132E+02	5.83938462E+02	5.69989883E+02	3.55983096E+02	3.15865434E+02	2.98877948E+02	3.92505307E+02
6.37348281E+04	1.13372148E+04	1.08046166E+04	9.70081411E+03	2.97752965E+03	2.74552693E+03	2.50196199E+03	2.11423264E+03	2.06135825E+03	9.49646833E+02	8.52367907E+02	7.86072464E+02	6.22892664E+02	6.07719620E+02	3.84402022E+02	3.43113523E+02	3.24783732E+02	4.31563279E+02
6.37805521E+04	1.13849578E+04	1.08519749E+04	9.74820309E+03	3.02713338E+03	2.79470017E+03	2.55111579E+03	2.16347481E+03	2.10865181E+03	9.92677981E+02	8.94254021E+02	8.27806838E+02	6.60961583E+02	6.46897799E+02	4.13446567E+02	3.71159508E+02	3.51912484E+02	4.70513829E+02
6.38278557E+04	1.14343556E+04	1.09009727E+04	9.79796704E+03	3.07844592E+03	2.84601881E+03	2.60581910E+03	2.21589240E+03	2.16502804E+03	1.03688524E+03	9.38124501E+02	8.74803953E+02	7.08819056E+02	6.96391652E+02	4.43189629E+02	3.99979883E+02	3.81503398E+02
6.38603098E+04	1.14658964E+04	1.09328520E+04	9.82895781E+03	3.10864423E+03	2.87646625E+03	2.63535051E+03	2.24596569E+03	2.19535122E+03	1.06485161E+03	9.66499959E+02	9.01483412E+02	7.36023949E+02	7.24042500E+02	4.62648695E+02	4.22176508E+02	4.04245687E+02
6.38936565E+04	1.14981659E+04	1.09654505E+04	9.86128810E+03	3.13954305E+03	2.90762546E+03	2.66607602E+03	2.27750644E+03	2.22637613E+03	1.09353917E+03	9.95614874E+02	9.29697804E+02	7.65193927E+02	7.52564291E+02	4.83606502E+02	4.46068202E+02	4.29523152E+02
6.39279194E+04	1.15311688E+04	1.09987168E+04	9.89433424E+03	3.17116585E+03	2.93940664E+03	2.69761460E+03	2.30859449E+03	2.25797000E+03	1.12300144E+03	1.02530817E+03	9.59022057E+02	7.93211756E+02	7.81387363E+02	5.06207821E+02	4.70749289E+02	4.53370684E+02
6.39631190E+04	1.15649345E+04	1.10326842E+04	9.92840362E+03	3.20359743E+03	2.97189808E+03	2.73020333E+03	2.34207689E+03	2.29077179E+03	1.15346653E+03	1.05576017E+03	9.89456563E+02	8.24935367E+02	8.11883267E+02	5.32335185E+02	4.96594764E+02
6.40003321E+04	1.16002641E+04	1.10673154E+04	9.96389279E+03	3.23714428E+03	3.00454400E+03	2.76379875E+03	2.37570290E+03	2.32466202E+03	1.18429190E+03	1.08474773E+03	1.02018595E+03	8.55490459E+02	8.42710529E+02	5.55334721E+02	5.23055796E+02
6.40385817E+04	1.16364096E+04	1.11039304E+04	1.00002049E+04	3.27171496E+03	3.03927621E+03	2.79839874E+03	2.41050792E+03	2.35942907E+03	1.21650088E+03	1.11689283E+03	1.05235754E+03	8.87501235E+02	8.74728194E+02	5.82807512E+02
6.40763541E+04	1.16724900E+04	1.11408897E+04	1.00369707E+04	3.30595540E+03	3.07438992E+03	2.83336087E+03	2.44595287E+03	2.39480993E+03	1.24716185E+03	1.14891663E+03	1.08407837E+03	9.19561808E+02	9.06682853E+02	6.10981120E+02
6.41160109E+04	1.17101965E+04	1.11787512E+04	1.00747585E+04	3.34207990E+03	3.11060876E+03	2.86944151E+03	2.48226392E+03	2.43109394E+03	1.28074985E+03	1.18247685E+03	1.11735891E+03	9.52818592E+02	9.39865402E+02
6.41770380E+04	1.17700029E+04	1.12399153E+04	1.01330044E+04	3.39788231E+03	3.16704261E+03	2.92415002E+03	2.53773130E+03	2.48184598E+03	1.32439126E+03	1.22837448E+03	1.15327037E+03	9.95959114E+02	9.83675964E+02
6.42393585E+04	1.18311436E+04	1.13024636E+04	1.01935550E+04	3.45467682E+03	3.22455400E+03	2.98121536E+03	2.59716711E+03	2.53973744E+03	1.36896609E+03	1.27670341E+03	1.19406044E+03	1.04271989E+03	1.03070520E+03
6.43029318E+04	1.18937251E+04	1.13662226E+04	1.02561516E+04	3.51251017E+03	3.28304268E+03	3.03822769E+03	2.65833792E+03	2.59796319E+03	1.41477299E+03	1.32652961E+03	1.23846494E+03	1.09112198E+03	1.08047443E+03
6.43678138E+04	1.19576947E+04	1.14311843E+04	1.03205010E+04	3.57136431E+03	3.34252217E+03	3.09636601E+03	2.71851061E+03	2.65699416E+03	1.46144346E+03	1.37698150E+03	1.28492787E+03	1.13796566E+03	1.12854080E+03
6.44340337E+04	1.20231209E+04	1.14971939E+04	1.03866997E+04	3.63126626E+03	3.40288618E+03	3.15636826E+03	2.75618433E+03	2.71822732E+03	1.50901528E+03	1.42674888E+03	1.33307325E+03	1.18774369E+03	1.17704896E+03
6.45011527E+04	1.20913104E+04	1.15652097E+04	1.04553565E+04	3.69283171E+03	3.46449656E+03	3.21838071E+03	2.82145913E+03	2.78183030E+03	1.56214165E+03	1.48299967E+03	1.38576311E+03	1.24173065E+03
6.45705908E+04	1.21591399E+04	1.16319771E+04	1.05235737E+04	3.75450274E+03	3.52616772E+03	3.27865309E+03	2.88021913E+03	2.84310487E+03	1.61103363E+03	1.52155476E+03	1.43348428E+03	1.29103636E+03
6.46413914E+04	1.22292592E+04	1.17009581E+04	1.05944985E+04	3.81772718E+03	3.58920482E+03	3.34223743E+03	2.94464303E+03	2.90811882E+03	1.66284958E+03	1.56377460E+03	1.48357437E+03	1.34427075E+03
6.47135450E+04	1.23006792E+04	1.17722272E+04	1.06642267E+04	3.88194480E+03	3.65367889E+03	3.40335252E+03	3.02660031E+03	2.97122193E+03	1.71557195E+03	1.61085322E+03	1.53180380E+03	1.39393081E+03
6.47870917E+04	1.23735756E+04	1.18458848E+04	1.07396029E+04	3.94725367E+03	3.71959293E+03	3.47270300E+03	3.09449230E+03	3.04168473E+03	1.76993664E+03	1.66511308E+03	1.59053609E+03
6.48627667E+04	1.24442509E+04	1.19181943E+04	1.08080979E+04	4.00998869E+03	3.78368851E+03	3.53201671E+03	3.15754988E+03	3.10552449E+03	1.81183629E+03	1.71383747E+03	1.64032281E+03
6.49401787E+04	1.25161084E+04	1.19915933E+04	1.08803752E+04	4.07399621E+03	3.84905400E+03	3.59564198E+03	3.22417483E+03	3.17046411E+03	1.85738741E+03	1.76551823E+03	1.69518891E+03
6.50194265E+04	1.25891891E+04	1.20659762E+04	1.09536921E+04	4.13936984E+03	3.91538926E+03	3.66053572E+03	3.28819253E+03	3.23602939E+03	1.90707201E+03	1.81878492E+03	1.74630990E+03
6.51005841E+04	1.26635779E+04	1.21414415E+04	1.10294139E+04	4.20631328E+03	3.98299207E+03	3.72811490E+03	3.35955095E+03	3.30492263E+03	1.96233380E+03	1.87455488E+03
6.51864425E+04	1.27409308E+04	1.22162301E+04	1.11075338E+04	4.27418236E+03	4.04641418E+03	3.79628121E+03	3.42845976E+03	3.37476244E+03	2.00936913E+03	1.93181123E+03
6.52744586E+04	1.28197250E+04	1.22971025E+04	1.11871030E+04	4.34458576E+03	4.11762669E+03	3.86682649E+03	3.50041401E+03	3.44638968E+03	2.06716316E+03
6.53563020E+04	1.28941203E+04	1.23750559E+04	1.12641987E+04	4.40901564E+03	4.18611593E+03	3.93451861E+03	3.57061422E+03	3.51627956E+03	2.12529132E+03
6.54435070E+04	1.29731433E+04	1.24548906E+04	1.13436218E+04	4.47997864E+03	4.25762487E+03	4.00531631E+03	3.64277345E+03	3.58827985E+03
6.55950368E+04	1.31161548E+04	1.26047688E+04	1.14794339E+04	4.58668327E+03	4.37149385E+03	4.09900618E+03	3.75642100E+03	3.70345616E+03
6.57492064E+04	1.32621800E+04	1.27576561E+04	1.16229960E+04	4.69567929E+03	4.48918288E+03	4.20230456E+03	3.87996966E+03	3.82691042E+03
6.59059665E+04	1.34117875E+04	1.29130487E+04	1.17727593E+04	4.80761390E+03	4.60946493E+03	4.31246215E+03	4.00847123E+03	3.95835619E+03
6.60654144E+04	1.35648858E+04	1.30709658E+04	1.19271759E+04	4.92222572E+03	4.73203615E+03	4.42677856E+03	4.12984236E+03	4.08444154E+03
6.62275189E+04	1.37218999E+04	1.32312475E+04	1.20865496E+04	5.03997407E+03	4.85613104E+03	4.54521064E+03	4.25921146E+03	4.20854361E+03
6.63920264E+04	1.38853428E+04	1.33953976E+04	1.22535341E+04	5.16394585E+03	4.98506629E+03	4.67154462E+03	4.40171307E+03
6.65619131E+04	1.40451802E+04	1.35502724E+04	1.24145267E+04	5.27982827E+03	5.08676859E+03	4.78737132E+03	4.53050069E+03
6.67347818E+04	1.42111682E+04	1.37122040E+04	1.25847353E+04	5.40191056E+03	5.19823733E+03	4.91005564E+03	4.67130395E+03
6.69108021E+04	1.43801898E+04	1.38813950E+04	1.27478764E+04	5.52640875E+03	5.31988464E+03	5.02614131E+03	4.80182925E+03
6.70899756E+04	1.45531110E+04	1.40582117E+04	1.29319196E+04	5.65454096E+03	5.45254960E+03	5.16611354E+03
6.72654539E+04	1.47050026E+04	1.42176637E+04	1.30740441E+04	5.74972391E+03	5.56587668E+03	5.28075020E+03
6.74454766E+04	1.48595925E+04	1.43794266E+04	1.32309776E+04	5.85347881E+03	5.68505022E+03	5.40649896E+03
6.76303222E+04	1.50170145E+04	1.45430985E+04	1.33897347E+04	5.96662315E+03	5.80766282E+03	5.52343392E+03
6.78201966E+04	1.51774835E+04	1.47090438E+04	1.35558237E+04	6.09057602E+03	5.93579478E+03
6.80233909E+04	1.53435522E+04	1.48632865E+04	1.37255818E+04	6.19575634E+03	6.06905039E+03
6.82324638E+04	1.55133824E+04	1.50422262E+04	1.38990123E+04	6.32505496E+03
6.84117432E+04	1.56598139E+04	1.52042014E+04	1.40573331E+04	6.45194415E+03
6.86089228E+04	1.58235696E+04	1.53718180E+04	1.42230139E+04
6.90290169E+04	1.60784287E+04	1.56940921E+04	1.45379964E+04
6.94642939E+04	1.63547500E+04	1.60290064E+04	1.48860768E+04
6.99157550E+04	1.66540276E+04	1.63721463E+04	1.52080232E+04
7.03841166E+04	1.69782413E+04	1.67274024E+04
7.08998867E+04	1.72661158E+04	1.71165729E+04
7.14381350E+04	1.76055432E+04
7.18378464E+04	1.79264334E+04
7.23117052E+04
7.38012011E+04
