7.38438718E+04	1.29753440E+04	1.23857805E+04	1.08707623E+04	3.06399720E+03	2.80388750E+03	2.46859196E+03	2.03831329E+03	1.96688621E+03	6.71002693E+02	5.62346606E+02	4.81801042E+02	3.03260059E+02	2.87403726E+02	1.00608917E+02	6.53018597E+01	4.96008129E+01	5.89526945E+01	5.58981202E+01	8.01688906E+00	1.00978120E+01	6.62681262E+00
7.38527074E+04	1.29840669E+04	1.23945417E+04	1.08795052E+04	3.07266117E+03	2.81260348E+03	2.47729736E+03	2.04702779E+03	1.97558337E+03	6.79551319E+02	5.71019941E+02	4.90424127E+02	3.11933796E+02	2.96161645E+02	1.08813014E+02	7.42580104E+01	5.79245918E+01	6.80565662E+01	6.45498153E+01	1.59925181E+01	1.89534644E+01	1.65440078E+01
7.38625344E+04	1.29938284E+04	1.24042952E+04	1.08892455E+04	3.08240553E+03	2.82233747E+03	2.48703919E+03	2.05676067E+03	1.98531173E+03	6.89285336E+02	5.80744638E+02	5.00145906E+02	3.21665729E+02	3.05761330E+02	1.18520199E+02	8.38770209E+01	6.75641035E+01	7.74215826E+01	7.42612246E+01	2.54594907E+01	2.77053056E+01
7.38775193E+04	1.30087795E+04	1.24192174E+04	1.09042880E+04	3.09726152E+03	2.83719339E+03	2.50197961E+03	2.07144277E+03	2.00030528E+03	7.03945019E+02	5.95369153E+02	5.15034015E+02	3.36144332E+02	3.20908373E+02	1.31883657E+02	9.77640039E+01	8.11415997E+01	9.22216465E+01	8.92990846E+01	4.15465897E+01	4.10568791E+01
7.38933434E+04	1.30249017E+04	1.24353412E+04	1.09203959E+04	3.11317202E+03	2.85309026E+03	2.51788666E+03	2.08765912E+03	2.01626673E+03	7.19918858E+02	6.11464786E+02	5.30944799E+02	3.52018628E+02	3.36761949E+02	1.47795550E+02	1.05617114E+02	9.66930827E+01	1.08703077E+02	1.05063802E+02	5.46584952E+01
7.39109892E+04	1.30425456E+04	1.24529275E+04	1.09381055E+04	3.13058715E+03	2.87052340E+03	2.53525164E+03	2.10484432E+03	2.03367791E+03	7.37122173E+02	6.28520291E+02	5.48000181E+02	3.69069072E+02	3.53735501E+02	1.64334016E+02	1.26307680E+02	1.12424871E+02	1.25584973E+02	1.21896681E+02	6.94545180E+01
7.39296798E+04	1.30613847E+04	1.24716229E+04	1.09568710E+04	3.14910778E+03	2.88899112E+03	2.55373127E+03	2.12328182E+03	2.05225959E+03	7.55502779E+02	6.46657857E+02	5.66213579E+02	3.87158147E+02	3.72090101E+02	1.82022166E+02	1.46323092E+02	1.28703348E+02	1.43019967E+02	1.40228567E+02	8.54279973E+01
7.39495669E+04	1.30813646E+04	1.24915431E+04	1.09766815E+04	3.16868925E+03	2.90856306E+03	2.57294931E+03	2.14286488E+03	2.07156664E+03	7.74881515E+02	6.65896827E+02	5.84846597E+02	4.06348198E+02	3.90588502E+02	2.00470073E+02	1.62291917E+02	1.45587760E+02	1.62549981E+02	1.58639961E+02	1.00917780E+02
7.39704706E+04	1.31023561E+04	1.25126106E+04	1.09979211E+04	3.18922937E+03	2.92914682E+03	2.59396629E+03	2.16361788E+03	2.09258356E+03	7.95197175E+02	6.86210886E+02	6.06155832E+02	4.26910411E+02	4.11931041E+02	2.19792952E+02	1.81116342E+02	1.66212784E+02	1.82811266E+02	1.79881893E+02
7.40054106E+04	1.31385800E+04	1.25486407E+04	1.10336993E+04	3.22624453E+03	2.96669279E+03	2.63017756E+03	2.19943817E+03	2.12647323E+03	8.29049041E+02	7.20856369E+02	6.37958824E+02	4.55228696E+02	4.37147962E+02	2.44668885E+02	2.05121111E+02	1.88545276E+02	2.13825610E+02	2.11107861E+02
7.40421681E+04	1.31766844E+04	1.25865412E+04	1.10717848E+04	3.26512676E+03	3.00630976E+03	2.66834998E+03	2.23890121E+03	2.16397646E+03	8.64288683E+02	7.57232150E+02	6.71081493E+02	4.90078412E+02	4.68234585E+02	2.70371318E+02	2.30001653E+02	2.12359777E+02	2.47127093E+02	2.44593868E+02
7.40806459E+04	1.32166088E+04	1.26262321E+04	1.11117582E+04	3.30583886E+03	3.04775430E+03	2.70800586E+03	2.28098295E+03	2.20383706E+03	9.00876831E+02	7.94934292E+02	7.05682003E+02	5.20958917E+02	5.02154902E+02	2.96880092E+02	2.55714082E+02	2.36950197E+02	2.84206357E+02	2.81804561E+02
7.41208233E+04	1.32583173E+04	1.26676882E+04	1.11531597E+04	3.34835246E+03	3.09094773E+03	2.74959797E+03	2.32400512E+03	2.24548387E+03	9.38809326E+02	8.33884867E+02	7.41942087E+02	5.56366508E+02	5.37769821E+02	3.24187935E+02	2.82248494E+02	2.61889842E+02	3.22979767E+02	3.20966731E+02
7.41627383E+04	1.33018539E+04	1.27109300E+04	1.11964211E+04	3.39257409E+03	3.13568631E+03	2.79332953E+03	2.36815757E+03	2.28924422E+03	9.77851543E+02	8.73599031E+02	7.79899956E+02	5.93250372E+02	5.75057349E+02	3.52209478E+02	3.09504833E+02	2.87678606E+02	3.59037285E+02	3.60625263E+02
7.42064555E+04	1.33472628E+04	1.27560132E+04	1.12417441E+04	3.43845760E+03	3.18177835E+03	2.83954985E+03	2.41331712E+03	2.33576234E+03	1.01794743E+03	9.13732788E+02	8.19803985E+02	6.32328470E+02	6.14713408E+02	3.80917188E+02	3.37334553E+02	3.14506800E+02	3.97273074E+02	4.05635414E+02
7.42518875E+04	1.33944711E+04	1.28027799E+04	1.12891869E+04	3.48600850E+03	3.22914050E+03	2.88863572E+03	2.45977803E+03	2.38576163E+03	1.05911852E+03	9.55174242E+02	8.61942492E+02	6.81129132E+02	6.57406336E+02	4.10324062E+02	3.65615781E+02	3.42606202E+02	4.51266612E+02	4.49602606E+02
7.42978761E+04	1.34425373E+04	1.28503556E+04	1.13370459E+04	3.53698728E+03	3.28080787E+03	2.94042986E+03	2.51072896E+03	2.43682868E+03	1.10503042E+03	1.00113218E+03	9.06874920E+02	7.15290521E+02	7.01251012E+02	4.41537595E+02	3.95772265E+02	3.71693365E+02	4.91064107E+02
7.43463737E+04	1.34930719E+04	1.29004477E+04	1.13870573E+04	3.58884272E+03	3.33162501E+03	2.99081848E+03	2.56189810E+03	2.48717786E+03	1.15050686E+03	1.04472902E+03	9.50276557E+02	7.59127020E+02	7.43018995E+02	4.72457038E+02	4.25616632E+02	4.00188773E+02	5.33540173E+02
7.43963608E+04	1.35451997E+04	1.29520799E+04	1.14392480E+04	3.64269715E+03	3.38418979E+03	3.04453914E+03	2.61470236E+03	2.54088269E+03	1.19747432E+03	1.08944098E+03	9.95811194E+02	8.06806244E+02	7.88250248E+02	5.04384787E+02	4.56226596E+02	4.30292804E+02	5.80032907E+02
7.44478748E+04	1.35988114E+04	1.30052864E+04	1.14926497E+04	3.69828692E+03	3.43846449E+03	3.09885398E+03	2.66836407E+03	2.59647433E+03	1.24567084E+03	1.13523864E+03	1.04104561E+03	8.52994831E+02	8.34196334E+02	5.37033661E+02	4.87636287E+02	4.60510692E+02	6.28465678E+02
7.45009958E+04	1.36541136E+04	1.30601668E+04	1.15476280E+04	3.75542372E+03	3.49455571E+03	3.15386255E+03	2.72434346E+03	2.65113978E+03	1.29477829E+03	1.18230284E+03	1.08677031E+03	9.00464877E+02	8.78556342E+02	5.70300259E+02	5.19828190E+02	4.90954897E+02	6.75107267E+02
7.45557234E+04	1.37111044E+04	1.31167144E+04	1.16042869E+04	3.81404337E+03	3.55275110E+03	3.21189151E+03	2.78266789E+03	2.70701243E+03	1.34472569E+03	1.23123015E+03	1.13502626E+03	9.42322789E+02	9.23950589E+02	6.04157208E+02	5.52811563E+02	5.22624879E+02	7.21221383E+02
7.46119686E+04	1.37696840E+04	1.31748477E+04	1.16633527E+04	3.87434458E+03	3.61313099E+03	3.27619499E+03	2.84443725E+03	2.77346899E+03	1.39586480E+03	1.28215839E+03	1.18914440E+03	9.99675015E+02	9.81190780E+02	6.38704589E+02	5.86559395E+02	5.57067733E+02
7.46501814E+04	1.38066497E+04	1.32122700E+04	1.16996151E+04	3.90948531E+03	3.64860086E+03	3.31052266E+03	2.87946229E+03	2.80878415E+03	1.42815027E+03	1.31494899E+03	1.21992443E+03	1.03114928E+03	1.01320005E+03	6.61166673E+02	6.12247522E+02	5.83329843E+02
7.46893042E+04	1.38443391E+04	1.32503872E+04	1.17373744E+04	3.94533697E+03	3.68477605E+03	3.34618353E+03	2.91610416E+03	2.84481206E+03	1.46120200E+03	1.34849328E+03	1.25247233E+03	1.06479368E+03	1.04608241E+03	6.85482675E+02	6.39716729E+02	6.12458495E+02
7.47293834E+04	1.38827627E+04	1.32891594E+04	1.17758277E+04	3.98192584E+03	3.72156726E+03	3.38259636E+03	2.95203372E+03	2.88133572E+03	1.49508004E+03	1.38262723E+03	1.28602656E+03	1.09696246E+03	1.07917822E+03	7.11909453E+02	6.68057006E+02	6.39675607E+02
7.47704357E+04	1.39219509E+04	1.33286145E+04	1.18153943E+04	4.01932486E+03	3.75906520E+03	3.42019158E+03	2.99076058E+03	2.91922538E+03	1.52995566E+03	1.41751412E+03	1.32091181E+03	1.13357293E+03	1.11419746E+03	7.41732246E+02	6.97747026E+02
7.48140413E+04	1.39630933E+04	1.33688769E+04	1.18567035E+04	4.05810685E+03	3.79677023E+03	3.45901685E+03	3.02965111E+03	2.95842977E+03	1.56532097E+03	1.45080184E+03	1.35617059E+03	1.16855342E+03	1.14961774E+03	7.67476719E+02	7.28256059E+02
7.48588191E+04	1.40050181E+04	1.34114424E+04	1.18988070E+04	4.09795622E+03	3.83685229E+03	3.49885902E+03	3.06980556E+03	2.99850173E+03	1.60220198E+03	1.48765981E+03	1.39289725E+03	1.20521752E+03	1.18624044E+03	7.98873391E+02
7.49024383E+04	1.40464805E+04	1.34540278E+04	1.19410998E+04	4.13709007E+03	3.87705223E+03	3.53883157E+03	3.11039045E+03	3.03899239E+03	1.63703603E+03	1.52411418E+03	1.42893659E+03	1.24174772E+03	1.22262911E+03	8.30917927E+02
7.49482762E+04	1.40897943E+04	1.34975350E+04	1.19844870E+04	4.17834945E+03	3.91843895E+03	3.58001326E+03	3.15188186E+03	3.08044306E+03	1.67517626E+03	1.56225291E+03	1.46669194E+03	1.27955431E+03	1.26033626E+03
7.50179764E+04	1.41579419E+04	1.35673296E+04	1.20508023E+04	4.24155459E+03	3.98243300E+03	3.64195726E+03	3.21470002E+03	3.13794306E+03	1.72432071E+03	1.61398133E+03	1.50722197E+03	1.32832062E+03	1.30988746E+03
7.50889755E+04	1.42274857E+04	1.36384953E+04	1.21196617E+04	4.30576173E+03	4.04749856E+03	3.70627871E+03	3.28178007E+03	3.20339579E+03	1.77453804E+03	1.66802557E+03	1.55326765E+03	1.38106438E+03	1.36284982E+03
7.51612486E+04	1.42985496E+04	1.37108870E+04	1.21907111E+04	4.37102848E+03	4.11353784E+03	3.77063239E+03	3.35079432E+03	3.26919680E+03	1.82618114E+03	1.72354697E+03	1.60323879E+03	1.43573199E+03	1.41899904E+03
7.52348378E+04	1.43711119E+04	1.37845107E+04	1.22635790E+04	4.43735140E+03	4.18056848E+03	3.83601191E+03	3.41809974E+03	3.33568123E+03	1.87898952E+03	1.78016936E+03	1.65541768E+03	1.48796517E+03	1.47305618E+03
7.53097206E+04	1.44452850E+04	1.38593037E+04	1.23383642E+04	4.50477152E+03	4.24852416E+03	3.90327688E+03	3.48801326E+03	3.40403231E+03	1.93321769E+03	1.83696694E+03	1.70952655E+03	1.54356111E+03	1.52666933E+03
7.53856018E+04	1.45219256E+04	1.39357556E+04	1.24157745E+04	4.57369253E+03	4.31761638E+03	3.97286648E+03	3.54292133E+03	3.47593555E+03	1.99185760E+03	1.89790412E+03	1.76798965E+03	1.60451800E+03
7.54640617E+04	1.45984226E+04	1.40111203E+04	1.24926078E+04	4.64288691E+03	4.38683512E+03	4.04022225E+03	3.59383649E+03	3.54452634E+03	2.04597743E+03	1.94112736E+03	1.82102309E+03	1.65955083E+03
7.55439983E+04	1.46772398E+04	1.40888428E+04	1.25725547E+04	4.71362323E+03	4.45748660E+03	4.11141843E+03	3.69206177E+03	3.61741547E+03	2.10339076E+03	1.98914645E+03	1.87697923E+03	1.71923292E+03
7.56252779E+04	1.47574054E+04	1.41690040E+04	1.26508465E+04	4.78537681E+03	4.52963888E+03	4.17960890E+03	3.76444167E+03	3.68805595E+03	2.16194244E+03	2.04279715E+03	1.93019578E+03	1.77477816E+03
7.57080093E+04	1.48391161E+04	1.42516971E+04	1.27352925E+04	4.85825489E+03	4.60329046E+03	4.25692196E+03	3.84027514E+03	3.76655165E+03	2.22243181E+03	2.10334715E+03	1.99538751E+03
7.57925348E+04	1.49178215E+04	1.43323670E+04	1.28114297E+04	4.92776452E+03	4.67440224E+03	4.32257246E+03	3.91021491E+03	3.83734612E+03	2.26891615E+03	2.15747751E+03	2.05050053E+03
7.58789197E+04	1.49977545E+04	1.44141016E+04	1.28917641E+04	4.99864283E+03	4.74682081E+03	4.39303097E+03	3.98404047E+03	3.90922613E+03	2.31959188E+03	2.21474630E+03	2.11117250E+03
7.59672663E+04	1.50789537E+04	1.44968196E+04	1.29731326E+04	5.07098083E+03	4.82023566E+03	4.46463897E+03	4.05486060E+03	3.98170433E+03	2.37494772E+03	2.27370870E+03	2.16752673E+03
7.60576353E+04	1.51614928E+04	1.45805976E+04	1.30571394E+04	5.14494079E+03	4.89495016E+03	4.53927744E+03	4.13386618E+03	4.05785858E+03	2.43606640E+03	2.33542672E+03
7.61540683E+04	1.52479076E+04	1.46640133E+04	1.31442800E+04	5.22031602E+03	4.96544096E+03	4.61489505E+03	4.21027485E+03	4.13538891E+03	2.48759678E+03	2.39910893E+03
7.62530928E+04	1.53356789E+04	1.47543440E+04	1.32328027E+04	5.29839894E+03	5.04455312E+03	4.69295804E+03	4.29008653E+03	4.21473437E+03	2.55158388E+03
7.63442071E+04	1.54181493E+04	1.48410141E+04	1.33182945E+04	5.36956175E+03	5.12035772E+03	4.76769914E+03	4.36772056E+03	4.29195717E+03	2.61580128E+03
7.64415687E+04	1.55058256E+04	1.49296085E+04	1.34063114E+04	5.44796959E+03	5.19941463E+03	4.84581740E+03	4.44743375E+03	4.37146076E+03
7.66082321E+04	1.56630259E+04	1.50944733E+04	1.35553676E+04	5.56524852E+03	5.32479044E+03	4.94868923E+03	4.57230565E+03	4.49791367E+03
7.67775921E+04	1.58234844E+04	1.52623482E+04	1.37130059E+04	5.68509324E+03	5.45397840E+03	5.06214435E+03	4.70793061E+03	4.63310543E+03
7.69496089E+04	1.59877747E+04	1.54327548E+04	1.38772198E+04	5.80816615E+03	5.58575150E+03	5.18285271E+03	4.84911868E+03	4.77722156E+03
7.71243615E+04	1.61558873E+04	1.56057394E+04	1.40462902E+04	5.93430558E+03	5.71993579E+03	5.30791641E+03	4.98167770E+03	4.91508089E+03
7.73018325E+04	1.63282170E+04	1.57812157E+04	1.42205763E+04	6.06393740E+03	5.85604859E+03	5.43734713E+03	5.12267749E+03	5.04991609E+03
7.74818503E+04	1.65064933E+04	1.59601688E+04	1.44029753E+04	6.19915584E+03	5.99634201E+03	5.57491774E+03	5.27861151E+03
7.76679984E+04	1.66816774E+04	1.61304420E+04	1.45789787E+04	6.32579764E+03	6.10854110E+03	5.70106360E+03	5.41916713E+03
7.78573508E+04	1.68630067E+04	1.63081146E+04	1.47653208E+04	6.45894883E+03	6.23140190E+03	5.83471101E+03	5.57321921E+03
7.80500411E+04	1.70475496E+04	1.64934117E+04	1.49434677E+04	6.59485034E+03	6.36520213E+03	5.96099866E+03	5.71579763E+03
7.82460938E+04	1.72361931E+04	1.66866555E+04	1.51437462E+04	6.73484963E+03	6.51048673E+03	6.11312168E+03
7.84375894E+04	1.74018175E+04	1.68608625E+04	1.52981949E+04	6.83866576E+03	6.63433356E+03	6.23773405E+03
7.86339914E+04	1.75703149E+04	1.70373052E+04	1.54688572E+04	6.95201214E+03	6.76433406E+03	6.37434960E+03
7.88355708E+04	1.77417980E+04	1.72156362E+04	1.56413579E+04	7.07565333E+03	6.89796561E+03	6.50118669E+03
7.90424760E+04	1.79164460E+04	1.73961529E+04	1.58218703E+04	7.21073427E+03	7.03752366E+03
7.92666709E+04	1.80989707E+04	1.75654202E+04	1.60077997E+04	7.32524604E+03	7.18368760E+03
7.94982698E+04	1.82849640E+04	1.77621114E+04	1.61971484E+04	7.46653671E+03
7.96947146E+04	1.84448298E+04	1.79396762E+04	1.63699097E+04	7.60507807E+03
7.99117287E+04	1.86239549E+04	1.81229856E+04	1.65506573E+04
8.03669442E+04	1.89011541E+04	1.84750017E+04	1.68912295E+04
8.08384638E+04	1.92020224E+04	1.88397240E+04	1.72678552E+04
8.13272897E+04	1.95279543E+04	1.92128298E+04	1.76153319E+04
8.18339637E+04	1.98806226E+04	1.95982462E+04
8.24027581E+04	2.01963567E+04	2.00270326E+04
8.30008396E+04	2.05672816E+04
8.34377755E+04	2.09182975E+04
8.39598086E+04
8.56072013E+04
