7.60818320E+04	1.34262880E+04	1.28240084E+04	1.12136079E+04	3.18599080E+03	2.91982314E+03	2.56213918E+03	2.12304561E+03	2.04699599E+03	7.04979943E+02	5.93156480E+02	5.06707893E+02	3.23216249E+02	3.06293019E+02	1.08186685E+02	7.33700686E+01	5.37259578E+01	7.06897006E+01	6.68747633E+01	1.01424482E+01	9.34407244E+00	7.21670840E+00
7.60908535E+04	1.34352553E+04	1.28329984E+04	1.12225722E+04	3.19487996E+03	2.92876581E+03	2.57106857E+03	2.13197413E+03	2.05591477E+03	7.13750828E+02	6.02065216E+02	5.15551576E+02	3.32108175E+02	3.15158246E+02	1.16647623E+02	8.25045115E+01	6.22955694E+01	7.92122114E+01	7.57519009E+01	1.83089282E+01	1.76508967E+01	1.68043729E+01
7.61009698E+04	1.34452635E+04	1.28430124E+04	1.12325795E+04	3.20487033E+03	2.93874300E+03	2.58106030E+03	2.14196466E+03	2.06589579E+03	7.23739523E+02	6.12032137E+02	5.25534575E+02	3.42109703E+02	3.25138388E+02	1.26630157E+02	9.22456027E+01	7.22216976E+01	8.89261852E+01	8.57267736E+01	2.82155915E+01	2.73829274E+01
7.61161898E+04	1.34604848E+04	1.28582958E+04	1.12478234E+04	3.22003228E+03	2.95394322E+03	2.59617578E+03	2.15714260E+03	2.08101032E+03	7.38730265E+02	6.27119237E+02	5.40459832E+02	3.57101978E+02	3.39856999E+02	1.40410348E+02	1.04022905E+02	8.58286530E+01	1.04016313E+02	1.00485679E+02	4.01089611E+01	4.24851311E+01
7.61329582E+04	1.34772088E+04	1.28749963E+04	1.12646619E+04	3.23662411E+03	2.97054361E+03	2.61286784E+03	2.17354477E+03	2.09776672E+03	7.55074051E+02	6.43422267E+02	5.57053179E+02	3.73165248E+02	3.56711655E+02	1.55170868E+02	1.20176190E+02	1.00790830E+02	1.20442560E+02	1.17225424E+02	5.78577658E+01	5.72429222E+01
7.61503828E+04	1.34949835E+04	1.28927645E+04	1.12824154E+04	3.25411200E+03	2.98801083E+03	2.63034681E+03	2.19140123E+03	2.11532561E+03	7.72601867E+02	6.61060492E+02	5.74492933E+02	3.90658611E+02	3.74087753E+02	1.72532529E+02	1.34469632E+02	1.17833298E+02	1.38591291E+02	1.34501483E+02	7.22194327E+01
7.61695224E+04	1.35141291E+04	1.29118391E+04	1.13016342E+04	3.27298916E+03	3.00690367E+03	2.64915669E+03	2.20998677E+03	2.13418084E+03	7.91194781E+02	6.79484648E+02	5.92905620E+02	4.08966089E+02	3.92402568E+02	1.90197822E+02	1.49878702E+02	1.34518657E+02	1.56752909E+02	1.52660998E+02	8.81105715E+01
7.61896878E+04	1.35344255E+04	1.29319795E+04	1.13218701E+04	3.29291025E+03	3.02676872E+03	2.66905039E+03	2.22982458E+03	2.15419272E+03	8.10898411E+02	6.98911301E+02	6.12453101E+02	4.28325918E+02	4.12079515E+02	2.08989795E+02	1.71538347E+02	1.51824407E+02	1.75452131E+02	1.72316193E+02	1.05205345E+02
7.62109798E+04	1.35558109E+04	1.29533038E+04	1.13430626E+04	3.31382341E+03	3.04767586E+03	2.68955112E+03	2.25074084E+03	2.17480537E+03	8.31538260E+02	7.19398906E+02	6.32257693E+02	4.48747000E+02	4.31769092E+02	2.28469357E+02	1.88194281E+02	1.69619353E+02	1.95740535E+02	1.91929884E+02	1.21660754E+02
7.62332510E+04	1.35781667E+04	1.29757233E+04	1.13656717E+04	3.33566123E+03	3.06956103E+03	2.71191780E+03	2.27281736E+03	2.19716979E+03	8.53073760E+02	7.40931899E+02	6.54870400E+02	4.70527473E+02	4.54398456E+02	2.48799765E+02	2.08019063E+02	1.91320734E+02	2.17663873E+02	2.14426278E+02
7.62702017E+04	1.36164484E+04	1.30138213E+04	1.14035146E+04	3.37472554E+03	3.10919328E+03	2.75015893E+03	2.31066064E+03	2.23296535E+03	8.88596556E+02	7.77274956E+02	6.88233982E+02	5.00548276E+02	4.80997142E+02	2.74777192E+02	2.33143653E+02	2.14678931E+02	2.50332745E+02	2.47320794E+02
7.63088720E+04	1.36565388E+04	1.30536984E+04	1.14435882E+04	3.41560056E+03	3.15083772E+03	2.79023074E+03	2.35223627E+03	2.27237535E+03	9.25446673E+02	8.15302053E+02	7.22864531E+02	5.37126234E+02	5.13549914E+02	3.01557240E+02	2.59122471E+02	2.39532676E+02	2.85283589E+02	2.82467382E+02
7.63492734E+04	1.36984561E+04	1.30953742E+04	1.14855605E+04	3.45826984E+03	3.19428665E+03	2.83179703E+03	2.39639758E+03	2.31416902E+03	9.63607416E+02	8.54622653E+02	7.58943546E+02	5.68966180E+02	5.48944328E+02	3.29123085E+02	2.85911234E+02	2.65168920E+02	3.24061804E+02	3.21380053E+02
7.63913375E+04	1.37421024E+04	1.31387527E+04	1.15288865E+04	3.50271512E+03	3.23944565E+03	2.87527190E+03	2.44141429E+03	2.35771698E+03	1.00308433E+03	8.95170179E+02	7.96657900E+02	6.09481506E+02	5.86013460E+02	3.57473462E+02	3.13505072E+02	2.91091666E+02	3.64545426E+02	3.62285227E+02
7.64351216E+04	1.37875577E+04	1.31839070E+04	1.15740696E+04	3.54881579E+03	3.28611080E+03	2.92085666E+03	2.48745595E+03	2.40335248E+03	1.04362725E+03	9.36450941E+02	8.36038849E+02	6.43846416E+02	6.24730560E+02	3.86521053E+02	3.41796757E+02	3.17848502E+02	4.01991356E+02	4.03667694E+02
7.64806792E+04	1.38348603E+04	1.32308696E+04	1.16212841E+04	3.59655222E+03	3.33407362E+03	2.96892920E+03	2.53441233E+03	2.45175630E+03	1.08517827E+03	9.78094481E+02	8.77346046E+02	6.88570247E+02	6.65806821E+02	4.16237921E+02	3.70678369E+02	3.45639656E+02	4.41797341E+02	4.50386871E+02
7.65279521E+04	1.38839726E+04	1.32795248E+04	1.16706500E+04	3.64593230E+03	3.38325998E+03	3.01988887E+03	2.58257098E+03	2.50368841E+03	1.12777819E+03	1.02082556E+03	9.20893648E+02	7.34246928E+02	7.09950750E+02	4.46639501E+02	3.99979580E+02	3.74706208E+02	4.97708682E+02	4.95864004E+02
7.65756973E+04	1.39338458E+04	1.33288864E+04	1.17203235E+04	3.69888402E+03	3.43698687E+03	3.07372003E+03	2.63561043E+03	2.55666803E+03	1.17533701E+03	1.06858563E+03	9.67671021E+02	7.70211718E+02	7.55519963E+02	4.78924472E+02	4.31359518E+02	4.04800470E+02	5.39015498E+02
7.66260282E+04	1.39862737E+04	1.33808494E+04	1.17721964E+04	3.75249796E+03	3.48946546E+03	3.12574723E+03	2.68847750E+03	2.60879324E+03	1.22213428E+03	1.11339050E+03	1.01205239E+03	8.15407384E+02	7.98477633E+02	5.10766369E+02	4.61978781E+02	4.34172800E+02	5.82924677E+02
7.66778320E+04	1.40402554E+04	1.34343334E+04	1.18262676E+04	3.80815069E+03	3.54373977E+03	3.18126021E+03	2.74294494E+03	2.66430861E+03	1.27048188E+03	1.15938243E+03	1.05888363E+03	8.62852089E+02	8.44994463E+02	5.43655380E+02	4.93594475E+02	4.65210162E+02	6.30948154E+02
7.67311268E+04	1.40957008E+04	1.34893646E+04	1.18815068E+04	3.86554924E+03	3.59975494E+03	3.23738079E+03	2.79834460E+03	2.72179371E+03	1.32007471E+03	1.20650715E+03	1.10545545E+03	9.12130063E+02	8.92336490E+02	5.77272202E+02	5.25985760E+02	4.96374912E+02	6.80991272E+02
7.67860367E+04	1.41528454E+04	1.35460775E+04	1.19383248E+04	3.92447814E+03	3.65760547E+03	3.29409060E+03	2.85609192E+03	2.77819789E+03	1.37055676E+03	1.25494091E+03	1.15243229E+03	9.60860056E+02	9.37993494E+02	6.11500750E+02	5.59158792E+02	5.27710501E+02	7.29123137E+02
7.68425396E+04	1.42116469E+04	1.36044278E+04	1.19968065E+04	3.98485626E+03	3.71757885E+03	3.35385883E+03	2.91620275E+03	2.83575067E+03	1.42186722E+03	1.30526033E+03	1.20196441E+03	1.01085170E+03	9.84599991E+02	6.46315922E+02	5.93124330E+02	5.60276652E+02	7.76646162E+02
7.69005555E+04	1.42720393E+04	1.36643577E+04	1.20577025E+04	4.04692279E+03	3.77974082E+03	3.42004233E+03	2.97981024E+03	2.90418404E+03	1.47437636E+03	1.35758612E+03	1.25748026E+03	1.06328000E+03	1.04336194E+03	6.81820424E+02	6.27852801E+02	5.95678374E+02
7.69399055E+04	1.43100857E+04	1.37028905E+04	1.20950163E+04	4.08304439E+03	3.81620930E+03	3.45532151E+03	3.01581949E+03	2.94049022E+03	1.50751784E+03	1.39125345E+03	1.28907229E+03	1.09560076E+03	1.07623494E+03	7.04882242E+02	6.54236919E+02	6.22637233E+02
7.69801809E+04	1.43488515E+04	1.37421063E+04	1.21338533E+04	4.11987698E+03	3.85337916E+03	3.49195913E+03	3.05347201E+03	2.97750857E+03	1.54143411E+03	1.42567687E+03	1.32247795E+03	1.13013234E+03	1.10998059E+03	7.29868080E+02	6.82422503E+02	6.52527206E+02
7.70214180E+04	1.43883593E+04	1.37819808E+04	1.21733864E+04	4.15745632E+03	3.89116995E+03	3.52934189E+03	3.09036895E+03	3.01501611E+03	1.57618889E+03	1.46069317E+03	1.35687182E+03	1.16312744E+03	1.14392528E+03	7.57047006E+02	7.11493108E+02	6.80417902E+02
7.70636421E+04	1.44286310E+04	1.38225322E+04	1.22140504E+04	4.19584456E+03	3.92966583E+03	3.56793326E+03	3.13013664E+03	3.05391591E+03	1.61194261E+03	1.49646371E+03	1.39263993E+03	1.20070057E+03	1.17984183E+03	7.87616439E+02	7.41947913E+02
7.71084187E+04	1.44709241E+04	1.38639253E+04	1.22565293E+04	4.23567442E+03	3.96838629E+03	3.60780658E+03	3.17008028E+03	3.09418273E+03	1.64821892E+03	1.53061499E+03	1.42880502E+03	1.23657378E+03	1.21618176E+03	8.13915643E+02	7.73268832E+02
7.71545215E+04	1.45140158E+04	1.39076967E+04	1.22998014E+04	4.27658401E+03	4.00954389E+03	3.64869932E+03	3.21131065E+03	3.13532046E+03	1.68603807E+03	1.56842086E+03	1.46644512E+03	1.27417214E+03	1.25372823E+03	8.46100386E+02
7.71994554E+04	1.45565829E+04	1.39514220E+04	1.23432083E+04	4.31670806E+03	4.05077120E+03	3.68968130E+03	3.25293266E+03	3.17684125E+03	1.72171262E+03	1.60576743E+03	1.50335087E+03	1.31159928E+03	1.29100574E+03	8.78924131E+02
7.72465489E+04	1.46010289E+04	1.39960703E+04	1.23877259E+04	4.35899870E+03	4.09319564E+03	3.73188546E+03	3.29546248E+03	3.21932692E+03	1.76076916E+03	1.64482778E+03	1.54200423E+03	1.35031994E+03	1.32962127E+03
7.73179819E+04	1.46708510E+04	1.40675876E+04	1.24556475E+04	4.42368504E+03	4.15870340E+03	3.79527163E+03	3.35974788E+03	3.27817310E+03	1.81101801E+03	1.69772834E+03	1.58345731E+03	1.40020961E+03	1.38031657E+03
7.73907186E+04	1.47420708E+04	1.41404805E+04	1.25261711E+04	4.48937522E+03	4.22528166E+03	3.86104032E+03	3.42835439E+03	3.34512612E+03	1.86236994E+03	1.75292977E+03	1.63055591E+03	1.45414888E+03	1.43446120E+03
7.74647286E+04	1.48148325E+04	1.42145997E+04	1.25989100E+04	4.55613094E+03	4.29283423E+03	3.92686080E+03	3.49893074E+03	3.41244717E+03	1.91518589E+03	1.80960316E+03	1.68164018E+03	1.51006849E+03	1.49187934E+03
7.75400528E+04	1.48891110E+04	1.42899512E+04	1.26734780E+04	4.62394611E+03	4.36137471E+03	3.99368314E+03	3.56766152E+03	3.48041569E+03	1.96922465E+03	1.86742461E+03	1.73495999E+03	1.56340201E+03	1.54712274E+03
7.76166734E+04	1.49650248E+04	1.43664852E+04	1.27499796E+04	4.69286806E+03	4.43084700E+03	4.06240179E+03	3.63916470E+03	3.55019286E+03	2.02476649E+03	1.92559199E+03	1.79024910E+03	1.62016139E+03	1.60179199E+03
7.76944330E+04	1.50433839E+04	1.44446436E+04	1.28291428E+04	4.76327170E+03	4.50144471E+03	4.13350211E+03	3.69487048E+03	3.62375056E+03	2.08453600E+03	1.98752240E+03	1.84987540E+03	1.68248898E+03
7.77747025E+04	1.51216294E+04	1.45217408E+04	1.29077049E+04	4.83397792E+03	4.57217904E+03	4.20227618E+03	3.77511404E+03	3.69380570E+03	2.13971918E+03	2.03174525E+03	1.90397619E+03	1.73867232E+03
7.78563512E+04	1.52021788E+04	1.46012259E+04	1.29894655E+04	4.90622331E+03	4.64436508E+03	4.27499820E+03	3.84776751E+03	3.76827369E+03	2.19825965E+03	2.08093647E+03	1.96105928E+03	1.79964452E+03
7.79394705E+04	1.52841042E+04	1.46831777E+04	1.30694790E+04	4.97949055E+03	4.71806085E+03	4.34460593E+03	3.92166345E+03	3.84042487E+03	2.25798649E+03	2.13587325E+03	2.01532405E+03	1.85636935E+03
7.80240524E+04	1.53675868E+04	1.47676906E+04	1.31557431E+04	5.05389243E+03	4.79327201E+03	4.42351508E+03	3.99909454E+03	3.92052820E+03	2.31971170E+03	2.19769239E+03	2.08180985E+03
7.81103580E+04	1.54479097E+04	1.48500485E+04	1.32334142E+04	5.12476369E+03	4.86579674E+03	4.49043502E+03	4.07041668E+03	3.99271784E+03	2.36712347E+03	2.25291600E+03	2.13799109E+03
7.81985519E+04	1.55294703E+04	1.49334655E+04	1.33153679E+04	5.19702616E+03	4.93963845E+03	4.56226643E+03	4.14568973E+03	4.06598989E+03	2.41883297E+03	2.31131598E+03	2.19982726E+03
7.82887361E+04	1.56123072E+04	1.50178659E+04	1.33983562E+04	5.27076510E+03	5.01447900E+03	4.63522196E+03	4.21787587E+03	4.13985387E+03	2.47532590E+03	2.37142947E+03	2.25723420E+03
7.83809652E+04	1.56964922E+04	1.51033214E+04	1.34840315E+04	5.34614098E+03	5.09062872E+03	4.71127924E+03	4.29841281E+03	4.21746691E+03	2.53763008E+03	2.43434748E+03
7.84795696E+04	1.57847606E+04	1.51884962E+04	1.35730088E+04	5.42304734E+03	5.16255722E+03	4.78840888E+03	4.37634791E+03	4.29655743E+03	2.59008532E+03	2.49933649E+03
7.85808666E+04	1.58743641E+04	1.52807639E+04	1.36633522E+04	5.50269436E+03	5.24328061E+03	4.86799798E+03	4.45775673E+03	4.37746878E+03	2.65533163E+03
7.86738764E+04	1.59584792E+04	1.53692171E+04	1.37505526E+04	5.57522739E+03	5.32057761E+03	4.94417021E+03	4.53690065E+03	4.45617869E+03	2.72078826E+03
7.87733286E+04	1.60479236E+04	1.54596006E+04	1.38403196E+04	5.65515213E+03	5.40117262E+03	5.02377490E+03	4.61814806E+03	4.53720507E+03
7.89430202E+04	1.62079774E+04	1.56274761E+04	1.39920294E+04	5.77457069E+03	5.52888259E+03	5.12848876E+03	4.74527431E+03	4.66591434E+03
7.91154223E+04	1.63713387E+04	1.57983616E+04	1.41524890E+04	5.89661188E+03	5.66040781E+03	5.24398302E+03	4.88332711E+03	4.80345785E+03
7.92904930E+04	1.65385801E+04	1.59717833E+04	1.43195978E+04	6.02193826E+03	5.79451968E+03	5.36680820E+03	5.02706347E+03	4.95011134E+03
7.94683151E+04	1.67097059E+04	1.61477896E+04	1.44916043E+04	6.15040317E+03	5.93106053E+03	5.49402686E+03	5.16188213E+03	5.09032984E+03
7.96488670E+04	1.68850939E+04	1.63263022E+04	1.46688810E+04	6.28241829E+03	6.06958270E+03	5.62565980E+03	5.30522146E+03	5.22733507E+03
7.98319927E+04	1.70663698E+04	1.65082438E+04	1.48543787E+04	6.41994311E+03	6.21222070E+03	5.76550004E+03	5.46383364E+03
8.00214199E+04	1.72446821E+04	1.66816505E+04	1.50334134E+04	6.54878391E+03	6.32654665E+03	5.89372748E+03	5.60676761E+03
8.02140976E+04	1.74291265E+04	1.68625205E+04	1.52230165E+04	6.68419246E+03	6.45170815E+03	6.02958334E+03	5.76348872E+03
8.04101551E+04	1.76168134E+04	1.70510823E+04	1.54041957E+04	6.82241544E+03	6.58796433E+03	6.15793088E+03	5.90849652E+03
8.06096187E+04	1.78086330E+04	1.72476506E+04	1.56077350E+04	6.96482929E+03	6.73581881E+03	6.31249726E+03
8.08043622E+04	1.79770406E+04	1.74248578E+04	1.57646647E+04	7.07040039E+03	6.86180771E+03	6.43911909E+03
8.10040802E+04	1.81483574E+04	1.76042822E+04	1.59380950E+04	7.18569273E+03	6.99401120E+03	6.57792356E+03
8.12090453E+04	1.83226910E+04	1.77855896E+04	1.61133683E+04	7.31145978E+03	7.12988386E+03	6.70675823E+03
8.14194022E+04	1.85002173E+04	1.79690621E+04	1.62967943E+04	7.44880256E+03	7.27176171E+03
8.16479564E+04	1.86861459E+04	1.81414138E+04	1.64860391E+04	7.56524615E+03	7.42057827E+03
8.18842600E+04	1.88754647E+04	1.83417777E+04	1.66786441E+04	7.70899651E+03
8.20842421E+04	1.90380864E+04	1.85225620E+04	1.68543611E+04	7.84992845E+03
8.23053732E+04	1.92203779E+04	1.87091017E+04	1.70381942E+04
8.27677043E+04	1.95021356E+04	1.90672202E+04	1.73839276E+04
8.32465627E+04	1.98080129E+04	1.94380426E+04	1.77663209E+04
8.37429553E+04	2.01393882E+04	1.98172748E+04	1.81189504E+04
8.42573914E+04	2.04978818E+04	2.02088400E+04
8.48372876E+04	2.08194539E+04	2.06459184E+04
8.54480379E+04	2.11969048E+04
8.58926878E+04	2.15541767E+04
8.64248212E+04
8.81054146E+04
