7.83663889E+04	1.38852833E+04	1.32703299E+04	1.15596992E+04	3.30783324E+03	3.03555249E+03	2.65428207E+03	2.20614166E+03	2.12548537E+03	7.36447601E+02	6.21344306E+02	5.28836392E+02	3.39840704E+02	3.22086030E+02	1.13007385E+02	7.52351074E+01	5.72676687E+01	7.85486145E+01	7.48534877E+01	8.91829248E+00	8.91829248E+00	8.08897131E+00
7.83688134E+04	1.38934905E+04	1.32783086E+04	1.15677736E+04	3.31668879E+03	3.04439665E+03	2.66311109E+03	2.21494215E+03	2.13422505E+03	7.45418159E+02	6.30319190E+02	5.37764827E+02	3.48733072E+02	3.30846000E+02	1.21942814E+02	8.40769815E+01	6.60619559E+01	8.74204320E+01	8.37098930E+01	1.74167882E+01	1.59757154E+01
7.83828077E+04	1.39074868E+04	1.32923988E+04	1.15816909E+04	3.33066711E+03	3.05841442E+03	2.67716650E+03	2.22908217E+03	2.14827536E+03	7.59265569E+02	6.44297549E+02	5.51693208E+02	3.62922325E+02	3.44840839E+02	1.34896373E+02	9.80572410E+01	7.74937526E+01	1.01346190E+02	9.76461119E+01	2.98008789E+01	2.84603670E+01
7.83983452E+04	1.39230378E+04	1.33080379E+04	1.15972136E+04	3.34617085E+03	3.07395896E+03	2.69258252E+03	2.24466042E+03	2.16368406E+03	7.74607622E+02	6.59771426E+02	5.66857317E+02	3.78461695E+02	3.60130660E+02	1.49127209E+02	1.13361628E+02	9.09415655E+01	1.16423730E+02	1.12841172E+02	4.34839622E+01	4.24444751E+01
7.84153517E+04	1.39400424E+04	1.33251170E+04	1.16142497E+04	3.36305367E+03	3.09089435E+03	2.70941652E+03	2.26156076E+03	2.18052406E+03	7.91263989E+02	6.76533594E+02	5.83431846E+02	3.95166679E+02	3.76484897E+02	1.64303820E+02	1.25975812E+02	1.05899658E+02	1.33123221E+02	1.29210612E+02	5.65560285E+01	5.90220095E+01
7.84337369E+04	1.39583671E+04	1.33434245E+04	1.16327028E+04	3.38119709E+03	3.10904300E+03	2.72765868E+03	2.27949920E+03	2.19885210E+03	8.09097698E+02	6.94325069E+02	6.01528777E+02	4.12601984E+02	3.94842286E+02	1.80272049E+02	1.43221785E+02	1.22059575E+02	1.50985843E+02	1.47456068E+02	7.57681438E+01	7.50159227E+01
7.84526106E+04	1.39776580E+04	1.33626864E+04	1.16519606E+04	3.40014210E+03	3.12795987E+03	2.74659802E+03	2.29886695E+03	2.21788072E+03	8.28061304E+02	7.13380122E+02	6.20381017E+02	4.31620387E+02	4.13625673E+02	1.98961490E+02	1.58781121E+02	1.40442505E+02	1.70722366E+02	1.66133200E+02	9.12936997E+01
7.84732277E+04	1.39982388E+04	1.33831996E+04	1.16726363E+04	3.42040274E+03	3.14824392E+03	2.76677717E+03	2.31878691E+03	2.23811460E+03	8.47945600E+02	7.33076934E+02	6.40050082E+02	4.51049565E+02	4.33179093E+02	2.17650855E+02	1.74916259E+02	1.58026100E+02	1.90056048E+02	1.85534519E+02	1.08199861E+02
7.84948265E+04	1.40199681E+04	1.34047530E+04	1.16943102E+04	3.44167359E+03	3.16945363E+03	2.78803241E+03	2.33997217E+03	2.25950874E+03	8.68919841E+02	7.53743715E+02	6.60885381E+02	4.71630577E+02	4.54130474E+02	2.37480333E+02	1.98284095E+02	1.76308472E+02	2.09960803E+02	2.06455391E+02	1.26364509E+02
7.85174487E+04	1.40426850E+04	1.34274077E+04	1.17168117E+04	3.46387962E+03	3.19165427E+03	2.80977622E+03	2.36217570E+03	2.28137701E+03	8.90776530E+02	7.75434811E+02	6.81813034E+02	4.93235000E+02	4.74968910E+02	2.57945911E+02	2.15561780E+02	1.94968996E+02	2.31433010E+02	2.27230343E+02	1.43749103E+02
7.85410829E+04	1.40663810E+04	1.34511787E+04	1.17407894E+04	3.48697386E+03	3.21480501E+03	2.83345092E+03	2.38554057E+03	2.30505691E+03	9.13490159E+02	7.98147188E+02	7.05686041E+02	5.16195078E+02	4.98841889E+02	2.79251002E+02	2.36357430E+02	2.17711292E+02	2.54513774E+02	2.50943744E+02
7.85799821E+04	1.41066622E+04	1.34912657E+04	1.17806154E+04	3.52803444E+03	3.25646231E+03	2.87366614E+03	2.42535266E+03	2.34270003E+03	9.50631142E+02	8.36134778E+02	7.40560339E+02	5.47900382E+02	5.26782931E+02	3.06310918E+02	2.62582866E+02	2.42076665E+02	2.88793991E+02	2.85464679E+02
7.86205929E+04	1.41487506E+04	1.35331318E+04	1.18226918E+04	3.57087214E+03	3.30011265E+03	2.91560965E+03	2.46901480E+03	2.38399349E+03	9.89059257E+02	8.75781966E+02	7.76668628E+02	5.86219667E+02	5.60777402E+02	3.34151849E+02	2.89644086E+02	2.67951626E+02	3.25359708E+02	3.22237671E+02
7.86628706E+04	1.41926022E+04	1.35767348E+04	1.18666043E+04	3.61545959E+03	3.34551528E+03	2.95903742E+03	2.51521436E+03	2.42767030E+03	1.02875859E+03	9.16686616E+02	8.14191241E+02	6.19479877E+02	5.97613751E+02	3.62762318E+02	3.17497215E+02	2.94618364E+02	3.65820470E+02	3.62835110E+02
7.87067852E+04	1.42381661E+04	1.36220167E+04	1.19118394E+04	3.66179627E+03	3.39260840E+03	3.00436289E+03	2.56220760E+03	2.47309077E+03	1.06975046E+03	9.58802411E+02	8.53330185E+02	6.60899626E+02	6.36109310E+02	3.92144480E+02	3.46140615E+02	3.21512375E+02	4.07977169E+02	4.05446343E+02
7.87524246E+04	1.42855259E+04	1.36690658E+04	1.19589228E+04	3.70976925E+03	3.44119220E+03	3.05179044E+03	2.61012320E+03	2.52059017E+03	1.11177815E+03	1.00161432E+03	8.94115354E+02	6.96312106E+02	6.76237722E+02	4.22212484E+02	3.75474650E+02	3.49229716E+02	4.46776254E+02	4.48529392E+02
7.87997916E+04	1.43347007E+04	1.37178919E+04	1.20080136E+04	3.75933004E+03	3.49100437E+03	3.10168528E+03	2.65885680E+03	2.57084913E+03	1.15476698E+03	1.04479585E+03	9.36804523E+02	7.45327782E+02	7.18715722E+02	4.52931001E+02	4.05400187E+02	3.77973744E+02	4.88141164E+02	4.96950103E+02
7.88488996E+04	1.43856892E+04	1.37684082E+04	1.20592756E+04	3.81051542E+03	3.54199135E+03	3.15449089E+03	2.70867797E+03	2.62468360E+03	1.19877453E+03	1.08878520E+03	9.81735480E+02	7.90777453E+02	7.64284188E+02	4.84322607E+02	4.35705505E+02	4.07999131E+02	5.45944055E+02	5.43908500E+02
7.88982313E+04	1.44373380E+04	1.38195448E+04	1.21107558E+04	3.86543452E+03	3.59778054E+03	3.21024624E+03	2.76381953E+03	2.67956758E+03	1.24798406E+03	1.13837366E+03	1.03035313E+03	8.26955864E+02	8.11552098E+02	5.17675699E+02	4.68134540E+02	4.39091817E+02	5.88767586E+02
7.89503695E+04	1.44916389E+04	1.38733614E+04	1.21644710E+04	3.92078069E+03	3.65188640E+03	3.26399178E+03	2.81835784E+03	2.73345032E+03	1.29607843E+03	1.18434557E+03	1.07569210E+03	8.73479006E+02	8.55705911E+02	5.50436736E+02	4.99762865E+02	4.69335246E+02	6.34092220E+02
7.90041059E+04	1.45474844E+04	1.39286885E+04	1.22204140E+04	3.97822904E+03	3.70785535E+03	3.32128612E+03	2.87444967E+03	2.79076519E+03	1.34579426E+03	1.23159689E+03	1.12380939E+03	9.22305715E+02	9.03494866E+02	5.84286339E+02	5.32320335E+02	5.01305874E+02	6.83631336E+02
7.90591813E+04	1.46047605E+04	1.39855421E+04	1.22774886E+04	4.03741368E+03	3.76559840E+03	3.37920326E+03	2.93157736E+03	2.85012295E+03	1.39677004E+03	1.28003702E+03	1.17171064E+03	9.73620201E+02	9.52228394E+02	6.18866404E+02	5.65681449E+02	5.33413778E+02	7.35277880E+02
7.91158757E+04	1.46637325E+04	1.40440726E+04	1.23361310E+04	4.09812162E+03	3.82520819E+03	3.43761003E+03	2.99108971E+03	2.90827985E+03	1.44862199E+03	1.32983878E+03	1.21993293E+03	1.02339194E+03	9.99177138E+02	6.54056436E+02	5.99834863E+02	5.65636926E+02	7.84894084E+02
7.91741466E+04	1.47243461E+04	1.41042242E+04	1.23964373E+04	4.16025347E+03	3.88694452E+03	3.49909854E+03	3.05297098E+03	2.96749495E+03	1.50128977E+03	1.38154593E+03	1.27073246E+03	1.07484872E+03	1.04698680E+03	6.89828679E+02	6.34780983E+02	5.99095170E+02	8.33818842E+02
7.92339428E+04	1.47865559E+04	1.41659607E+04	1.24591715E+04	4.22408638E+03	3.95088978E+03	3.56716122E+03	3.11841831E+03	3.03790403E+03	1.55516839E+03	1.43526963E+03	1.32764252E+03	1.12869864E+03	1.10726584E+03	7.26291638E+02	6.70491136E+02	6.35454320E+02
7.92744341E+04	1.48256770E+04	1.42055962E+04	1.24975276E+04	4.26118092E+03	3.98834967E+03	3.60338495E+03	3.15540378E+03	3.07519312E+03	1.58916106E+03	1.46980946E+03	1.36004121E+03	1.16186097E+03	1.14099736E+03	7.49952981E+02	6.97570641E+02	6.63107576E+02
7.93158593E+04	1.48655207E+04	1.42459114E+04	1.25374428E+04	4.29899759E+03	4.02651666E+03	3.64100018E+03	3.19406709E+03	3.11320171E+03	1.62394269E+03	1.50511247E+03	1.39430452E+03	1.19728007E+03	1.17560631E+03	7.75608136E+02	7.26473080E+02	6.93756485E+02
7.93582617E+04	1.49061123E+04	1.42868871E+04	1.25780546E+04	4.33756271E+03	4.06530347E+03	3.67934954E+03	3.23192733E+03	3.15168865E+03	1.65957099E+03	1.54100825E+03	1.42953461E+03	1.23109924E+03	1.21039707E+03	8.03536418E+02	7.56274544E+02	7.22321173E+02
7.94016634E+04	1.49474716E+04	1.43285403E+04	1.26198205E+04	4.37693989E+03	4.10479660E+03	3.71893578E+03	3.27273704E+03	3.19159978E+03	1.69620345E+03	1.57766363E+03	1.46618573E+03	1.26963298E+03	1.24721056E+03	8.34855029E+02	7.87494061E+02
7.94478648E+04	1.49909614E+04	1.43710719E+04	1.26634739E+04	4.41782953E+03	4.14453656E+03	3.75985891E+03	3.31373877E+03	3.23293406E+03	1.73339441E+03	1.61267957E+03	1.50325679E+03	1.30640057E+03	1.28447028E+03	8.61711873E+02	8.19627485E+02
7.94953074E+04	1.50352233E+04	1.44160530E+04	1.27079161E+04	4.45980492E+03	4.18677567E+03	3.80180696E+03	3.35605043E+03	3.27514254E+03	1.77215416E+03	1.65143556E+03	1.54181171E+03	1.34493474E+03	1.32294172E+03	8.94687027E+02
7.95413042E+04	1.50788584E+04	1.44609178E+04	1.27524384E+04	4.50090934E+03	4.22902915E+03	3.84379701E+03	3.39870552E+03	3.31768895E+03	1.80866914E+03	1.68967717E+03	1.57958558E+03	1.38326111E+03	1.36111005E+03	9.28291062E+02
7.95896598E+04	1.51244395E+04	1.45067078E+04	1.27980857E+04	4.54423654E+03	4.27249704E+03	3.88702815E+03	3.44227988E+03	3.36121568E+03	1.84864432E+03	1.72966257E+03	1.61913937E+03	1.42289793E+03	1.40063581E+03
7.96628258E+04	1.51959291E+04	1.45799528E+04	1.28676175E+04	4.61040388E+03	4.33951910E+03	3.95185489E+03	3.50803100E+03	3.42140598E+03	1.90000013E+03	1.78373763E+03	1.66151537E+03	1.47391133E+03	1.45247480E+03
7.97372967E+04	1.52688313E+04	1.46545710E+04	1.29398027E+04	4.67757663E+03	4.40760935E+03	4.01906848E+03	3.57816219E+03	3.48985652E+03	1.95248878E+03	1.84010116E+03	1.70966778E+03	1.52904579E+03	1.50780032E+03
7.98130444E+04	1.53432881E+04	1.47304144E+04	1.30142273E+04	4.74581848E+03	4.47667268E+03	4.08635201E+03	3.65029553E+03	3.55869248E+03	2.00647856E+03	1.89793073E+03	1.76186448E+03	1.58621646E+03	1.56648487E+03
7.98901093E+04	1.54192859E+04	1.48074966E+04	1.30904981E+04	4.81512935E+03	4.54672730E+03	4.15461879E+03	3.72035936E+03	3.62814753E+03	2.06174825E+03	1.95694662E+03	1.81632418E+03	1.64065514E+03	1.62291199E+03
7.99684708E+04	1.54969412E+04	1.48857720E+04	1.31687189E+04	4.88555324E+03	4.61771629E+03	4.22479152E+03	3.79349831E+03	3.69935596E+03	2.11859738E+03	2.01645387E+03	1.87279005E+03	1.69857863E+03	1.67864525E+03
8.00479924E+04	1.55770042E+04	1.49656388E+04	1.32496354E+04	4.95743878E+03	4.68982256E+03	4.29740226E+03	3.87322521E+03	3.77456346E+03	2.17950526E+03	2.07941559E+03	1.93358242E+03	1.76227126E+03
8.01300785E+04	1.56570011E+04	1.50444712E+04	1.33299263E+04	5.02966178E+03	4.76207754E+03	4.36759755E+03	3.93250649E+03	3.84608531E+03	2.23575883E+03	2.12465229E+03	1.98875332E+03	1.81960828E+03
8.02135595E+04	1.57393067E+04	1.51257265E+04	1.34135057E+04	5.10342037E+03	4.83579852E+03	4.44184297E+03	4.00670648E+03	3.92212901E+03	2.29543170E+03	2.17501827E+03	2.04696369E+03	1.88187086E+03
8.02985172E+04	1.58229966E+04	1.52094755E+04	1.34952456E+04	5.17820802E+03	4.91104469E+03	4.51287296E+03	4.08212123E+03	3.99579316E+03	2.35633718E+03	2.23123538E+03	2.10227838E+03	1.93977649E+03
8.03849539E+04	1.59082530E+04	1.52958111E+04	1.35833279E+04	5.25413603E+03	4.98781825E+03	4.59337800E+03	4.16115368E+03	4.07750661E+03	2.41930257E+03	2.29432843E+03	2.17005981E+03
8.04730498E+04	1.59901983E+04	1.53798629E+04	1.36625353E+04	5.32637188E+03	5.06176067E+03	4.66156945E+03	4.23385894E+03	4.15109175E+03	2.46764558E+03	2.35064937E+03	2.22731011E+03
8.05630600E+04	1.60733926E+04	1.54649695E+04	1.37461127E+04	5.40002076E+03	5.13702868E+03	4.73477472E+03	4.31058274E+03	4.22575776E+03	2.52039185E+03	2.41018512E+03	2.29031154E+03
8.06550874E+04	1.61578724E+04	1.55510586E+04	1.38307246E+04	5.47516629E+03	5.21330098E+03	4.80908184E+03	4.38413935E+03	4.30101136E+03	2.57802430E+03	2.47145476E+03	2.34877386E+03
8.07491841E+04	1.62437064E+04	1.56381949E+04	1.39180705E+04	5.55196106E+03	5.29088891E+03	4.88655880E+03	4.46620726E+03	4.38008382E+03	2.64151850E+03	2.53557656E+03
8.08499817E+04	1.63338439E+04	1.57251418E+04	1.40088971E+04	5.63040921E+03	5.36426379E+03	4.96520831E+03	4.54567799E+03	4.46074259E+03	2.69490681E+03	2.60187995E+03
8.09535801E+04	1.64252941E+04	1.58193637E+04	1.41010729E+04	5.71163051E+03	5.44661018E+03	5.04633216E+03	4.62869330E+03	4.54322799E+03	2.76142051E+03
8.10485006E+04	1.65110651E+04	1.59096139E+04	1.41899917E+04	5.78554200E+03	5.52540951E+03	5.12394266E+03	4.70935531E+03	4.62343224E+03	2.82812347E+03
8.11500593E+04	1.66022898E+04	1.60017985E+04	1.42815189E+04	5.86699414E+03	5.60755291E+03	5.20504158E+03	4.79214469E+03	4.70598868E+03
8.13227824E+04	1.67652036E+04	1.61726913E+04	1.44358856E+04	5.98856152E+03	5.73760956E+03	5.31160037E+03	4.92152994E+03	4.83695604E+03
8.14982270E+04	1.69314728E+04	1.63465910E+04	1.45991677E+04	6.11280761E+03	5.87148436E+03	5.42913570E+03	5.06201467E+03	4.97685259E+03
8.16763568E+04	1.71016714E+04	1.65230327E+04	1.47691739E+04	6.24039616E+03	6.00794853E+03	5.55407984E+03	5.20830236E+03	5.12604408E+03
8.18572496E+04	1.72758116E+04	1.67020636E+04	1.49441183E+04	6.37119379E+03	6.14685820E+03	5.68345521E+03	5.34538657E+03	5.26862310E+03
8.20408672E+04	1.74542583E+04	1.68836143E+04	1.51243889E+04	6.50559744E+03	6.28779792E+03	5.81729342E+03	5.49107184E+03	5.40780619E+03
8.22271044E+04	1.76385436E+04	1.70685520E+04	1.53129913E+04	6.64544592E+03	6.43280031E+03	5.95940982E+03	5.65236032E+03
8.24198197E+04	1.78200035E+04	1.72451105E+04	1.54950664E+04	6.77650062E+03	6.54926167E+03	6.08972432E+03	5.79768047E+03
8.26158383E+04	1.80075807E+04	1.74291959E+04	1.56879434E+04	6.91418267E+03	6.67673344E+03	6.22779542E+03	5.95707813E+03
8.28152760E+04	1.81984263E+04	1.76210381E+04	1.58721665E+04	7.05474090E+03	6.81545569E+03	6.35820924E+03	6.10452190E+03
8.30181650E+04	1.83934325E+04	1.78209447E+04	1.60789714E+04	7.19958381E+03	6.96589657E+03	6.51522373E+03
8.32161617E+04	1.85646346E+04	1.80011691E+04	1.62383872E+04	7.30691942E+03	7.09404085E+03	6.64385980E+03
8.34192088E+04	1.87387823E+04	1.81835902E+04	1.64145921E+04	7.42416748E+03	7.22846084E+03	6.78485885E+03
8.36275783E+04	1.89159819E+04	1.83678908E+04	1.65926474E+04	7.55207030E+03	7.36658766E+03	6.91569680E+03
8.38414023E+04	1.90964007E+04	1.85543336E+04	1.67789967E+04	7.69168728E+03	7.51079773E+03
8.40743720E+04	1.92857743E+04	1.87297988E+04	1.69715867E+04	7.81008565E+03	7.66229254E+03
8.43154517E+04	1.94784515E+04	1.89338797E+04	1.71674738E+04	7.95631710E+03
8.45190064E+04	1.96438529E+04	1.91179194E+04	1.73461698E+04	8.09966056E+03
8.47443060E+04	1.98293430E+04	1.93077217E+04	1.75331132E+04
8.52137712E+04	2.01156885E+04	1.96719965E+04	1.78840225E+04
8.56998739E+04	2.04265905E+04	2.00489671E+04	1.82722051E+04
8.62038643E+04	2.07634472E+04	2.04343732E+04	1.86300034E+04
8.67260915E+04	2.11278106E+04	2.08321267E+04
8.73173167E+04	2.14553251E+04	2.12776332E+04
8.79411128E+04	2.18394023E+04
8.83935706E+04	2.22030111E+04
8.89359660E+04
9.06503153E+04
