8.30614455E+04	1.48450678E+04	1.42035985E+04	1.22768143E+04	3.57200771E+03	3.28719095E+03	2.85474569E+03	2.38865830E+03	2.29785878E+03	8.13257344E+02	6.91474927E+02	5.85306952E+02	3.86139234E+02	3.66199240E+02	1.32180288E+02	9.07224589E+01	7.14853093E+01	1.07032857E+02	1.02763589E+02	1.45216412E+01	1.23680986E+01	8.86176785E+00
8.30712351E+04	1.48546940E+04	1.42132517E+04	1.22864616E+04	3.58159746E+03	3.29683242E+03	2.86440251E+03	2.39829873E+03	2.30750609E+03	8.22762924E+02	7.01085861E+02	5.94899879E+02	3.95773116E+02	3.75830201E+02	1.41472005E+02	1.00274601E+02	8.09616891E+01	1.16674137E+02	1.12405219E+02	2.36618050E+01	2.14613716E+01	1.75722156E+01
8.30820393E+04	1.48654795E+04	1.42240252E+04	1.22972299E+04	3.59235713E+03	3.30758866E+03	2.87515603E+03	2.40905274E+03	2.31826060E+03	8.33496796E+02	7.11826112E+02	6.05630605E+02	4.06512417E+02	3.86571721E+02	1.52244492E+02	1.11074924E+02	9.17523898E+01	1.27404063E+02	1.23135276E+02	3.42851700E+01	3.20765149E+01
8.30984121E+04	1.48818069E+04	1.42404508E+04	1.23133742E+04	3.60865347E+03	3.32391738E+03	2.89131529E+03	2.42517909E+03	2.33402377E+03	8.49621986E+02	7.28056277E+02	6.21542314E+02	4.22227031E+02	4.01538901E+02	1.67175724E+02	1.25991071E+02	1.03649181E+02	1.43037345E+02	1.38597019E+02	4.76413574E+01	4.56048857E+01
8.31161137E+04	1.48995106E+04	1.42582808E+04	1.23309742E+04	3.62627203E+03	3.34159092E+03	2.90902088E+03	2.44302321E+03	2.35175006E+03	8.66975895E+02	7.45566808E+02	6.38979313E+02	4.39978522E+02	4.19048017E+02	1.83090126E+02	1.43253293E+02	1.17696512E+02	1.60457690E+02	1.56037949E+02	6.29221185E+01	6.09840947E+01
8.31350065E+04	1.49183993E+04	1.42772823E+04	1.23498404E+04	3.64502044E+03	3.36039275E+03	2.92766099E+03	2.46190572E+03	2.37041848E+03	8.85442645E+02	7.64181183E+02	6.57218248E+02	4.58718246E+02	4.37442412E+02	1.99925275E+02	1.61246754E+02	1.33588295E+02	1.78722297E+02	1.74318422E+02	7.92183482E+01	7.76690700E+01
8.31550595E+04	1.49384649E+04	1.42974503E+04	1.23699474E+04	3.66487753E+03	3.38030856E+03	2.94744696E+03	2.48176812E+03	2.39022813E+03	9.04950470E+02	7.83816312E+02	6.76605723E+02	4.78250731E+02	4.56597512E+02	2.17439357E+02	1.74722652E+02	1.50801736E+02	1.98161445E+02	1.93438664E+02	9.41814824E+01	9.67827062E+01
8.31763797E+04	1.49596895E+04	1.43186765E+04	1.23913295E+04	3.68581734E+03	3.40127577E+03	2.96850058E+03	2.50250887E+03	2.41139020E+03	9.25444191E+02	8.04276735E+02	6.97365077E+02	4.98256166E+02	4.77595937E+02	2.35527394E+02	1.99138457E+02	1.69057733E+02	2.19074658E+02	2.14333942E+02	1.18188057E+02	1.14957061E+02
8.31978812E+04	1.49818224E+04	1.43407663E+04	1.24134460E+04	3.70748077E+03	3.42290433E+03	2.99017484E+03	2.52469733E+03	2.43318638E+03	9.47048278E+02	8.25922100E+02	7.18827470E+02	5.20175488E+02	4.98991990E+02	2.56631655E+02	2.11891384E+02	1.89754549E+02	2.41058078E+02	2.35632076E+02	1.33713674E+02
8.32214592E+04	1.50051649E+04	1.43639983E+04	1.24368699E+04	3.73036440E+03	3.44580187E+03	3.01291811E+03	2.54712089E+03	2.45600604E+03	9.69354529E+02	8.48002761E+02	7.40835972E+02	5.41575681E+02	5.20855565E+02	2.77174584E+02	2.36886286E+02	2.09106837E+02	2.62810228E+02	2.57349014E+02	1.52494986E+02
8.32457113E+04	1.50295646E+04	1.43882016E+04	1.24612533E+04	3.75418438E+03	3.46955780E+03	3.03676324E+03	2.57085392E+03	2.48002009E+03	9.92719795E+02	8.71008390E+02	7.64111328E+02	5.64451388E+02	5.44209972E+02	2.98937371E+02	2.55797518E+02	2.29242529E+02	2.84999754E+02	2.80675592E+02	1.72689020E+02
8.32710050E+04	1.50549278E+04	1.44135058E+04	1.24863564E+04	3.77888469E+03	3.49426332E+03	3.06090171E+03	2.59556118E+03	2.50433455E+03	1.01689540E+03	8.95001302E+02	7.87171242E+02	5.88311741E+02	5.67247009E+02	3.21276216E+02	2.74634554E+02	2.49534433E+02	3.08720940E+02	3.03682010E+02	1.91854161E+02
8.32972244E+04	1.50812000E+04	1.44398768E+04	1.25129630E+04	3.80442503E+03	3.51987276E+03	3.08711936E+03	2.62142237E+03	2.53055782E+03	1.04188759E+03	9.19989903E+02	8.13471981E+02	6.13545744E+02	5.93512816E+02	3.44459211E+02	2.97306918E+02	2.74279277E+02	3.34055485E+02	3.29744857E+02
8.33399149E+04	1.51254176E+04	1.44838874E+04	1.25567031E+04	3.84936785E+03	3.56548248E+03	3.13117846E+03	2.66506997E+03	2.57180026E+03	1.08214926E+03	9.61156968E+02	8.51259908E+02	6.48609751E+02	6.24059843E+02	3.73637350E+02	3.25689553E+02	3.00613089E+02	3.71463125E+02	3.67426045E+02
8.33842610E+04	1.51713622E+04	1.45295978E+04	1.26026509E+04	3.89601966E+03	3.61302343E+03	3.17674300E+03	2.71276685E+03	2.61673501E+03	1.12362925E+03	1.00393787E+03	8.90220896E+02	6.90314718E+02	6.60847402E+02	4.03564335E+02	3.54880211E+02	3.28487857E+02	4.11172964E+02	4.07366558E+02
8.34302571E+04	1.52190343E+04	1.45770016E+04	1.26503934E+04	3.94436468E+03	3.66226427E+03	3.22382267E+03	2.76299036E+03	2.66411084E+03	1.16632592E+03	1.04793110E+03	9.30552530E+02	7.29531242E+02	7.00496624E+02	4.34234453E+02	3.84832990E+02	3.57177168E+02	4.54906103E+02	4.51237754E+02
8.34778433E+04	1.52683753E+04	1.46260413E+04	1.26993925E+04	3.99442344E+03	3.71314852E+03	3.27277727E+03	2.81391809E+03	2.71320839E+03	1.21029581E+03	1.09312490E+03	9.72482001E+02	7.69544806E+02	7.41792218E+02	4.65658057E+02	4.15551351E+02	3.85986028E+02	5.00367961E+02	4.97219454E+02
8.35270967E+04	1.53194618E+04	1.46767951E+04	1.27501950E+04	4.04606755E+03	3.76549820E+03	3.32380799E+03	2.86548088E+03	2.76435667E+03	1.25524844E+03	1.13897501E+03	1.01602167E+03	8.12886612E+02	7.84694351E+02	4.97749438E+02	4.47001918E+02	4.15600033E+02	5.41765689E+02	5.43632840E+02
8.35780775E+04	1.53723497E+04	1.47293188E+04	1.28030082E+04	4.09923414E+03	3.81898323E+03	3.37729928E+03	2.91777296E+03	2.81827875E+03	1.30108098E+03	1.18521512E+03	1.06143058E+03	8.51077546E+02	8.29930777E+02	5.30461917E+02	4.78935460E+02	4.46230638E+02	5.97800853E+02	5.86232215E+02
8.36307957E+04	1.54270463E+04	1.47835125E+04	1.28580135E+04	4.15398952E+03	3.87353758E+03	3.43373483E+03	2.97085036E+03	2.87585163E+03	1.34787145E+03	1.23171131E+03	1.10908334E+03	9.05743662E+02	8.78299423E+02	5.63821578E+02	5.11265979E+02	4.78151594E+02	6.45327457E+02	6.43546372E+02
8.36837368E+04	1.54822981E+04	1.48381886E+04	1.29131017E+04	4.21284227E+03	3.93344218E+03	3.49331087E+03	3.03023709E+03	2.93453041E+03	1.40037763E+03	1.28496524E+03	1.16107856E+03	9.45881756E+02	9.28711161E+02	5.99294215E+02	5.45717692E+02	5.11214563E+02	6.93630642E+02
8.37394755E+04	1.55403221E+04	1.48956836E+04	1.29704723E+04	4.27160191E+03	3.99071271E+03	3.55043588E+03	3.08803526E+03	2.99186879E+03	1.45102049E+03	1.33320376E+03	1.20854783E+03	9.95672385E+02	9.75440060E+02	6.33900421E+02	5.79318384E+02	5.43190162E+02	7.41751223E+02
8.37966554E+04	1.55997889E+04	1.49546583E+04	1.30301233E+04	4.33256064E+03	4.05002034E+03	3.61124585E+03	3.14724541E+03	3.05274014E+03	1.50341897E+03	1.38290392E+03	1.25919716E+03	1.04881632E+03	1.02573148E+03	6.69654791E+02	6.13821737E+02	5.77015650E+02	7.94276611E+02
8.38552889E+04	1.56607132E+04	1.50151402E+04	1.30908535E+04	4.39529706E+03	4.11120140E+03	3.67275132E+03	3.20781235E+03	3.11581827E+03	1.55714244E+03	1.43396609E+03	1.30975812E+03	1.10100228E+03	1.07725390E+03	7.06162999E+02	6.49141098E+02	6.11008812E+02	8.49111405E+02
8.39155315E+04	1.57233081E+04	1.50772728E+04	1.31531135E+04	4.45952221E+03	4.17429604E+03	3.73450421E+03	3.27081440E+03	3.17746551E+03	1.61171642E+03	1.48649403E+03	1.36044419E+03	1.15392876E+03	1.12676629E+03	7.43273300E+02	6.85253281E+02	6.44995516E+02	9.01680197E+02
8.39773344E+04	1.57875430E+04	1.51410247E+04	1.32170719E+04	4.52515284E+03	4.23955374E+03	3.79941969E+03	3.33623058E+03	3.23999224E+03	1.66709003E+03	1.54096989E+03	1.41376006E+03	1.20829499E+03	1.17695982E+03	7.80961504E+02	7.22161231E+02	6.80230813E+02	9.53392976E+02
8.40406629E+04	1.58533614E+04	1.52063479E+04	1.32834540E+04	4.59248920E+03	4.30704035E+03	3.87120832E+03	3.40533133E+03	3.31431961E+03	1.72369993E+03	1.59748352E+03	1.47344019E+03	1.26497074E+03	1.24025375E+03	8.19341216E+02	7.59835098E+02	7.18497126E+02
8.40834439E+04	1.58946343E+04	1.52481928E+04	1.33238954E+04	4.63153722E+03	4.34648840E+03	3.90932002E+03	3.44427038E+03	3.35357529E+03	1.75939562E+03	1.63376970E+03	1.50745101E+03	1.29981614E+03	1.27570072E+03	8.44205781E+02	7.88307514E+02	7.47536133E+02
8.41271783E+04	1.59366432E+04	1.52907170E+04	1.33659721E+04	4.67131579E+03	4.38664647E+03	3.94888675E+03	3.48495543E+03	3.39356375E+03	1.79590150E+03	1.67082743E+03	1.54342255E+03	1.33700330E+03	1.31202890E+03	8.71200912E+02	8.18647261E+02	7.79698290E+02
8.41719285E+04	1.59794024E+04	1.53338977E+04	1.34087412E+04	4.71185027E+03	4.42742291E+03	3.98916541E+03	3.52473779E+03	3.43400287E+03	1.83327591E+03	1.70848216E+03	1.58032331E+03	1.37247124E+03	1.34851028E+03	9.00620241E+02	8.49911217E+02	8.09610481E+02
8.42176798E+04	1.60229267E+04	1.53777406E+04	1.34526964E+04	4.75320641E+03	4.46891129E+03	4.03073779E+03	3.56762713E+03	3.47593299E+03	1.87166295E+03	1.74690396E+03	1.61873373E+03	1.41291542E+03	1.38711143E+03	9.33442465E+02	8.82658135E+02
8.42665142E+04	1.60687914E+04	1.54225616E+04	1.34987131E+04	4.79621436E+03	4.51069564E+03	4.07376668E+03	3.61075082E+03	3.51940800E+03	1.91068999E+03	1.78365761E+03	1.65762226E+03	1.45148064E+03	1.42621555E+03	9.61424374E+02	9.16423400E+02
8.43166772E+04	1.61154114E+04	1.54699860E+04	1.35455121E+04	4.84032855E+03	4.55510720E+03	4.11783121E+03	3.65522826E+03	3.56375953E+03	1.95133923E+03	1.82432396E+03	1.69801360E+03	1.49189432E+03	1.46654408E+03	9.95986912E+02
8.43650640E+04	1.61612340E+04	1.55171506E+04	1.35922793E+04	4.88341476E+03	4.59942653E+03	4.16184674E+03	3.69996427E+03	3.60837082E+03	1.98954383E+03	1.86436368E+03	1.73752738E+03	1.53202406E+03	1.50649775E+03	1.03115951E+03
8.44159501E+04	1.62090945E+04	1.55652463E+04	1.36402055E+04	4.92882524E+03	4.64499273E+03	4.20713981E+03	3.74563510E+03	3.65398669E+03	2.03136620E+03	1.90620859E+03	1.77888833E+03	1.57350054E+03	1.54785057E+03
8.44925918E+04	1.62839298E+04	1.56419450E+04	1.37129536E+04	4.99795487E+03	4.71504555E+03	4.27484410E+03	3.81431680E+03	3.71686292E+03	2.08494121E+03	1.96264154E+03	1.82311066E+03	1.62676007E+03	1.60197316E+03
8.45705361E+04	1.63601974E+04	1.57200156E+04	1.37884607E+04	5.06809831E+03	4.78616591E+03	4.34494742E+03	3.88749844E+03	3.78830583E+03	2.13971148E+03	2.02134305E+03	1.87337264E+03	1.68428583E+03	1.65965830E+03
8.46497478E+04	1.64380462E+04	1.57993094E+04	1.38662561E+04	5.13931921E+03	4.85825883E+03	4.41515756E+03	3.96274911E+03	3.86017310E+03	2.19605628E+03	2.08150068E+03	1.92779462E+03	1.74395910E+03	1.72087187E+03
8.47302945E+04	1.65174793E+04	1.58798487E+04	1.39459283E+04	5.21162258E+03	4.93134284E+03	4.48630947E+03	4.03570373E+03	3.93259692E+03	2.25379038E+03	2.14290143E+03	1.98453269E+03	1.80062083E+03	1.77966160E+03
8.48121480E+04	1.65986155E+04	1.59616027E+04	1.40275889E+04	5.28505116E+03	5.00536870E+03	4.55939191E+03	4.11181324E+03	4.00667901E+03	2.31323479E+03	2.20501379E+03	2.04334366E+03	1.86087543E+03	1.83754250E+03
8.48951908E+04	1.66820980E+04	1.60448984E+04	1.41120177E+04	5.35990608E+03	5.08049729E+03	4.63501902E+03	4.19441352E+03	4.08516895E+03	2.37645384E+03	2.27013885E+03	2.10647844E+03	1.92728494E+03
8.49809081E+04	1.67656199E+04	1.61272246E+04	1.41957814E+04	5.43517706E+03	5.15580739E+03	4.70806497E+03	4.25701518E+03	4.15963257E+03	2.43486695E+03	2.31743600E+03	2.16379435E+03	1.98693555E+03
8.50680611E+04	1.68514445E+04	1.62120287E+04	1.42830021E+04	5.51197503E+03	5.23261137E+03	4.78536257E+03	4.33431741E+03	4.23883309E+03	2.49681756E+03	2.37015665E+03	2.22425978E+03	2.05178186E+03
8.51567208E+04	1.69386776E+04	1.62993885E+04	1.43682067E+04	5.58981275E+03	5.31096876E+03	4.85924041E+03	4.41277293E+03	4.31552406E+03	2.56009265E+03	2.42892378E+03	2.28168131E+03	2.11205286E+03
8.52467330E+04	1.70274740E+04	1.63893862E+04	1.44599341E+04	5.66879966E+03	5.39088188E+03	4.94294335E+03	4.49501796E+03	4.40046415E+03	2.62554866E+03	2.49457652E+03	2.35205597E+03
8.53384174E+04	1.71126739E+04	1.64768413E+04	1.45422176E+04	5.74377396E+03	5.46767167E+03	5.01368128E+03	4.57049756E+03	4.47684620E+03	2.67576770E+03	2.55310794E+03	2.41144999E+03
8.54320788E+04	1.71991507E+04	1.65653447E+04	1.46290520E+04	5.82020569E+03	5.54580512E+03	5.08963978E+03	4.65012932E+03	4.55430320E+03	2.73059930E+03	2.61493020E+03	2.47678617E+03
8.55279616E+04	1.72869533E+04	1.66548279E+04	1.47169192E+04	5.89817922E+03	5.62495271E+03	5.16665560E+03	4.72643534E+03	4.63234212E+03	2.79051774E+03	2.67852518E+03	2.53736457E+03
8.56258103E+04	1.73761055E+04	1.67453460E+04	1.48076228E+04	5.97782763E+03	5.70543343E+03	5.24698212E+03	4.81156950E+03	4.71434089E+03	2.85640690E+03	2.74506714E+03
8.57310551E+04	1.74700313E+04	1.68358739E+04	1.49021830E+04	6.05939303E+03	5.78172850E+03	5.32869608E+03	4.89413910E+03	4.79816076E+03	2.91168867E+03	2.81402373E+03
8.58393228E+04	1.75652099E+04	1.69340556E+04	1.49980568E+04	6.14379431E+03	5.86735566E+03	5.41291366E+03	4.98039512E+03	4.88381803E+03	2.98076077E+03
8.59381065E+04	1.76543282E+04	1.70279475E+04	1.50904482E+04	6.22048864E+03	5.94919191E+03	5.49342363E+03	5.06411875E+03	4.96703346E+03	3.04998052E+03
8.60439429E+04	1.77491553E+04	1.71237761E+04	1.51855300E+04	6.30502777E+03	6.03446533E+03	5.57753687E+03	5.15002053E+03	5.05267687E+03
8.62227260E+04	1.79178064E+04	1.73007193E+04	1.53452187E+04	6.43091891E+03	6.16924977E+03	5.68779016E+03	5.28393151E+03	5.18815931E+03
8.64042585E+04	1.80899107E+04	1.74806634E+04	1.55141530E+04	6.55960660E+03	6.30786671E+03	5.80941821E+03	5.42929577E+03	5.33276923E+03
8.65885106E+04	1.82660383E+04	1.76631570E+04	1.56899572E+04	6.69174859E+03	6.44907736E+03	5.93860699E+03	5.58069887E+03	5.48704225E+03
8.67755479E+04	1.84462193E+04	1.78482492E+04	1.58707847E+04	6.82723708E+03	6.59276450E+03	6.07230318E+03	5.72233231E+03	5.63434852E+03
8.69653623E+04	1.86307974E+04	1.80358818E+04	1.60570516E+04	6.96643924E+03	6.73856490E+03	6.21055738E+03	5.87272283E+03	5.77790292E+03
8.71578251E+04	1.88211307E+04	1.82268326E+04	1.62518806E+04	7.11098803E+03	6.88835436E+03	6.35724734E+03	6.03936231E+03
8.73571430E+04	1.90089470E+04	1.84097537E+04	1.64400688E+04	7.24651919E+03	7.00911450E+03	6.49175528E+03	6.18948076E+03
8.75598580E+04	1.92028375E+04	1.86003221E+04	1.66395308E+04	7.38879429E+03	7.14123362E+03	6.63427452E+03	6.35425307E+03
8.77660870E+04	1.94000434E+04	1.87987719E+04	1.68298750E+04	7.53406813E+03	7.28492246E+03	6.76884109E+03	6.50658910E+03
8.79758609E+04	1.96014574E+04	1.90053979E+04	1.70432261E+04	7.68381402E+03	7.44058655E+03	6.93076529E+03
8.81804132E+04	1.97782880E+04	1.91917111E+04	1.72076319E+04	7.79471117E+03	7.57308481E+03	7.06344628E+03
8.83901471E+04	1.99581378E+04	1.93801773E+04	1.73894125E+04	7.91590198E+03	7.71197868E+03	7.20885148E+03
8.86053712E+04	2.01411109E+04	1.95705124E+04	1.75730566E+04	8.04810814E+03	7.85465463E+03	7.34371362E+03
8.88261750E+04	2.03273612E+04	1.97629403E+04	1.77652826E+04	8.19231290E+03	8.00356721E+03
8.90681531E+04	2.05237516E+04	1.99447226E+04	1.79646523E+04	8.31469181E+03	8.16049941E+03
8.93190114E+04	2.07232516E+04	2.01563780E+04	1.81671854E+04	8.46595435E+03
8.95298273E+04	2.08942894E+04	2.03470438E+04	1.83519142E+04	8.61418872E+03
8.97636325E+04	2.10862810E+04	2.05434747E+04	1.85451586E+04
9.02474982E+04	2.13819061E+04	2.09202305E+04	1.89064661E+04
9.07485617E+04	2.17030275E+04	2.13096522E+04	1.93062895E+04
9.12678500E+04	2.20509751E+04	2.17075533E+04	1.96744760E+04
9.18057691E+04	2.24272296E+04	2.21178121E+04
9.24202008E+04	2.27669241E+04	2.25806000E+04
9.30705194E+04	2.31644523E+04
9.35389017E+04	2.35409978E+04
9.41023561E+04
9.58860419E+04
