8.54850969E+04	1.53465546E+04	1.46917380E+04	1.26483351E+04	3.71334327E+03	3.42217480E+03	2.96199238E+03	2.48684263E+03	2.39050852E+03	8.57168719E+02	7.32054429E+02	6.18295869E+02	4.13933770E+02	3.92569021E+02	1.45391157E+02	1.02050437E+02	8.08045496E+01	1.25781022E+02	1.21115026E+02	2.02040833E+01	1.74895035E+01	1.06598704E+01	6.12191764E+00
8.54939696E+04	1.53553236E+04	1.47004961E+04	1.26570816E+04	3.72204297E+03	3.43087329E+03	2.97070338E+03	2.49552487E+03	2.39919757E+03	8.65845926E+02	7.40732976E+02	6.26966888E+02	4.22610588E+02	4.01248859E+02	1.54103007E+02	1.10758896E+02	8.95682176E+01	1.34454148E+02	1.29795009E+02	2.87571365E+01	2.62721473E+01	1.88022791E+01
8.55050854E+04	1.53663553E+04	1.47115752E+04	1.26681471E+04	3.73305747E+03	3.44194869E+03	2.98177634E+03	2.50660226E+03	2.41027508E+03	8.76750696E+02	7.51759228E+02	6.37977160E+02	4.33662111E+02	4.12298177E+02	1.64668893E+02	1.21618981E+02	1.00321937E+02	1.45513892E+02	1.40854161E+02	3.91682839E+01	3.66184924E+01	2.86532584E+01
8.55173348E+04	1.53784241E+04	1.47236380E+04	1.26802026E+04	3.74507699E+03	3.45396887E+03	2.99379321E+03	2.51861721E+03	2.42228767E+03	8.88750478E+02	7.63762943E+02	6.49969126E+02	4.45661986E+02	4.24297418E+02	1.76640339E+02	1.33599025E+02	1.12269526E+02	1.57496489E+02	1.52836442E+02	5.09178014E+01	4.83472812E+01
8.55351506E+04	1.53964020E+04	1.47417676E+04	1.26980173E+04	3.76305909E+03	3.47199673E+03	3.01162753E+03	2.53642506E+03	2.43968786E+03	9.06474072E+02	7.81603810E+02	6.67459299E+02	4.62927940E+02	4.40724663E+02	1.92889051E+02	1.50018687E+02	1.25199206E+02	1.74673923E+02	1.69831475E+02	6.55076606E+01	6.31194963E+01
8.55546083E+04	1.54157063E+04	1.47611924E+04	1.27171893E+04	3.78218312E+03	3.49117942E+03	3.03084271E+03	2.55580297E+03	2.45893146E+03	9.25291601E+02	8.00586278E+02	6.86356266E+02	4.82164609E+02	4.59696407E+02	2.09993052E+02	1.68587633E+02	1.40294706E+02	1.93546560E+02	1.88730658E+02	8.19794447E+01	7.96916824E+01
8.55749776E+04	1.54360806E+04	1.47816959E+04	1.27375361E+04	3.80236628E+03	3.51142372E+03	3.05090865E+03	2.57615077E+03	2.47903686E+03	9.45124112E+02	8.20574682E+02	7.05935339E+02	5.02308431E+02	4.79445424E+02	2.27942115E+02	1.87638021E+02	1.57231825E+02	2.13211811E+02	2.08363633E+02	9.94127290E+01	9.75578199E+01
8.55964425E+04	1.54575459E+04	1.48032786E+04	1.27590481E+04	3.82745343E+03	3.53270906E+03	3.07204403E+03	2.59736022E+03	2.50020640E+03	9.65919916E+02	8.41507747E+02	7.26587856E+02	5.23087707E+02	4.99861098E+02	2.46502717E+02	2.01355838E+02	1.75450396E+02	2.33883605E+02	2.28724454E+02	1.19342272E+02	1.15165544E+02
8.56190885E+04	1.54801134E+04	1.48258589E+04	1.27817830E+04	3.84582402E+03	3.55498320E+03	3.09439947E+03	2.61941683E+03	2.52267907E+03	9.87640825E+02	8.63206388E+02	7.48563952E+02	5.44324498E+02	5.22059464E+02	2.65570992E+02	2.27318219E+02	1.94668359E+02	2.55492819E+02	2.50843304E+02	1.37018287E+02	1.35194608E+02
8.56421437E+04	1.55036772E+04	1.48493363E+04	1.28053079E+04	3.86879238E+03	3.57790797E+03	3.11738151E+03	2.64294143E+03	2.54580238E+03	1.01048761E+03	8.86062530E+02	7.71261635E+02	5.67652008E+02	5.44699367E+02	2.87793135E+02	2.40604057E+02	2.16436281E+02	2.79416918E+02	2.73377143E+02	1.56969573E+02
8.56668306E+04	1.55282802E+04	1.48738427E+04	1.28300200E+04	3.89292566E+03	3.60205763E+03	3.14134900E+03	2.66656492E+03	2.56985798E+03	1.03394310E+03	9.09276333E+02	7.94376094E+02	5.89919316E+02	5.67655031E+02	3.09195516E+02	2.67298484E+02	2.36620699E+02	3.02166923E+02	2.96193626E+02	1.76635699E+02
8.56924433E+04	1.55540054E+04	1.48993591E+04	1.28557526E+04	3.91798439E+03	3.62705380E+03	3.16646040E+03	2.69154288E+03	2.59515760E+03	1.05845396E+03	9.33403980E+02	8.18825243E+02	6.13895344E+02	5.92162428E+02	3.31872258E+02	2.86539623E+02	2.57647281E+02	3.25453431E+02	3.20677828E+02	1.97803384E+02
8.57189940E+04	1.55806261E+04	1.49259234E+04	1.28820865E+04	3.94389095E+03	3.65296747E+03	3.19174696E+03	2.71745228E+03	2.62064203E+03	1.08374725E+03	9.58507639E+02	8.42906571E+02	6.38842020E+02	6.16260675E+02	3.55111831E+02	3.06322564E+02	2.78716747E+02	3.50253157E+02	3.44764536E+02	2.17829084E+02
8.57465148E+04	1.56081883E+04	1.49535971E+04	1.29100090E+04	3.97063222E+03	3.67978781E+03	3.21921639E+03	2.74454548E+03	2.64812204E+03	1.10984289E+03	9.84599841E+02	8.70382764E+02	6.65176955E+02	6.43682804E+02	3.79206201E+02	3.29908187E+02	3.04431843E+02	3.76688434E+02	3.71968078E+02
8.57910612E+04	1.56543151E+04	1.49995125E+04	1.29556489E+04	4.01746527E+03	3.72732100E+03	3.26514370E+03	2.79005665E+03	2.69110725E+03	1.15162056E+03	1.02731346E+03	9.09584532E+02	7.01924003E+02	6.75501666E+02	4.09426621E+02	3.59353503E+02	3.31732322E+02	4.15621368E+02	4.11191907E+02
8.58372603E+04	1.57021645E+04	1.50471152E+04	1.30035035E+04	4.06597626E+03	3.77676182E+03	3.31247074E+03	2.83971473E+03	2.73782209E+03	1.19458678E+03	1.07162275E+03	9.49933784E+02	7.45054880E+02	7.13652917E+02	4.40382479E+02	3.89594597E+02	3.60588446E+02	4.56870728E+02	4.52683574E+02
8.58850884E+04	1.57517114E+04	1.50963882E+04	1.30531287E+04	4.11616392E+03	3.82788272E+03	3.36133835E+03	2.89190545E+03	2.78700797E+03	1.23875560E+03	1.11713115E+03	9.91641536E+02	7.85123089E+02	7.54682597E+02	4.72071390E+02	4.20586668E+02	3.90273927E+02	5.02209078E+02	4.98158934E+02
8.59344764E+04	1.58029080E+04	1.51472734E+04	1.31039775E+04	4.16805676E+03	3.88063403E+03	3.41207884E+03	2.94481121E+03	2.83791572E+03	1.28418851E+03	1.16383585E+03	1.03493845E+03	8.26410919E+02	7.97352079E+02	5.04507934E+02	4.52333053E+02	4.20029103E+02	5.49299364E+02	5.45800695E+02
8.59855227E+04	1.58558366E+04	1.51998639E+04	1.31566246E+04	4.22151116E+03	3.93484067E+03	3.46488458E+03	2.99814759E+03	2.89086051E+03	1.33058748E+03	1.21119617E+03	1.07983314E+03	8.64779123E+02	8.41620435E+02	5.37604495E+02	4.84790021E+02	4.50581490E+02	5.94488531E+02	5.91939788E+02
8.60382951E+04	1.59105591E+04	1.52542076E+04	1.32112704E+04	4.27646738E+03	3.99015335E+03	3.52015061E+03	3.05217254E+03	2.94658743E+03	1.37783108E+03	1.25886041E+03	1.12658372E+03	9.14673648E+02	8.88217629E+02	5.71310494E+02	5.17779282E+02	4.82146530E+02	6.37953522E+02	6.45145245E+02
8.60928020E+04	1.59670859E+04	1.53102167E+04	1.32681233E+04	4.33298244E+03	4.04647440E+03	3.57837038E+03	3.10690879E+03	3.00599433E+03	1.42600152E+03	1.30671316E+03	1.17557767E+03	9.68660696E+02	9.37963397E+02	6.05650576E+02	5.51111216E+02	5.15004877E+02	6.98685708E+02	6.96675363E+02
8.61474894E+04	1.60241298E+04	1.53666632E+04	1.33250181E+04	4.39378929E+03	4.10841001E+03	3.63984348E+03	3.16843432E+03	3.06656912E+03	1.48015130E+03	1.36176528E+03	1.22907017E+03	1.00806330E+03	9.89933084E+02	6.42172356E+02	5.86587641E+02	5.49042417E+02	7.48727818E+02
8.62050060E+04	1.60839927E+04	1.54259733E+04	1.33841939E+04	4.45423518E+03	4.16723818E+03	3.69863231E+03	3.22783260E+03	3.12561221E+03	1.53204714E+03	1.41113832E+03	1.27775435E+03	1.05923163E+03	1.03792721E+03	6.77705458E+02	6.21150262E+02	5.81878965E+02	7.98228947E+02
8.62639637E+04	1.61452743E+04	1.54867694E+04	1.34456950E+04	4.51693381E+03	4.22820381E+03	3.76118702E+03	3.28854199E+03	3.18824868E+03	1.58577228E+03	1.46204227E+03	1.32966242E+03	1.11089502E+03	1.08946324E+03	7.14411850E+02	6.56629007E+02	6.16631152E+02	8.52228477E+02
8.63243807E+04	1.62080141E+04	1.55490564E+04	1.35082449E+04	4.58143080E+03	4.29109467E+03	3.82447982E+03	3.35081779E+03	3.25317922E+03	1.64085866E+03	1.51440911E+03	1.38154893E+03	1.16742567E+03	1.14238039E+03	7.51882771E+02	6.92923578E+02	6.51564422E+02	9.08650307E+02
8.63863573E+04	1.62724134E+04	1.56129860E+04	1.35723104E+04	4.64740240E+03	4.35592473E+03	3.88789237E+03	3.41555465E+03	3.31656630E+03	1.69678616E+03	1.56829738E+03	1.43345611E+03	1.22192610E+03	1.19316571E+03	7.89953459E+02	7.30015501E+02	6.86428281E+02	9.62687309E+02
8.64499309E+04	1.63384525E+04	1.56785313E+04	1.36380904E+04	4.71477209E+03	4.42293485E+03	3.95450952E+03	3.48272890E+03	3.38073590E+03	1.75351037E+03	1.62415582E+03	1.48802224E+03	1.27774684E+03	1.24454269E+03	8.28599175E+02	7.67903844E+02	7.22547373E+02	1.01578643E+03
8.65150159E+04	1.64060625E+04	1.57456367E+04	1.37062849E+04	4.78385326E+03	4.49218572E+03	4.02814936E+03	3.55364722E+03	3.45701031E+03	1.81148541E+03	1.68206531E+03	1.54908166E+03	1.33582886E+03	1.30933586E+03	8.67939844E+02	8.06561754E+02	7.61765288E+02
8.65589517E+04	1.64484167E+04	1.57885911E+04	1.37477710E+04	4.82387666E+03	4.53262807E+03	4.06720423E+03	3.59356450E+03	3.49725049E+03	1.84802958E+03	1.71922261E+03	1.58389527E+03	1.37151303E+03	1.34563752E+03	8.93407351E+02	8.35731964E+02	7.91495709E+02
8.66038505E+04	1.64915080E+04	1.58322211E+04	1.37909287E+04	4.86463284E+03	4.57377863E+03	4.10774313E+03	3.63525597E+03	3.53822342E+03	1.88539638E+03	1.75715730E+03	1.62071886E+03	1.40958272E+03	1.38282315E+03	9.21072745E+02	8.66791453E+02	8.24411721E+02
8.66497605E+04	1.65353476E+04	1.58765016E+04	1.38347724E+04	4.90615336E+03	4.61555103E+03	4.14898562E+03	3.67600081E+03	3.57963960E+03	1.92364384E+03	1.79569162E+03	1.65845450E+03	1.44587516E+03	1.42014936E+03	9.51235324E+02	8.98788321E+02	8.54998349E+02
8.66966940E+04	1.65799612E+04	1.59214467E+04	1.38798285E+04	4.94849559E+03	4.65803391E+03	4.19154666E+03	3.71993641E+03	3.62257437E+03	1.96290867E+03	1.83499543E+03	1.69774137E+03	1.48726976E+03	1.45964118E+03	9.84811925E+02	9.32299313E+02
8.67466933E+04	1.66269977E+04	1.59674214E+04	1.39270379E+04	4.99256410E+03	4.70084653E+03	4.23563474E+03	3.76411543E+03	3.66712550E+03	2.00285429E+03	1.87262218E+03	1.73754152E+03	1.52673867E+03	1.49967067E+03	1.01336104E+03	9.66882993E+02
8.67982287E+04	1.66748050E+04	1.60160758E+04	1.39750196E+04	5.03775380E+03	4.74635185E+03	4.28076319E+03	3.80968220E+03	3.71255402E+03	2.04445363E+03	1.91424875E+03	1.77885432E+03	1.56809582E+03	1.54093109E+03	1.04872115E+03
8.68479828E+04	1.67217507E+04	1.60643995E+04	1.40229141E+04	5.08184237E+03	4.79171139E+03	4.32579592E+03	3.85546464E+03	3.75820326E+03	2.08350885E+03	1.95519280E+03	1.81924116E+03	1.60913057E+03	1.58178011E+03	1.08468240E+03
8.69001607E+04	1.67707755E+04	1.61136585E+04	1.40719891E+04	5.12830317E+03	4.83833468E+03	4.37212652E+03	3.90219050E+03	3.80487022E+03	2.12625978E+03	1.99797260E+03	1.86150911E+03	1.65153082E+03	1.62405007E+03
8.69785343E+04	1.68472712E+04	1.61920833E+04	1.41463423E+04	5.19891416E+03	4.90990305E+03	4.44126618E+03	3.97233387E+03	3.86908496E+03	2.18094882E+03	2.05558936E+03	1.90665497E+03	1.70591467E+03	1.67931442E+03
8.70582122E+04	1.69252203E+04	1.62718794E+04	1.42235087E+04	5.27054404E+03	4.98254099E+03	4.51281359E+03	4.04704189E+03	3.94202338E+03	2.23686406E+03	2.11546722E+03	1.95797313E+03	1.76463596E+03	1.73817775E+03
8.71391724E+04	1.70047715E+04	1.63529024E+04	1.43029922E+04	5.34325741E+03	5.05615129E+03	4.58448674E+03	4.12385146E+03	4.01540512E+03	2.29438971E+03	2.17679667E+03	2.01350782E+03	1.82556027E+03	1.80065368E+03
8.72214580E+04	1.70859238E+04	1.64351727E+04	1.43843664E+04	5.41705887E+03	5.13075330E+03	4.65708141E+03	4.19823907E+03	4.08931248E+03	2.35335710E+03	2.23939093E+03	2.07138461E+03	1.88333968E+03	1.86062377E+03
8.73050565E+04	1.71687980E+04	1.65186635E+04	1.44677466E+04	5.49199235E+03	5.20630159E+03	4.73162104E+03	4.27583731E+03	4.16483973E+03	2.41409168E+03	2.30277891E+03	2.13136483E+03	1.94476132E+03	1.91958631E+03
8.73898552E+04	1.72539900E+04	1.66036728E+04	1.45539290E+04	5.56833536E+03	5.28294390E+03	4.80875431E+03	4.35990932E+03	4.24496303E+03	2.47848172E+03	2.36902555E+03	2.19567547E+03	2.01252356E+03
8.74773988E+04	1.73392883E+04	1.66877591E+04	1.46394381E+04	5.64513613E+03	5.35978617E+03	4.88322755E+03	4.42414727E+03	4.32089964E+03	2.53798537E+03	2.41736762E+03	2.25406715E+03	2.07333508E+03
8.75663917E+04	1.74268814E+04	1.67743479E+04	1.47284871E+04	5.72346081E+03	5.43813916E+03	4.96205484E+03	4.50300513E+03	4.40168118E+03	2.60108210E+03	2.47126833E+03	2.31566105E+03	2.13947470E+03
8.76569078E+04	1.75158911E+04	1.68635201E+04	1.48154283E+04	5.80282950E+03	5.51805932E+03	5.03736008E+03	4.58298482E+03	4.47988820E+03	2.66554828E+03	2.53130702E+03	2.37413925E+03	2.20093062E+03
8.77489398E+04	1.76064954E+04	1.69553561E+04	1.49089786E+04	5.88335880E+03	5.59954814E+03	5.12266213E+03	4.66683869E+03	4.56644234E+03	2.73225888E+03	2.59824664E+03	2.44581207E+03
8.78424284E+04	1.76933335E+04	1.70445269E+04	1.49928081E+04	5.95970764E+03	5.67776928E+03	5.19467688E+03	4.74371081E+03	4.64422725E+03	2.78342258E+03	2.65788954E+03	2.50627890E+03
8.79379182E+04	1.77814568E+04	1.71347358E+04	1.50812740E+04	6.03753541E+03	5.75734120E+03	5.27201435E+03	4.82479907E+03	4.72308037E+03	2.83930119E+03	2.72086241E+03	2.57278434E+03
8.80355046E+04	1.78708939E+04	1.72259231E+04	1.51707745E+04	6.11692126E+03	5.83793396E+03	5.35038930E+03	4.90248474E+03	4.80251578E+03	2.90036549E+03	2.78562880E+03	2.63442565E+03
8.81352390E+04	1.79617132E+04	1.73181400E+04	1.52631626E+04	6.19800201E+03	5.91986625E+03	5.43214268E+03	4.98915267E+03	4.88597962E+03	2.96745898E+03	2.85338713E+03
8.82427397E+04	1.80575580E+04	1.74104793E+04	1.53596095E+04	6.28114430E+03	5.99763583E+03	5.51540152E+03	5.07328766E+03	4.97139455E+03	3.02370123E+03	2.92368366E+03
8.83533957E+04	1.81546255E+04	1.75106690E+04	1.54573511E+04	6.36715332E+03	6.08492369E+03	5.60118075E+03	5.16117877E+03	5.05865058E+03	3.09406543E+03
8.84541399E+04	1.82454366E+04	1.76064066E+04	1.55514969E+04	6.44525451E+03	6.16829748E+03	5.68315461E+03	5.24644851E+03	5.14338533E+03	3.16455678E+03
8.85621473E+04	1.83420858E+04	1.77040782E+04	1.56483732E+04	6.53135252E+03	6.25515123E+03	5.76878639E+03	5.33391860E+03	5.23058361E+03
8.87439668E+04	1.85136153E+04	1.78840543E+04	1.58107259E+04	6.65942088E+03	6.39231945E+03	5.88089102E+03	5.47009919E+03	5.36832572E+03
8.89285454E+04	1.86886469E+04	1.80670286E+04	1.59824900E+04	6.79034401E+03	6.53332740E+03	6.00456888E+03	5.61790993E+03	5.51529479E+03
8.91158562E+04	1.88677469E+04	1.82525552E+04	1.61611964E+04	6.92477781E+03	6.67693314E+03	6.13588419E+03	5.77187717E+03	5.67211148E+03
8.93059701E+04	1.90509549E+04	1.84406841E+04	1.63449691E+04	7.06262532E+03	6.82302951E+03	6.27174453E+03	5.91579382E+03	5.82178460E+03
8.94988780E+04	1.92386020E+04	1.86313628E+04	1.65342406E+04	7.20423828E+03	6.97127625E+03	6.41221114E+03	6.06854483E+03	5.96753272E+03
8.96944580E+04	1.94319728E+04	1.88253286E+04	1.67321903E+04	7.35116252E+03	7.12348646E+03	6.56119744E+03	6.23785896E+03
8.98970932E+04	1.96229984E+04	1.90114611E+04	1.69234505E+04	7.48895614E+03	7.24640992E+03	6.69781132E+03	6.39038958E+03
9.01031761E+04	1.98200724E+04	1.92052987E+04	1.71262254E+04	7.63355203E+03	7.38086809E+03	6.84256488E+03	6.55786061E+03
9.03128045E+04	2.00204788E+04	1.94070764E+04	1.73196473E+04	7.78120647E+03	7.52705870E+03	6.97921792E+03	6.71265358E+03
9.05260429E+04	2.02251150E+04	1.96170843E+04	1.75362797E+04	7.93342781E+03	7.68536150E+03	7.14360478E+03
9.07338927E+04	2.04047789E+04	1.98064693E+04	1.77031887E+04	8.04612169E+03	7.82005810E+03	7.27831561E+03
9.09470171E+04	2.05875040E+04	1.99979846E+04	1.78877697E+04	8.16930129E+03	7.96121031E+03	7.42593256E+03
9.11656912E+04	2.07733849E+04	2.01913610E+04	1.80742201E+04	8.30367570E+03	8.10618211E+03	7.56281591E+03
9.13900097E+04	2.09625759E+04	2.03868061E+04	1.82694018E+04	8.45019466E+03	8.25746582E+03
9.16365894E+04	2.11625425E+04	2.05717950E+04	1.84722087E+04	8.57460064E+03	8.41715922E+03
9.18924559E+04	2.13655087E+04	2.07873107E+04	1.86781069E+04	8.72841440E+03
9.21069637E+04	2.15394045E+04	2.09813494E+04	1.88658902E+04	8.87912911E+03
9.23451101E+04	2.17347010E+04	2.11811486E+04	1.90623264E+04
9.28362218E+04	2.20350161E+04	2.15642311E+04	1.94288563E+04
9.33447533E+04	2.23612946E+04	2.19599559E+04	1.98345326E+04
9.38717413E+04	2.27148521E+04	2.23641800E+04	2.02079383E+04
9.44175607E+04	2.30971279E+04	2.27807577E+04
9.50439095E+04	2.34430736E+04	2.32524117E+04
9.57079768E+04	2.38474705E+04
9.61844732E+04	2.42306201E+04
9.67587260E+04
9.85780156E+04
