1.12511490E+05	2.10976198E+04	2.03014181E+04	1.67144376E+04	5.36840210E+03	5.00985562E+03	4.17663799E+03	3.60735198E+03	3.44017060E+03	1.39242429E+03	1.23150397E+03	1.01175959E+03	7.53163592E+02	7.12292778E+02	3.15190626E+02	2.51432591E+02	1.98636971E+02	3.68966554E+02	3.58529709E+02	1.00500418E+02	9.34109455E+01	5.19811737E+01	3.21260352E+01	2.11869133E+01	5.41997891E+00	0	5.74895273E+00	0	4.94907337E+00
1.12517995E+05	2.11041392E+04	2.03079246E+04	1.67209353E+04	5.37488383E+03	5.01635609E+03	4.18311327E+03	3.61383771E+03	3.44663161E+03	1.39882573E+03	1.23796776E+03	1.01818263E+03	7.59613818E+02	7.18718879E+02	3.21540552E+02	2.57899014E+02	2.05004022E+02	3.72264847E+02	3.64961480E+02	1.07253607E+02	9.97522158E+01	5.80271880E+01	3.84924461E+01	2.71684943E+01	1.19025711E+01	0	1.19235585E+01	0	1.12504594E+01
1.12525597E+05	2.11117117E+04	2.03154830E+04	1.67284892E+04	5.38240988E+03	5.02386081E+03	4.19063649E+03	3.62133811E+03	3.45414484E+03	1.40626953E+03	1.24539597E+03	1.02562717E+03	7.67053571E+02	7.26168190E+02	3.28989904E+02	2.65278510E+02	2.12398692E+02	3.82863525E+02	3.72414532E+02	1.14460538E+02	1.07130261E+02	6.53720493E+01	4.56120165E+01	3.43647691E+01	1.91291733E+01	0	1.83592959E+01
1.12535843E+05	2.11219810E+04	2.03257706E+04	1.67387631E+04	5.39261338E+03	5.03408525E+03	4.20082590E+03	3.63157429E+03	3.46435331E+03	1.41646674E+03	1.25561518E+03	1.03580734E+03	7.77290437E+02	7.36381214E+02	3.39118910E+02	2.75471156E+02	2.22522015E+02	3.93019263E+02	3.82660181E+02	1.25091881E+02	1.17300527E+02	7.53599052E+01	5.54525234E+01	4.43896099E+01	2.85749132E+01
1.12552535E+05	2.11391256E+04	2.03428205E+04	1.67558926E+04	5.41020130E+03	5.05162553E+03	4.21829934E+03	3.64909369E+03	3.48157398E+03	1.43390218E+03	1.27302149E+03	1.05303857E+03	7.94613731E+02	7.53164814E+02	3.56393404E+02	2.92455597E+02	2.39403346E+02	4.10051283E+02	3.99437117E+02	1.43035521E+02	1.32843025E+02	8.98650288E+01	6.88076612E+01	5.73349645E+01	4.25495549E+01
1.12570950E+05	2.11579196E+04	2.03614971E+04	1.67747023E+04	5.42950593E+03	5.07091280E+03	4.23802270E+03	3.66850545E+03	3.50145571E+03	1.45294464E+03	1.29206245E+03	1.07273732E+03	8.13867390E+02	7.73358382E+02	3.75184779E+02	3.11109966E+02	2.59463200E+02	4.29884619E+02	4.19707737E+02	1.61604068E+02	1.53720481E+02	1.05322638E+02	8.33004172E+01	7.22412740E+01
1.12586915E+05	2.11737276E+04	2.03773546E+04	1.67903848E+04	5.44514650E+03	5.08659765E+03	4.25353496E+03	3.68408450E+03	3.51709376E+03	1.46835980E+03	1.30756275E+03	1.08797735E+03	8.29090388E+02	7.88685864E+02	3.90029390E+02	3.26161363E+02	2.73847679E+02	4.45063146E+02	4.34967120E+02	1.75863511E+02	1.68212498E+02	1.16505325E+02	9.55332885E+01	8.45838271E+01
1.12603515E+05	2.11901791E+04	2.03938633E+04	1.68068310E+04	5.46141299E+03	5.10291716E+03	4.26977004E+03	3.70048554E+03	3.53338077E+03	1.48442994E+03	1.32372040E+03	1.10394870E+03	8.45381925E+02	8.04809771E+02	4.05541425E+02	3.41870739E+02	2.89116454E+02	4.61405811E+02	4.51211732E+02	1.91467383E+02	1.83416874E+02	1.28622459E+02	1.09049870E+02	9.87018793E+01
1.12620841E+05	2.12073066E+04	2.04110567E+04	1.68239476E+04	5.47833457E+03	5.11987029E+03	4.28665872E+03	3.71723236E+03	3.55027185E+03	1.50115277E+03	1.34048607E+03	1.12061664E+03	8.61675559E+02	8.21389408E+02	4.21737607E+02	3.58151407E+02	3.05190205E+02	4.77763511E+02	4.67769708E+02	2.06600982E+02	1.99010678E+02	1.41787086E+02	1.23020574E+02	1.11961758E+02
1.12638820E+05	2.12250259E+04	2.04288426E+04	1.68417054E+04	5.49587516E+03	5.13742798E+03	4.30423661E+03	3.73499437E+03	3.56785856E+03	1.51853394E+03	1.35785794E+03	1.13802999E+03	8.79511690E+02	8.38835841E+02	4.38720883E+02	3.75063722E+02	3.22102958E+02	4.95471660E+02	4.85227472E+02	2.24116812E+02	2.15803524E+02	1.56975982E+02	1.37714459E+02
1.12658307E+05	2.12444109E+04	2.04481317E+04	1.68611893E+04	5.51503211E+03	5.15637292E+03	4.32341556E+03	3.75416069E+03	3.58708132E+03	1.53738392E+03	1.37637038E+03	1.15687113E+03	8.98275442E+02	8.57706159E+02	4.56712329E+02	3.92257462E+02	3.39958203E+02	5.14306943E+02	5.04110631E+02	2.41400600E+02	2.33366813E+02	1.70591382E+02	1.53410971E+02
1.12679553E+05	2.12646832E+04	2.04684272E+04	1.68813896E+04	5.53494524E+03	5.17629960E+03	4.34329778E+03	3.77406530E+03	3.60697649E+03	1.55703938E+03	1.39602547E+03	1.17647517E+03	9.17864267E+02	8.77297335E+02	4.75732197E+02	4.11185882E+02	3.58813151E+02	5.33880840E+02	5.23681842E+02	2.59965930E+02	2.51921061E+02	1.87296520E+02
1.12701325E+05	2.12859608E+04	2.04899540E+04	1.69028508E+04	5.55588318E+03	5.19747381E+03	4.36443423E+03	3.79529742E+03	3.62819481E+03	1.57748519E+03	1.41681006E+03	1.19717447E+03	9.38665498E+02	8.98071238E+02	4.94728289E+02	4.30803466E+02	3.78052742E+02	5.54707922E+02	5.44498116E+02	2.78961627E+02	2.70769189E+02	2.04859727E+02
1.12723991E+05	2.13080812E+04	2.05121428E+04	1.69249620E+04	5.57772447E+03	5.21934215E+03	4.38625927E+03	3.81715330E+03	3.65003976E+03	1.59904458E+03	1.43837807E+03	1.21865806E+03	9.60156924E+02	9.19540336E+02	5.15479999E+02	4.51474026E+02	3.98481355E+02	5.76169321E+02	5.65949819E+02	2.99091741E+02	2.90816291E+02
1.12755434E+05	2.13393989E+04	2.05437923E+04	1.69558413E+04	5.60848957E+03	5.25024923E+03	4.41670325E+03	3.84761404E+03	3.67960279E+03	1.62868313E+03	1.46822672E+03	1.24780213E+03	9.88883543E+02	9.46582467E+02	5.41088411E+02	4.77902146E+02	4.18719683E+02	6.04855929E+02	5.94354879E+02	3.22721887E+02	3.14792800E+02
1.12787740E+05	2.13716025E+04	2.05763232E+04	1.69878541E+04	5.64005657E+03	5.28197309E+03	4.44834509E+03	3.87971372E+03	3.71138402E+03	1.65905013E+03	1.49886158E+03	1.27820235E+03	1.01977989E+03	9.77032159E+02	5.67343181E+02	5.05626648E+02	4.41957093E+02	6.35029244E+02	6.24806827E+02	3.48508332E+02	3.40671114E+02
1.12820903E+05	2.14047078E+04	2.06096862E+04	1.70209170E+04	5.67239636E+03	5.31445133E+03	4.48048526E+03	3.91252424E+03	3.74370761E+03	1.69016580E+03	1.53019183E+03	1.30877657E+03	1.05154147E+03	1.00796626E+03	5.94407709E+02	5.34227282E+02	4.67441178E+02	6.66683489E+02	6.55706881E+02	3.75366815E+02	3.68262134E+02
1.12854963E+05	2.14387411E+04	2.06439090E+04	1.70549878E+04	5.70553766E+03	5.34771513E+03	4.51339418E+03	3.94550047E+03	3.77675333E+03	1.72202246E+03	1.56222605E+03	1.34016199E+03	1.08279719E+03	1.03906333E+03	6.22123112E+02	5.63418841E+02	4.94254443E+02	6.97912742E+02	6.86710573E+02	4.01373051E+02	3.95036251E+02
1.12889851E+05	2.14736836E+04	2.06789276E+04	1.70900567E+04	5.73944943E+03	5.38171232E+03	4.54728806E+03	3.97941600E+03	3.81087648E+03	1.75462978E+03	1.59490089E+03	1.37264306E+03	1.11536701E+03	1.07144016E+03	6.50564049E+02	5.92532522E+02	5.22186699E+02	7.28934684E+02	7.19278589E+02	4.29116882E+02	4.21825141E+02
1.12925443E+05	2.15097380E+04	2.07147938E+04	1.71262432E+04	5.77418694E+03	5.41642713E+03	4.58219054E+03	4.01502101E+03	3.84614761E+03	1.78830032E+03	1.62842298E+03	1.40633363E+03	1.15068295E+03	1.10541507E+03	6.81763324E+02	6.25064171E+02	5.52817421E+02	7.66542774E+02	7.53148872E+02	4.59538029E+02
1.12962664E+05	2.15467217E+04	2.07515605E+04	1.71632812E+04	5.80995053E+03	5.45218642E+03	4.61743856E+03	4.04974777E+03	3.88159855E+03	1.82225395E+03	1.66193172E+03	1.43938004E+03	1.18096618E+03	1.13823033E+03	7.10857935E+02	6.48113439E+02	5.80594524E+02	7.97025574E+02	7.85995490E+02	4.87235384E+02
1.13000738E+05	2.15847844E+04	2.07893728E+04	1.72016153E+04	5.84656906E+03	5.48876699E+03	4.65430284E+03	4.08633376E+03	3.91877985E+03	1.85725059E+03	1.69639926E+03	1.47441796E+03	1.21508920E+03	1.17330048E+03	7.41779806E+02	6.73733132E+02	6.09991095E+02	8.32168229E+02	8.21172719E+02	5.17372889E+02
1.13039706E+05	2.16236695E+04	2.08282659E+04	1.72399785E+04	5.88392406E+03	5.52619790E+03	4.69051993E+03	4.12365818E+03	3.95550902E+03	1.89293851E+03	1.73186311E+03	1.50810629E+03	1.25009159E+03	1.20728060E+03	7.73386435E+02	7.02356994E+02	6.38057087E+02	8.66232410E+02	8.55390039E+02	5.45448211E+02
1.13079570E+05	2.16634029E+04	2.08682813E+04	1.72803113E+04	5.92203587E+03	5.56449387E+03	4.72978719E+03	4.16239722E+03	3.99481472E+03	1.92939092E+03	1.76834532E+03	1.54655172E+03	1.28677621E+03	1.24549176E+03	8.06115632E+02	7.34640541E+02	6.72883824E+02	9.03857108E+02	8.93344110E+02
1.13142010E+05	2.17278669E+04	2.09324763E+04	1.73442161E+04	5.98675369E+03	5.63027028E+03	4.79295595E+03	4.22555990E+03	4.05394108E+03	1.98544127E+03	1.82569960E+03	1.59897576E+03	1.34005527E+03	1.28933938E+03	8.46471179E+02	7.74431034E+02	7.09441879E+02	9.57193966E+02	9.47159932E+02
1.13205972E+05	2.17939118E+04	2.09982232E+04	1.74103583E+04	6.05301553E+03	5.69782579E+03	4.85733933E+03	4.29360732E+03	4.11784186E+03	2.04258407E+03	1.88460091E+03	1.65246510E+03	1.39720102E+03	1.34047676E+03	8.87500584E+02	8.14972687E+02	7.47726188E+02	1.01307028E+03	1.00337393E+03
1.13271450E+05	2.18615420E+04	2.10655079E+04	1.74781165E+04	6.12088255E+03	5.76694930E+03	4.92329714E+03	4.36423870E+03	4.18438948E+03	2.10089572E+03	1.94465039E+03	1.70727317E+03	1.44446378E+03	1.39469631E+03	9.29220593E+02	8.56201609E+02	7.87019154E+02	1.07377878E+03	1.06413672E+03
1.13338404E+05	2.19307264E+04	2.11342903E+04	1.75469311E+04	6.19046670E+03	5.83762437E+03	4.99119399E+03	4.43574786E+03	4.25270042E+03	2.16055833E+03	2.00590708E+03	1.76369722E+03	1.50081473E+03	1.45059153E+03	9.71672719E+02	8.98142813E+02	8.25997037E+02	1.13664695E+03	1.12777965E+03
1.13406899E+05	2.20015281E+04	2.12046395E+04	1.76174459E+04	6.26159875E+03	5.90980360E+03	5.06117331E+03	4.50657007E+03	4.32303944E+03	2.22122719E+03	2.06811880E+03	1.82170997E+03	1.54747589E+03	1.50810281E+03	1.01478354E+03	9.40770453E+02	8.65720780E+02	1.19663522E+03	1.18943630E+03
1.13476999E+05	2.20740019E+04	2.12766146E+04	1.76898882E+04	6.33414556E+03	5.98318816E+03	5.13363504E+03	4.57892214E+03	4.39617847E+03	2.28266544E+03	2.13059322E+03	1.88158281E+03	1.60470802E+03	1.56794370E+03	1.05848850E+03	9.83992734E+02	9.06456403E+02	1.26347979E+03	1.25066185E+03
1.13548693E+05	2.21481463E+04	2.13501605E+04	1.77644141E+04	6.40820151E+03	6.05745779E+03	5.20910882E+03	4.65097771E+03	4.47293920E+03	2.34496645E+03	2.19286017E+03	1.94376684E+03	1.66638386E+03	1.63092611E+03	1.10282087E+03	1.02766163E+03	9.48487962E+02	1.32386868E+03
1.13620943E+05	2.22231407E+04	2.14243621E+04	1.78396541E+04	6.48740620E+03	6.13660322E+03	5.28892903E+03	4.73354707E+03	4.55246804E+03	2.41428415E+03	2.26342283E+03	2.01109706E+03	1.74040713E+03	1.69769187E+03	1.14926337E+03	1.07283090E+03	9.91969857E+02	1.39594907E+03
1.13696001E+05	2.23009082E+04	2.15015341E+04	1.79166105E+04	6.56453232E+03	6.21199262E+03	5.36383188E+03	4.80685098E+03	4.62808912E+03	2.47874195E+03	2.32420543E+03	2.07161866E+03	1.79356347E+03	1.75794229E+03	1.19439863E+03	1.11729205E+03	1.03336802E+03	1.45905848E+03
1.13772542E+05	2.23801529E+04	2.15802125E+04	1.79962777E+04	6.64421268E+03	6.28960572E+03	5.44346602E+03	4.88190699E+03	4.70800390E+03	2.54550216E+03	2.38742610E+03	2.13600956E+03	1.85721087E+03	1.82193473E+03	1.24069606E+03	1.16259463E+03	1.07731608E+03	1.52731577E+03
1.13850521E+05	2.24608235E+04	2.16603379E+04	1.80768072E+04	6.72593249E+03	6.36944877E+03	5.52447049E+03	4.96102801E+03	4.79119474E+03	2.61402121E+03	2.45294352E+03	2.20113153E+03	1.93054030E+03	1.88857254E+03	1.28784626E+03	1.20874661E+03	1.12159138E+03	1.59936598E+03
1.13930056E+05	2.25431074E+04	2.17420511E+04	1.81587565E+04	6.80912315E+03	6.45149654E+03	5.60411356E+03	5.04287699E+03	4.87188290E+03	2.68345755E+03	2.52049699E+03	2.26500133E+03	1.99248736E+03	1.95216724E+03	1.33561344E+03	1.25573637E+03	1.16512937E+03	1.66789787E+03
1.14011132E+05	2.26269988E+04	2.18253380E+04	1.82426737E+04	6.89368657E+03	6.53588048E+03	5.68742593E+03	5.12741362E+03	4.95215019E+03	2.75373099E+03	2.59025397E+03	2.33189769E+03	2.07267521E+03	2.01513011E+03	1.38396233E+03	1.30355343E+03	1.21003438E+03	1.73468948E+03
1.14093671E+05	2.27124505E+04	2.19101714E+04	1.83288759E+04	6.98006022E+03	6.62265028E+03	5.77930105E+03	5.21634390E+03	5.04760815E+03	2.82544476E+03	2.66223803E+03	2.40661178E+03	2.14469611E+03	2.09472811E+03	1.43303056E+03	1.35217186E+03	1.25870639E+03
1.14149174E+05	2.27656473E+04	2.19642944E+04	1.83807990E+04	7.02982133E+03	6.67304886E+03	5.82773063E+03	5.26600590E+03	5.09763267E+03	2.87046700E+03	2.70813148E+03	2.44941184E+03	2.18874689E+03	2.13953758E+03	1.46463534E+03	1.38840100E+03	1.29531521E+03
1.14205762E+05	2.28196209E+04	2.20190566E+04	1.84347791E+04	7.08038646E+03	6.72417810E+03	5.87800295E+03	5.31778213E+03	5.14845138E+03	2.91644437E+03	2.75486089E+03	2.49472280E+03	2.23562586E+03	2.18523792E+03	1.49907791E+03	1.42676264E+03	1.33573769E+03
1.14263475E+05	2.28743791E+04	2.20744689E+04	1.84894338E+04	7.13177939E+03	6.77593851E+03	5.92885912E+03	5.36814796E+03	5.19961358E+03	2.96342591E+03	2.80221882E+03	2.54077980E+03	2.28016265E+03	2.23101162E+03	1.53664950E+03	1.46616730E+03	1.37308104E+03
1.14322320E+05	2.29299444E+04	2.21305144E+04	1.85455252E+04	7.18404574E+03	6.82843257E+03	5.98133032E+03	5.42242537E+03	5.25261529E+03	3.01150568E+03	2.85040384E+03	2.58883191E+03	2.33101359E+03	2.27939685E+03	1.57788234E+03	1.50737007E+03
1.14386401E+05	2.29893407E+04	2.21883818E+04	1.86049698E+04	7.23907590E+03	6.88179000E+03	6.03622423E+03	5.47752433E+03	5.30814848E+03	3.06091803E+03	2.89696648E+03	2.63788773E+03	2.37969743E+03	2.32882366E+03	1.61234386E+03	1.55032337E+03
1.14452392E+05	2.30494471E+04	2.22498099E+04	1.86650947E+04	7.29530453E+03	6.93854753E+03	6.09220515E+03	5.53423375E+03	5.36456646E+03	3.11224835E+03	2.94845346E+03	2.68859181E+03	2.43068351E+03	2.37957399E+03	1.65586863E+03
1.14514455E+05	2.31076913E+04	2.23101428E+04	1.87245888E+04	7.34959782E+03	6.99460020E+03	6.14763703E+03	5.59071802E+03	5.42080981E+03	3.16000170E+03	2.99868768E+03	2.73786065E+03	2.48094439E+03	2.42952732E+03	1.69990621E+03
1.14580122E+05	2.31686334E+04	2.23713956E+04	1.87854501E+04	7.40683137E+03	7.05207457E+03	6.20456586E+03	5.64822926E+03	5.47821013E+03	3.21228824E+03	3.05107383E+03	2.78938041E+03	2.53277139E+03	2.48114212E+03
1.14675816E+05	2.32618982E+04	2.24671824E+04	1.88758811E+04	7.49238104E+03	7.13895648E+03	6.28805547E+03	5.73303942E+03	5.55581594E+03	3.27829346E+03	3.12075000E+03	2.84378586E+03	2.59842479E+03	2.54779850E+03
1.14772863E+05	2.33567726E+04	2.25643273E+04	1.89696754E+04	7.57900632E+03	7.22691769E+03	6.37406455E+03	5.82305605E+03	5.64367991E+03	3.34585212E+03	3.19267501E+03	2.90570920E+03	2.66914890E+03	2.61844042E+03
1.14871249E+05	2.34534036E+04	2.26627049E+04	1.90660485E+04	7.66676540E+03	7.31585175E+03	6.46038011E+03	5.91539925E+03	5.73217955E+03	3.41535820E+03	3.26603676E+03	2.97239342E+03	2.74260997E+03	2.69350971E+03
1.14970604E+05	2.35517569E+04	2.27623380E+04	1.91644745E+04	7.75566053E+03	7.40578001E+03	6.54741372E+03	6.00434907E+03	5.82091688E+03	3.48674688E+03	3.34077257E+03	3.04165834E+03	2.81170460E+03	2.76527172E+03
1.15071729E+05	2.36520557E+04	2.28632309E+04	1.92651156E+04	7.84575204E+03	7.49667985E+03	6.63655332E+03	6.09663699E+03	5.91104031E+03	3.56028497E+03	3.41668701E+03	3.11328425E+03	2.88487429E+03	2.83522755E+03
1.15174168E+05	2.37545695E+04	2.29655401E+04	1.93689783E+04	7.93718200E+03	7.58865314E+03	6.72878855E+03	6.19575759E+03	6.00741037E+03	3.63690030E+03	3.49494261E+03	3.18952550E+03	2.96608122E+03
1.15280602E+05	2.38580563E+04	2.30676053E+04	1.94721344E+04	8.02958292E+03	7.68109259E+03	6.81769065E+03	6.27627717E+03	6.09820348E+03	3.70768589E+03	3.55409927E+03	3.25877306E+03	3.03864050E+03
1.15388262E+05	2.39636706E+04	2.31724161E+04	1.95797433E+04	8.12345730E+03	7.77520684E+03	6.91193468E+03	6.37074486E+03	6.19490002E+03	3.78256258E+03	3.61993459E+03	3.33172318E+03	3.11780043E+03
1.15497614E+05	2.40707565E+04	2.32800620E+04	1.96842956E+04	8.21841248E+03	7.87104809E+03	7.00165460E+03	6.46623233E+03	6.28837416E+03	3.85922707E+03	3.69273725E+03	3.40089194E+03	3.19120239E+03
1.15608657E+05	2.41794781E+04	2.33906036E+04	1.97962179E+04	8.31458364E+03	7.96861695E+03	7.10306788E+03	6.56637110E+03	6.39118464E+03	3.93876502E+03	3.77286249E+03	3.48564164E+03
1.15720551E+05	2.42829919E+04	2.34973116E+04	1.98956565E+04	8.40487965E+03	8.06143489E+03	7.18791985E+03	6.65731673E+03	6.48311153E+03	3.99967975E+03	3.84395498E+03	3.55694218E+03
1.15834730E+05	2.43879206E+04	2.36049681E+04	2.00006605E+04	8.49690301E+03	8.15568987E+03	7.27923316E+03	6.75316426E+03	6.57603766E+03	4.06630845E+03	3.91875928E+03	3.63524459E+03
1.15951314E+05	2.44942838E+04	2.37136022E+04	2.01067155E+04	8.59071948E+03	8.25102247E+03	7.37133919E+03	6.84481372E+03	6.66956764E+03	4.13905525E+03	3.99553825E+03	3.70762629E+03
1.16070288E+05	2.46021331E+04	2.38231874E+04	2.02162011E+04	8.68643074E+03	8.34778366E+03	7.46753702E+03	6.94694053E+03	6.76783642E+03	4.21848310E+03	4.07574038E+03
1.16201860E+05	2.47181104E+04	2.39345428E+04	2.03323630E+04	8.78610906E+03	8.44092810E+03	7.56679791E+03	7.04731753E+03	6.86975007E+03	4.28488631E+03	4.16000587E+03
1.16338151E+05	2.48351884E+04	2.40560118E+04	2.04495472E+04	8.88892881E+03	8.54564130E+03	7.66875888E+03	7.15220910E+03	6.97355855E+03	4.36870975E+03
1.16459486E+05	2.49436692E+04	2.41712201E+04	2.05619513E+04	8.98167001E+03	8.64510448E+03	7.76586158E+03	7.25349530E+03	7.07397537E+03	4.45244147E+03
1.16590623E+05	2.50594932E+04	2.42882663E+04	2.06775432E+04	9.08408554E+03	8.74850431E+03	7.86724735E+03	7.35723661E+03	7.17727702E+03
1.16802828E+05	2.52601956E+04	2.44989083E+04	2.08667042E+04	9.23452367E+03	8.91029773E+03	7.99800210E+03	7.51634399E+03	7.33767018E+03
1.17017963E+05	2.54648891E+04	2.47124940E+04	2.10669037E+04	9.38843447E+03	9.07605080E+03	8.14233415E+03	7.68891397E+03	7.50836241E+03
1.17236003E+05	2.56740785E+04	2.49286420E+04	2.12747597E+04	9.54643191E+03	9.24446975E+03	8.29507638E+03	7.86862017E+03	7.69074845E+03
1.17457016E+05	2.58878570E+04	2.51473989E+04	2.14881416E+04	9.70848817E+03	9.41550735E+03	8.45275391E+03	8.03583541E+03	7.86422853E+03
1.17681012E+05	2.61064505E+04	2.53687466E+04	2.17076642E+04	9.87482855E+03	9.58897330E+03	8.61554255E+03	8.21247242E+03	8.03213731E+03
1.17907914E+05	2.63306856E+04	2.55931844E+04	2.19371442E+04	1.00464648E+04	9.76637469E+03	8.78783805E+03	8.40858227E+03
1.18144301E+05	2.65550358E+04	2.58126583E+04	2.21597670E+04	1.02078278E+04	9.91151691E+03	8.94588204E+03	8.58571840E+03
1.18384704E+05	2.67849966E+04	2.60403036E+04	2.23964862E+04	1.03766205E+04	1.00700517E+04	9.11338493E+03	8.78065841E+03
1.18629216E+05	2.70183514E+04	2.62763558E+04	2.26213734E+04	1.05490404E+04	1.02421055E+04	9.27129179E+03	8.96044524E+03
1.18877888E+05	2.72559181E+04	2.65210624E+04	2.28711294E+04	1.07269889E+04	1.04279067E+04	9.46059561E+03
1.19119594E+05	2.74646919E+04	2.67423026E+04	2.30634271E+04	1.08583601E+04	1.05855060E+04	9.61592860E+03
1.19367348E+05	2.76769842E+04	2.69653597E+04	2.32765071E+04	1.10021334E+04	1.07501167E+04	9.78601335E+03
1.19621453E+05	2.78928550E+04	2.71901916E+04	2.34915487E+04	1.11589189E+04	1.09189168E+04	9.94345491E+03
1.19881897E+05	2.81124278E+04	2.74167594E+04	2.37169039E+04	1.13294074E+04	1.10947320E+04
1.20178540E+05	2.83508136E+04	2.76358821E+04	2.39560627E+04	1.14756089E+04	1.12838729E+04
1.20489605E+05	2.85910497E+04	2.78932019E+04	2.41973826E+04	1.16564616E+04
1.20743589E+05	2.87952220E+04	2.81235650E+04	2.44173253E+04	1.18334665E+04
1.21028889E+05	2.90258825E+04	2.83593544E+04	2.46474067E+04
1.21594455E+05	2.93751966E+04	2.88092392E+04	2.50671060E+04
1.22179635E+05	2.97554299E+04	2.92711799E+04	2.55325685E+04
1.22785649E+05	3.01678053E+04	2.97417438E+04	2.59591490E+04
1.23412503E+05	3.06134304E+04	3.02242444E+04
1.24171678E+05	3.10288251E+04	3.07945465E+04
1.24991714E+05	3.15077490E+04
1.25556185E+05	3.19628608E+04
1.26250343E+05
1.28465612E+05
