1.15509229E+05	2.17479377E+04	2.09375358E+04	1.71507891E+04	5.55392674E+03	5.18852810E+03	4.30653223E+03	3.72748134E+03	3.55156779E+03	1.45021090E+03	1.28558453E+03	1.05191781E+03	7.87579129E+02	7.44431125E+02	3.30375625E+02	2.64984858E+02	2.08062871E+02	3.89294049E+02	3.82158994E+02	1.06149678E+02	9.91483728E+01	5.37081562E+01	3.37447402E+01	2.17516215E+01	6.65927501E+00	0	5.84996678E+00	0	4.94363737E+00
1.15515930E+05	2.17545780E+04	2.09441853E+04	1.71574274E+04	5.56058988E+03	5.19520330E+03	4.31318596E+03	3.73411233E+03	3.55818219E+03	1.45676467E+03	1.29219394E+03	1.05849798E+03	7.94189030E+02	7.51023294E+02	3.36883127E+02	2.71593499E+02	2.14584467E+02	3.96032590E+02	3.88757692E+02	1.13021246E+02	1.05658788E+02	5.99140683E+01	4.02526448E+01	2.78912543E+01	1.33069538E+01	0	1.22185074E+01	0	1.14994027E+01
1.15523647E+05	2.17622423E+04	2.09518093E+04	1.71650451E+04	5.56818407E+03	5.20278118E+03	4.32077661E+03	3.74168550E+03	3.56576019E+03	1.46430466E+03	1.29971402E+03	1.06601870E+03	8.01709649E+02	7.58543467E+02	3.44415243E+02	2.79095380E+02	2.22081266E+02	4.03527765E+02	3.96296544E+02	1.21348370E+02	1.13121711E+02	6.73623622E+01	4.75139643E+01	3.51915939E+01	2.06511584E+01	0	1.87662825E+01
1.15534105E+05	2.17726938E+04	2.09622828E+04	1.71755057E+04	5.57856557E+03	5.21318401E+03	4.33118556E+03	3.75210961E+03	3.57620533E+03	1.47464914E+03	1.31008590E+03	1.07642261E+03	8.12117404E+02	7.69020956E+02	3.54717044E+02	2.89416916E+02	2.32452590E+02	4.13570549E+02	4.06729627E+02	1.31262148E+02	1.23571367E+02	7.75712768E+01	5.74824635E+01	4.55896403E+01	3.04416084E+01
1.15551081E+05	2.17900959E+04	2.09795915E+04	1.71928668E+04	5.59642689E+03	5.23092054E+03	4.34878891E+03	3.76979726E+03	3.59373441E+03	1.49234076E+03	1.32770279E+03	1.09364746E+03	8.29530702E+02	7.86077445E+02	3.72253912E+02	3.06444072E+02	2.49005325E+02	4.35023206E+02	4.23898347E+02	1.48045504E+02	1.39370705E+02	9.23603148E+01	7.08881035E+01	5.83516478E+01	4.52068233E+01
1.15569124E+05	2.18090311E+04	2.09984891E+04	1.72118608E+04	5.61593108E+03	5.25037678E+03	4.36817479E+03	3.78923676E+03	3.61283578E+03	1.51161918E+03	1.34695309E+03	1.11270205E+03	8.48681383E+02	8.04614696E+02	3.91227126E+02	3.25075700E+02	2.67526583E+02	4.53853292E+02	4.42432676E+02	1.67559106E+02	1.56392975E+02	1.08013837E+02	8.53812579E+01	7.23038557E+01	6.06202819E+01
1.15589539E+05	2.18295415E+04	2.10188267E+04	1.72323498E+04	5.63693512E+03	5.27135965E+03	4.38966433E+03	3.81037017E+03	3.63451329E+03	1.53230134E+03	1.36763015E+03	1.13412278E+03	8.69590864E+02	8.26600384E+02	4.11512941E+02	3.45200238E+02	2.89169879E+02	4.75416014E+02	4.64502548E+02	1.87545350E+02	1.78902674E+02	1.24474004E+02	1.00876295E+02	8.81752289E+01
1.15606481E+05	2.18463290E+04	2.10356683E+04	1.72489993E+04	5.65374591E+03	5.28797312E+03	4.40608624E+03	3.82687074E+03	3.65107813E+03	1.54861885E+03	1.38404201E+03	1.15024753E+03	8.85704709E+02	8.42826901E+02	4.27180545E+02	3.61089521E+02	3.04336430E+02	4.91488043E+02	4.80658629E+02	2.02589181E+02	1.94195947E+02	1.36237528E+02	1.13774200E+02	1.01180051E+02
1.15624021E+05	2.18636930E+04	2.10531090E+04	1.72663624E+04	5.67069451E+03	5.30522428E+03	4.42323806E+03	3.84420981E+03	3.66829410E+03	1.56556966E+03	1.40108772E+03	1.16709404E+03	9.02893491E+02	8.59834945E+02	4.43501372E+02	3.77617393E+02	3.20399415E+02	5.08728714E+02	4.97800830E+02	2.18998292E+02	2.10189186E+02	1.48978628E+02	1.27956945E+02	1.16006339E+02
1.15642330E+05	2.18817601E+04	2.10712487E+04	1.72844169E+04	5.68851677E+03	5.32308474E+03	4.44103080E+03	3.86183283E+03	3.68607249E+03	1.58316002E+03	1.41872365E+03	1.18461403E+03	9.20016435E+02	8.77263386E+02	4.60497837E+02	3.94697991E+02	3.37238749E+02	5.25927087E+02	5.15208413E+02	2.34858051E+02	2.26531101E+02	1.62829614E+02	1.42594035E+02	1.29877175E+02
1.15661227E+05	2.19004139E+04	2.10899790E+04	1.73031110E+04	5.70695079E+03	5.34153727E+03	4.45949786E+03	3.88052546E+03	3.70457043E+03	1.60140019E+03	1.43695614E+03	1.20289045E+03	9.38750704E+02	8.95575096E+02	4.78266706E+02	4.12396808E+02	3.54935673E+02	5.44521779E+02	5.33529216E+02	2.53231572E+02	2.44102145E+02	1.78678517E+02	1.57970664E+02
1.15682225E+05	2.19208461E+04	2.11102344E+04	1.73235729E+04	5.72704953E+03	5.36139070E+03	4.47960546E+03	3.90061498E+03	3.72472249E+03	1.62114139E+03	1.45632891E+03	1.22261310E+03	9.58390279E+02	9.15329043E+02	4.97060901E+02	4.30340667E+02	3.73572656E+02	5.64242107E+02	5.53303529E+02	2.71252256E+02	2.62439163E+02	1.92787062E+02	1.74376953E+02
1.15704006E+05	2.19419910E+04	2.11314843E+04	1.73447179E+04	5.74787210E+03	5.38224924E+03	4.50041010E+03	3.92145148E+03	3.74554478E+03	1.64168151E+03	1.47687484E+03	1.24309678E+03	9.78861094E+02	9.35797630E+02	5.16888805E+02	4.50075237E+02	3.93210218E+02	5.84698690E+02	5.73757217E+02	2.90593379E+02	2.81762656E+02	2.10173579E+02
1.15726728E+05	2.19641609E+04	2.11539241E+04	1.73670837E+04	5.76966849E+03	5.40429856E+03	4.52241753E+03	3.94356259E+03	3.76764315E+03	1.66293625E+03	1.49849016E+03	1.26461552E+03	1.00048824E+03	9.57395031E+02	5.36591990E+02	4.70432552E+02	4.13159758E+02	6.06358345E+02	5.95404721E+02	3.10315934E+02	3.01329608E+02	2.28395757E+02
1.15750363E+05	2.19872027E+04	2.11770415E+04	1.73901135E+04	5.79239493E+03	5.42705475E+03	4.54512339E+03	3.96631143E+03	3.79037797E+03	1.68534195E+03	1.52090489E+03	1.28693639E+03	1.02281803E+03	9.79700321E+02	5.58104895E+02	4.91861931E+02	4.34324440E+02	6.28659539E+02	6.17694729E+02	3.31181446E+02	3.22106412E+02
1.15783014E+05	2.20197135E+04	2.12099085E+04	1.74221624E+04	5.82430891E+03	5.45912004E+03	4.57669366E+03	3.99790049E+03	3.82101992E+03	1.71601706E+03	1.55180269E+03	1.31708841E+03	1.05253957E+03	1.00765701E+03	5.84524395E+02	5.19135890E+02	4.55197368E+02	6.58354794E+02	6.47097715E+02	3.55597964E+02	3.46884834E+02
1.15816531E+05	2.20531046E+04	2.12436442E+04	1.74553514E+04	5.85699093E+03	5.49197140E+03	4.60944682E+03	4.03114491E+03	3.85392732E+03	1.74741039E+03	1.58347286E+03	1.34849345E+03	1.08446367E+03	1.03912062E+03	6.11596627E+02	5.47697112E+02	4.79164296E+02	6.89563867E+02	6.78575559E+02	3.82212167E+02	3.73585766E+02
1.15850902E+05	2.20874087E+04	2.12782154E+04	1.74896076E+04	5.89046066E+03	5.52558751E+03	4.64270526E+03	4.06511390E+03	3.88738101E+03	1.77954682E+03	1.61583189E+03	1.38007183E+03	1.11727470E+03	1.07106612E+03	6.39495432E+02	5.77130789E+02	5.05424954E+02	7.22294577E+02	7.10503832E+02	4.09928581E+02	4.02051903E+02
1.15886119E+05	2.21225983E+04	2.13136001E+04	1.75248308E+04	5.92471052E+03	5.55996549E+03	4.67670359E+03	4.09917978E+03	3.92152798E+03	1.81241975E+03	1.64888288E+03	1.41243329E+03	1.14948398E+03	1.10313282E+03	6.68071419E+02	6.07204157E+02	5.33030079E+02	7.54493952E+02	7.42486802E+02	4.36675033E+02	4.29638569E+02
1.15922227E+05	2.21587641E+04	2.13498359E+04	1.75611122E+04	5.95973838E+03	5.59508280E+03	4.71169769E+03	4.13421483E+03	3.95676211E+03	1.84604516E+03	1.68257598E+03	1.44589086E+03	1.18306712E+03	1.13642768E+03	6.97426497E+02	6.37323065E+02	5.61781620E+02	7.86434281E+02	7.76035887E+02	4.65209406E+02	4.57128412E+02
1.15959005E+05	2.21959857E+04	2.13868699E+04	1.75984878E+04	5.99557287E+03	5.63090062E+03	4.74770674E+03	4.17095736E+03	3.99316652E+03	1.88071160E+03	1.71709674E+03	1.48059097E+03	1.21942959E+03	1.17148183E+03	7.29415398E+02	6.70466800E+02	5.93210362E+02	8.21831866E+02	8.10953476E+02	4.96563567E+02
1.15997446E+05	2.22341839E+04	2.14248358E+04	1.76367266E+04	6.03246228E+03	5.66778492E+03	4.78404258E+03	4.20676169E+03	4.02971834E+03	1.91566404E+03	1.75158202E+03	1.51457299E+03	1.25058735E+03	1.20522849E+03	7.59248738E+02	6.94184302E+02	6.21712877E+02	8.56645066E+02	8.44757759E+02	5.25025644E+02
1.16036735E+05	2.22734355E+04	2.14638372E+04	1.76762612E+04	6.07018939E+03	5.70547580E+03	4.82202264E+03	4.24445270E+03	4.06803128E+03	1.95165379E+03	1.78703191E+03	1.55060448E+03	1.28567690E+03	1.24129629E+03	7.90952127E+02	7.20572635E+02	6.51879131E+02	8.92747839E+02	8.80947730E+02	5.56015510E+02
1.16076935E+05	2.23135263E+04	2.15039450E+04	1.77158196E+04	6.10865883E+03	5.74402995E+03	4.85930428E+03	4.28288877E+03	4.10585447E+03	1.98833927E+03	1.82349241E+03	1.58521413E+03	1.32164108E+03	1.27622330E+03	8.23364593E+02	7.50038038E+02	6.80639358E+02	9.27829872E+02	9.16140390E+02	5.84864543E+02
1.16118030E+05	2.23544664E+04	2.15451734E+04	1.77573650E+04	6.14787334E+03	5.78344112E+03	4.89971144E+03	4.32275869E+03	4.14630356E+03	2.02578833E+03	1.86097654E+03	1.62470691E+03	1.35932085E+03	1.31546562E+03	8.56933840E+02	7.83170426E+02	7.16342809E+02	9.66416175E+02	9.55128603E+02
1.16182215E+05	2.24206929E+04	2.16111379E+04	1.78230403E+04	6.21431142E+03	5.85097410E+03	4.96452243E+03	4.38761255E+03	4.20696890E+03	2.08322234E+03	1.91975764E+03	1.67840025E+03	1.41397595E+03	1.36047528E+03	8.98294770E+02	8.23988384E+02	7.53802176E+02	1.02114187E+03	1.01035219E+03
1.16247919E+05	2.24885100E+04	2.16786502E+04	1.78909629E+04	6.28229656E+03	5.92028619E+03	5.03055620E+03	4.45742916E+03	4.27253247E+03	2.14174669E+03	1.98008402E+03	1.73315704E+03	1.47282043E+03	1.41287050E+03	9.40327412E+02	8.65555138E+02	7.93003443E+02	1.07843432E+03	1.06798880E+03
1.16315064E+05	2.25578942E+04	2.17476888E+04	1.79604885E+04	6.35188741E+03	5.99116244E+03	5.09817549E+03	4.52983443E+03	4.34076870E+03	2.20145075E+03	2.04156399E+03	1.78924058E+03	1.53711417E+03	1.46837537E+03	9.83048540E+02	9.07809290E+02	8.33218761E+02	1.14063544E+03	1.13022866E+03
1.16383743E+05	2.26288371E+04	2.18182238E+04	1.80310649E+04	6.42319600E+03	6.06357732E+03	5.16773784E+03	4.60313320E+03	4.41077014E+03	2.26251646E+03	2.10424602E+03	1.84693995E+03	1.59907266E+03	1.52555697E+03	1.02650336E+03	9.50771065E+02	8.73122885E+02	1.20504584E+03	1.19542502E+03
1.16453952E+05	2.27013862E+04	2.18903079E+04	1.81033281E+04	6.49606840E+03	6.13750628E+03	5.23939347E+03	4.67565215E+03	4.48280612E+03	2.32461112E+03	2.16791587E+03	1.90623774E+03	1.64376837E+03	1.58436477E+03	1.07062127E+03	9.94419971E+02	9.13750581E+02	1.26649058E+03	1.25858910E+03
1.16525745E+05	2.27755882E+04	2.19640069E+04	1.81775144E+04	6.57037246E+03	6.21267664E+03	5.31354660E+03	4.74986254E+03	4.55765027E+03	2.38749854E+03	2.23191875E+03	1.96740899E+03	1.68380107E+03	1.64550968E+03	1.11533956E+03	1.03866854E+03	9.55392322E+02	1.33468882E+03	1.32126628E+03
1.16599105E+05	2.28514509E+04	2.20392551E+04	1.82537494E+04	6.64621832E+03	6.28879634E+03	5.39072204E+03	4.82385926E+03	4.63608542E+03	2.45131067E+03	2.29579406E+03	2.03092902E+03	1.74677567E+03	1.70979605E+03	1.16070682E+03	1.08339408E+03	9.98332688E+02	1.39621582E+03	1.38733069E+03
1.16673120E+05	2.29282355E+04	2.21152284E+04	1.83308350E+04	6.72711077E+03	6.36947742E+03	5.47230241E+03	4.90845359E+03	4.71749144E+03	2.52196259E+03	2.36746484E+03	2.09953262E+03	1.82333464E+03	1.77796428E+03	1.20809720E+03	1.12952951E+03	1.04273850E+03	1.47020856E+03
1.16749924E+05	2.30077745E+04	2.21941703E+04	1.84095555E+04	6.80591022E+03	6.44654536E+03	5.54878372E+03	4.98272235E+03	4.79474446E+03	2.58770384E+03	2.42956567E+03	2.16121804E+03	1.87685660E+03	1.83941706E+03	1.25422035E+03	1.17499147E+03	1.08499168E+03	1.53467202E+03
1.16828210E+05	2.30887958E+04	2.22746205E+04	1.84910226E+04	6.88727750E+03	6.52584232E+03	5.63010545E+03	5.05939455E+03	4.87636370E+03	2.65577708E+03	2.49409432E+03	2.22685907E+03	1.94175126E+03	1.90466176E+03	1.30149477E+03	1.22129242E+03	1.12985402E+03	1.60432669E+03
1.16907924E+05	2.31712436E+04	2.23565147E+04	1.85733337E+04	6.97069905E+03	6.60738177E+03	5.71287218E+03	5.14018863E+03	4.96136267E+03	2.72563829E+03	2.56095144E+03	2.29330455E+03	2.01666316E+03	1.97264736E+03	1.34962574E+03	1.26844613E+03	1.17506021E+03	1.67792064E+03
1.16988746E+05	2.32552254E+04	2.24399855E+04	1.86570610E+04	7.05557579E+03	6.69114142E+03	5.79410766E+03	5.22372841E+03	5.04377143E+03	2.79642981E+03	2.62988673E+03	2.35835545E+03	2.07971936E+03	2.03753798E+03	1.39837734E+03	1.31644284E+03	1.21946146E+03	1.74788927E+03
1.17071561E+05	2.33408899E+04	2.25250340E+04	1.87427698E+04	7.14184853E+03	6.77725691E+03	5.87906742E+03	5.30998893E+03	5.12562487E+03	2.86807114E+03	2.70104961E+03	2.42647434E+03	2.16226435E+03	2.10164124E+03	1.44771183E+03	1.36526918E+03	1.26524102E+03	1.81603750E+03
1.17156352E+05	2.34282077E+04	2.26116430E+04	1.88307861E+04	7.22996906E+03	6.86578063E+03	5.97274993E+03	5.40071394E+03	5.22298256E+03	2.94118458E+03	2.77446438E+03	2.50254760E+03	2.23567459E+03	2.18270765E+03	1.49777403E+03	1.41490382E+03	1.31485712E+03
1.17213016E+05	2.34824965E+04	2.26668896E+04	1.88837573E+04	7.28070756E+03	6.91718208E+03	6.02211653E+03	5.45135319E+03	5.27398609E+03	2.98705639E+03	2.82123749E+03	2.54614502E+03	2.28056247E+03	2.22836483E+03	1.53000719E+03	1.45185114E+03	1.35215263E+03
1.17270775E+05	2.35375662E+04	2.27227745E+04	1.89388227E+04	7.33225486E+03	6.96931369E+03	6.07336157E+03	5.50413796E+03	5.32578685E+03	3.03389777E+03	2.86885234E+03	2.59230370E+03	2.32832353E+03	2.27491309E+03	1.56513928E+03	1.49095667E+03	1.39332540E+03
1.17329685E+05	2.35934266E+04	2.27793153E+04	1.89945644E+04	7.38464038E+03	7.02208058E+03	6.12518043E+03	5.55546954E+03	5.37792508E+03	3.08175851E+03	2.91710113E+03	2.63919600E+03	2.37368735E+03	2.32153587E+03	1.60345612E+03	1.53111368E+03	1.43134685E+03
1.17389737E+05	2.36501014E+04	2.28364957E+04	1.90517710E+04	7.43790940E+03	7.07558597E+03	6.17864708E+03	5.61078609E+03	5.43193769E+03	3.13072824E+03	2.96618265E+03	2.68812503E+03	2.42548273E+03	2.37081118E+03	1.64546656E+03	1.57309489E+03
1.17455239E+05	2.37107700E+04	2.28955942E+04	1.91124699E+04	7.49407160E+03	7.13003059E+03	6.23465029E+03	5.66700556E+03	5.48859790E+03	3.18111573E+03	3.01366411E+03	2.73812438E+03	2.47510933E+03	2.42119669E+03	1.68054498E+03	1.61690801E+03
1.17522757E+05	2.37721623E+04	2.29583557E+04	1.91738550E+04	7.55143861E+03	7.18795285E+03	6.29174465E+03	5.72486047E+03	5.54614252E+03	3.23344972E+03	3.06616992E+03	2.78979047E+03	2.52708279E+03	2.47291799E+03	1.72491012E+03
1.17586118E+05	2.38315689E+04	2.30199431E+04	1.92345487E+04	7.60678478E+03	7.24511217E+03	6.34824474E+03	5.78244612E+03	5.60347373E+03	3.28209868E+03	3.11736353E+03	2.83996606E+03	2.57828758E+03	2.52380000E+03	1.76977964E+03
1.17653225E+05	2.38937592E+04	2.30824412E+04	1.92966257E+04	7.66513142E+03	7.30370756E+03	6.40626151E+03	5.84106490E+03	5.66197502E+03	3.33536887E+03	3.17074133E+03	2.89243299E+03	2.63108029E+03	2.57637056E+03
1.17750652E+05	2.39887105E+04	2.31799743E+04	1.93886665E+04	7.75219021E+03	7.39213999E+03	6.49118722E+03	5.92734674E+03	5.74091979E+03	3.40252830E+03	3.24165045E+03	2.94776813E+03	2.69786610E+03	2.64416614E+03
1.17849438E+05	2.40852881E+04	2.32788645E+04	1.94841279E+04	7.84032885E+03	7.48165007E+03	6.57864574E+03	6.01890024E+03	5.83027429E+03	3.47127349E+03	3.31481124E+03	3.01075671E+03	2.76979630E+03	2.71598663E+03
1.17949571E+05	2.41836397E+04	2.33789885E+04	1.95821951E+04	7.92961194E+03	7.57213830E+03	6.66643074E+03	6.11279288E+03	5.92028704E+03	3.54199878E+03	3.38941006E+03	3.07855966E+03	2.84451549E+03	2.79231468E+03
1.18051085E+05	2.42837987E+04	2.34803741E+04	1.96823312E+04	8.02005030E+03	7.66361977E+03	6.75491086E+03	6.20322743E+03	6.01050778E+03	3.61465107E+03	3.46539052E+03	3.14896612E+03	2.91475407E+03	2.86525849E+03
1.18153972E+05	2.43858510E+04	2.35830166E+04	1.97847080E+04	8.11167623E+03	7.75607612E+03	6.84551845E+03	6.29699860E+03	6.10210646E+03	3.68947532E+03	3.54256888E+03	3.22175776E+03	2.98910740E+03	2.93632555E+03
1.18258179E+05	2.44901155E+04	2.36870677E+04	1.98903512E+04	8.20463691E+03	7.84960316E+03	6.93926869E+03	6.39765705E+03	6.20009652E+03	3.76735601E+03	3.62207732E+03	3.29920641E+03	3.07165603E+03
1.18366077E+05	2.45953878E+04	2.37909685E+04	1.99952974E+04	8.29861254E+03	7.94363017E+03	7.02963105E+03	6.47976921E+03	6.29238991E+03	3.83930327E+03	3.68234734E+03	3.36955096E+03	3.14540515E+03
1.18475630E+05	2.47028432E+04	2.38976448E+04	2.01047947E+04	8.39407439E+03	8.03935292E+03	7.12543300E+03	6.57580928E+03	6.39069111E+03	3.91539418E+03	3.74939546E+03	3.44364678E+03	3.22587841E+03
1.18586898E+05	2.48117700E+04	2.40071760E+04	2.02111339E+04	8.49061972E+03	8.13681976E+03	7.21661029E+03	6.67287240E+03	6.48570434E+03	3.99331202E+03	3.82349294E+03	3.51389880E+03	3.30048717E+03
1.18699882E+05	2.49223349E+04	2.41196268E+04	2.03249104E+04	8.58838754E+03	8.23603489E+03	7.31964920E+03	6.77466213E+03	6.59015399E+03	4.07416600E+03	3.90497251E+03	3.59996640E+03
1.18813638E+05	2.50275473E+04	2.42281066E+04	2.04259281E+04	8.68009946E+03	8.33034432E+03	7.40579348E+03	6.86703299E+03	6.68350913E+03	4.13609119E+03	3.97724777E+03	3.67236155E+03
1.18929725E+05	2.51341929E+04	2.43375461E+04	2.05326100E+04	8.77356854E+03	8.42610071E+03	7.49852417E+03	6.96437621E+03	6.77785301E+03	4.20382721E+03	4.05327175E+03	3.75185556E+03
1.19048249E+05	2.52422877E+04	2.44479760E+04	2.06403460E+04	8.86885692E+03	8.52294050E+03	7.59201973E+03	7.05744179E+03	6.87280851E+03	4.27776975E+03	4.13128736E+03	3.82532467E+03
1.19169204E+05	2.53518837E+04	2.45593672E+04	2.07515703E+04	8.96606528E+03	8.62121869E+03	7.68968072E+03	7.16112783E+03	6.97257340E+03	4.35846278E+03	4.21276537E+03
1.19303363E+05	2.54699735E+04	2.46727278E+04	2.08697773E+04	9.06748638E+03	8.71597390E+03	7.79060444E+03	7.26319650E+03	7.07620105E+03	4.42594305E+03	4.29849473E+03
1.19442430E+05	2.55891928E+04	2.47964644E+04	2.09890142E+04	9.17207183E+03	8.82252500E+03	7.89424812E+03	7.36986079E+03	7.18172779E+03	4.51117424E+03
1.19565942E+05	2.56995279E+04	2.49137391E+04	2.11033272E+04	9.26634514E+03	8.92368253E+03	7.99292205E+03	7.47281443E+03	7.28377106E+03	4.59629033E+03
1.19699552E+05	2.58173772E+04	2.50328299E+04	2.12208759E+04	9.37047249E+03	9.02881838E+03	8.09594368E+03	7.57824630E+03	7.38874262E+03
1.19914805E+05	2.60210401E+04	2.52465743E+04	2.14127363E+04	9.52321444E+03	9.19316325E+03	8.22857899E+03	7.73967184E+03	7.55140781E+03
1.20133008E+05	2.62287427E+04	2.54632549E+04	2.16157949E+04	9.67949449E+03	9.36148288E+03	8.37499316E+03	7.91474993E+03	7.72448743E+03
1.20354136E+05	2.64409818E+04	2.56824970E+04	2.18265810E+04	9.83992090E+03	9.53247788E+03	8.52989690E+03	8.09699816E+03	7.90944637E+03
1.20578253E+05	2.66578520E+04	2.59043456E+04	2.20429417E+04	1.00044704E+04	9.70610298E+03	8.68977604E+03	8.26663452E+03	8.08532227E+03
1.20805378E+05	2.68795747E+04	2.61287871E+04	2.22655141E+04	1.01733590E+04	9.88218024E+03	8.85482061E+03	8.44568931E+03	8.25546665E+03
1.21035430E+05	2.71069441E+04	2.63563017E+04	2.24981790E+04	1.03475656E+04	1.00622022E+04	9.02948095E+03	8.64448748E+03
1.21275260E+05	2.73347595E+04	2.65792443E+04	2.27240065E+04	1.05113875E+04	1.02096341E+04	9.18970741E+03	8.82413529E+03
1.21519145E+05	2.75681184E+04	2.68103906E+04	2.29642083E+04	1.06827066E+04	1.03706585E+04	9.35953013E+03	9.02187487E+03
1.21767227E+05	2.78048699E+04	2.70499799E+04	2.31923172E+04	1.08577085E+04	1.05453989E+04	9.51960336E+03	9.20420767E+03
1.22019529E+05	2.80458075E+04	2.72982525E+04	2.34454198E+04	1.10383380E+04	1.07340756E+04	9.71143046E+03
1.22264742E+05	2.82575779E+04	2.75228035E+04	2.36402940E+04	1.11716590E+04	1.08940685E+04	9.86886029E+03
1.22516058E+05	2.84729175E+04	2.77491314E+04	2.38562774E+04	1.13175732E+04	1.10611227E+04	1.00412292E+04
1.22773814E+05	2.86918881E+04	2.79772245E+04	2.40742348E+04	1.14766832E+04	1.12324030E+04	1.02007634E+04
1.23037978E+05	2.89146080E+04	2.82070106E+04	2.43026739E+04	1.16496601E+04	1.14107628E+04
1.23340107E+05	2.91570364E+04	2.84297882E+04	2.45456924E+04	1.17982136E+04	1.16030628E+04
1.23657290E+05	2.94014123E+04	2.86916647E+04	2.47907563E+04	1.19819446E+04
1.23915517E+05	2.96088046E+04	2.89259602E+04	2.50140945E+04	1.21617473E+04
1.24205964E+05	2.98432666E+04	2.91656136E+04	2.52477335E+04
1.24779195E+05	3.01977134E+04	2.96225684E+04	2.56728515E+04
1.25372259E+05	3.05836077E+04	3.00914822E+04	2.61444249E+04
1.25986400E+05	3.10021686E+04	3.05690257E+04	2.65764269E+04
1.26621578E+05	3.14544760E+04	3.10584244E+04
1.27395652E+05	3.18776297E+04	3.16397849E+04
1.28233478E+05	3.23646854E+04
1.28807542E+05	3.28276809E+04
1.29515061E+05
1.31774442E+05
