1.18569710E+05	2.24144320E+04	2.15892476E+04	1.75928403E+04	5.74405874E+03	5.37167732E+03	4.43832131E+03	3.84948010E+03	3.66433534E+03	1.50926824E+03	1.34090859E+03	1.09241426E+03	8.22491841E+02	7.76635799E+02	3.45700187E+02	2.78782672E+02	2.17402769E+02	4.13223154E+02	4.05752874E+02	1.12303254E+02	1.04364144E+02	5.53963908E+01	3.53562130E+01	2.22910271E+01	7.13323338E+00	0	5.92587424E+00	0	4.97562998E+00
1.18576645E+05	2.24211669E+04	2.15960033E+04	1.75995847E+04	5.75079256E+03	5.37841427E+03	4.44506320E+03	3.85620935E+03	3.67107266E+03	1.51592879E+03	1.34761218E+03	1.09911362E+03	8.29192379E+02	7.83359727E+02	3.52314455E+02	2.85493622E+02	2.24054351E+02	4.20036509E+02	4.12510122E+02	1.18378485E+02	1.11033981E+02	6.17222472E+01	4.19714218E+01	2.85632076E+01	1.38840604E+01	0	1.24462491E+01	0	1.17311199E+01
1.18584400E+05	2.24289020E+04	2.16036870E+04	1.76072620E+04	5.75847762E+03	5.38609141E+03	4.45273838E+03	3.86386179E+03	3.67871711E+03	1.52357879E+03	1.35525672E+03	1.10674453E+03	8.36835189E+02	7.90985321E+02	3.59956322E+02	2.93118289E+02	2.31645091E+02	4.27619136E+02	4.20141122E+02	1.25982388E+02	1.18614814E+02	6.92855339E+01	4.93819254E+01	3.59650554E+01	2.13643365E+01	0	1.91128689E+01
1.18594995E+05	2.24395640E+04	2.16143664E+04	1.76179263E+04	5.76901027E+03	5.39664699E+03	4.46325357E+03	3.87445709E+03	3.68924741E+03	1.53406787E+03	1.36575858E+03	1.11716998E+03	8.47350013E+02	8.01348845E+02	3.70410917E+02	3.03582943E+02	2.42118460E+02	4.37811404E+02	4.30495988E+02	1.36141004E+02	1.28879804E+02	7.96974048E+01	5.95161366E+01	4.66810964E+01	3.13345804E+01
1.18612146E+05	2.24571681E+04	2.16318800E+04	1.76354857E+04	5.78711335E+03	5.41457963E+03	4.48120744E+03	3.89230762E+03	3.70723661E+03	1.55200136E+03	1.38358741E+03	1.13494440E+03	8.64975879E+02	8.19266392E+02	3.88198849E+02	3.20784760E+02	2.59106553E+02	4.56028712E+02	4.48454710E+02	1.54428180E+02	1.45853237E+02	9.47648181E+01	7.31076483E+01	5.97442218E+01	4.73634776E+01
1.18630982E+05	2.24764186E+04	2.16510384E+04	1.76546984E+04	5.80688398E+03	5.43420624E+03	4.50067762E+03	3.91187994E+03	3.72663620E+03	1.57153585E+03	1.40303494E+03	1.15394372E+03	8.84187072E+02	8.38081096E+02	4.07451525E+02	3.39434402E+02	2.77246521E+02	4.79330635E+02	4.67405951E+02	1.72700464E+02	1.63160808E+02	1.10708167E+02	8.76468665E+01	7.34897466E+01	6.36274827E+01
1.18651088E+05	2.24970818E+04	2.16715916E+04	1.76753550E+04	5.82809894E+03	5.45535868E+03	4.52175468E+03	3.93301554E+03	3.74738210E+03	1.59245499E+03	1.42391890E+03	1.17460631E+03	9.04952292E+02	8.58158599E+02	4.27910820E+02	3.59503352E+02	2.97183030E+02	4.99737419E+02	4.87476454E+02	1.93585861E+02	1.81431100E+02	1.27366077E+02	1.03155959E+02	8.83378952E+01	8.02914937E+01
1.18672563E+05	2.25191093E+04	2.16934845E+04	1.76974324E+04	5.85070380E+03	5.47795516E+03	4.54492033E+03	3.95579469E+03	3.77077775E+03	1.61465767E+03	1.44612341E+03	1.19763333E+03	9.27410429E+02	8.81819578E+02	4.49563420E+02	3.80979376E+02	3.20268792E+02	5.22920166E+02	5.11230190E+02	2.14872689E+02	2.05423768E+02	1.44754892E+02	1.19586575E+02	1.05111359E+02
1.18690427E+05	2.25367920E+04	2.17112451E+04	1.77149769E+04	5.86816993E+03	5.49548342E+03	4.56223387E+03	3.97319725E+03	3.78824822E+03	1.63184853E+03	1.46341900E+03	1.21461201E+03	9.44384146E+02	8.98912222E+02	4.66024402E+02	3.97677070E+02	3.36188973E+02	5.39851595E+02	5.28250616E+02	2.30674130E+02	2.21491465E+02	1.57083306E+02	1.33129163E+02	1.18756541E+02
1.18708999E+05	2.25551538E+04	2.17296899E+04	1.77333354E+04	5.88626809E+03	5.51364302E+03	4.58029318E+03	3.99145022E+03	3.80637076E+03	1.64966323E+03	1.48133462E+03	1.23231557E+03	9.62447935E+02	9.16785441E+02	4.83130173E+02	4.14997970E+02	3.53020878E+02	5.57970296E+02	5.46271657E+02	2.47863159E+02	2.38248487E+02	1.70433145E+02	1.47962525E+02	1.34271130E+02
1.18728163E+05	2.25740844E+04	2.17486992E+04	1.77522486E+04	5.90496187E+03	5.53238059E+03	4.59894511E+03	4.00993690E+03	3.82502198E+03	1.66809763E+03	1.49981698E+03	1.25066626E+03	9.80374919E+02	9.35039101E+02	5.00902936E+02	4.32855611E+02	3.70602576E+02	5.75986559E+02	5.64504337E+02	2.64428519E+02	2.55316971E+02	1.84951543E+02	1.63248914E+02	1.48737175E+02
1.18748037E+05	2.25936445E+04	2.17683471E+04	1.77718603E+04	5.92427080E+03	5.55170998E+03	4.61829127E+03	4.02952565E+03	3.84440087E+03	1.68717678E+03	1.51888942E+03	1.26978347E+03	9.99987445E+02	9.54194148E+02	5.19443946E+02	4.51321401E+02	3.89062871E+02	5.95450404E+02	5.83671395E+02	2.83634091E+02	2.73647472E+02	2.01449453E+02	1.79292349E+02
1.18770041E+05	2.26150345E+04	2.17895448E+04	1.77932715E+04	5.94529087E+03	5.57246405E+03	4.63931735E+03	4.05053817E+03	3.86547627E+03	1.70779179E+03	1.53911052E+03	1.29037298E+03	1.02049061E+03	9.74816680E+02	5.39018588E+02	4.70002873E+02	4.08466883E+02	6.16040747E+02	6.04321952E+02	3.02384401E+02	2.92745465E+02	2.16041996E+02	1.96395871E+02
1.18792872E+05	2.26371399E+04	2.18117683E+04	1.78153777E+04	5.96702284E+03	5.59423430E+03	4.66102504E+03	4.07228439E+03	3.88720807E+03	1.72920255E+03	1.56052833E+03	1.31171824E+03	1.04182374E+03	9.96146738E+02	5.59640860E+02	4.90528767E+02	4.28871008E+02	6.37357684E+02	6.25634649E+02	3.22486764E+02	3.12823360E+02	2.34101152E+02
1.18816536E+05	2.26602095E+04	2.18351322E+04	1.78386580E+04	5.98968215E+03	5.61716820E+03	4.68391292E+03	4.09528109E+03	3.91018967E+03	1.75126697E+03	1.58297521E+03	1.33405709E+03	1.06427935E+03	1.01856788E+03	5.80044219E+02	5.11620088E+02	4.49523610E+02	6.59854916E+02	6.48118341E+02	3.42929285E+02	3.33101961E+02	2.52976570E+02
1.18841133E+05	2.26841629E+04	2.18591662E+04	1.78625946E+04	6.01327840E+03	5.64079654E+03	4.70747955E+03	4.11889561E+03	3.93378662E+03	1.77450688E+03	1.60622547E+03	1.35720052E+03	1.08743471E+03	1.04169500E+03	6.02312380E+02	5.33801362E+02	4.71416741E+02	6.82984468E+02	6.71235365E+02	3.64522750E+02	3.54600865E+02
1.18875000E+05	2.27178758E+04	2.18932541E+04	1.78958163E+04	6.04632287E+03	5.67400503E+03	4.74016475E+03	4.15160717E+03	3.96550456E+03	1.80620440E+03	1.63815694E+03	1.38834614E+03	1.11813462E+03	1.07055361E+03	6.29533936E+02	5.61912674E+02	4.92916847E+02	7.13674199E+02	7.01620722E+02	3.89716524E+02	3.80171560E+02
1.18909718E+05	2.27524400E+04	2.19281844E+04	1.79301690E+04	6.08012917E+03	5.70799061E+03	4.77403057E+03	4.18599472E+03	3.99953362E+03	1.83861202E+03	1.67085192E+03	1.42074242E+03	1.15107710E+03	1.10301922E+03	6.57417879E+02	5.91303996E+02	5.17607121E+02	7.45904409E+02	7.34115182E+02	4.17150213E+02	4.07685781E+02
1.18945280E+05	2.27879198E+04	2.19639423E+04	1.79655958E+04	6.11471086E+03	5.74272635E+03	4.80838821E+03	4.22111153E+03	4.03410764E+03	1.87175947E+03	1.70422873E+03	1.45331489E+03	1.18492390E+03	1.13596534E+03	6.86144330E+02	6.21563070E+02	5.44636837E+02	7.79706446E+02	7.67059237E+02	4.45715138E+02	4.37016155E+02
1.18981691E+05	2.28243102E+04	2.20005307E+04	1.80020136E+04	6.15006497E+03	5.77821470E+03	4.84347384E+03	4.25626514E+03	4.06935355E+03	1.90564119E+03	1.73829050E+03	1.48664465E+03	1.21808095E+03	1.16899403E+03	7.15576111E+02	6.52498772E+02	5.73027058E+02	8.12731684E+02	8.00017395E+02	4.73201394E+02	4.65406854E+02
1.19018954E+05	2.28616303E+04	2.20379190E+04	1.80394446E+04	6.18619008E+03	5.81443353E+03	4.87954700E+03	4.29239827E+03	4.10567822E+03	1.94027453E+03	1.77299175E+03	1.52106933E+03	1.25265870E+03	1.20320193E+03	7.45836687E+02	6.83602124E+02	6.02589343E+02	8.45718581E+02	8.34538820E+02	5.02520134E+02	4.93600008E+02
1.19056933E+05	2.29000378E+04	2.20761359E+04	1.80780237E+04	6.22312806E+03	5.85136065E+03	4.91666829E+03	4.33028449E+03	4.14322021E+03	1.97593223E+03	1.80850602E+03	1.55677073E+03	1.29001244E+03	1.23932291E+03	7.78614898E+02	7.17378510E+02	6.34812803E+02	8.82239606E+02	8.70495634E+02	5.34797159E+02
1.19096595E+05	2.29394334E+04	2.21152846E+04	1.81174422E+04	6.26112724E+03	5.88935196E+03	4.95407421E+03	4.36714546E+03	4.18085254E+03	2.01187598E+03	1.84396130E+03	1.59168052E+03	1.32209532E+03	1.27399440E+03	8.09185093E+02	7.41773071E+02	6.64036875E+02	9.18034171E+02	9.05245068E+02	5.64019956E+02
1.19137018E+05	2.29798728E+04	2.21554863E+04	1.81581916E+04	6.29996296E+03	5.92815919E+03	4.99317439E+03	4.40594581E+03	4.22030210E+03	2.04885672E+03	1.88039180E+03	1.62870323E+03	1.35815033E+03	1.31105662E+03	8.41667676E+02	7.68931643E+02	6.94959405E+02	9.55095308E+02	9.42451211E+02	5.95857482E+02
1.19178441E+05	2.30211642E+04	2.21968053E+04	1.81989417E+04	6.33954025E+03	5.96782945E+03	5.03151232E+03	4.44548815E+03	4.25921235E+03	2.08653239E+03	1.91784214E+03	1.66422600E+03	1.39506877E+03	1.34692367E+03	8.74883935E+02	7.99234081E+02	7.24419415E+02	9.91191971E+02	9.78612303E+02	6.25476318E+02
1.19220757E+05	2.30632948E+04	2.22392442E+04	1.82416948E+04	6.37985738E+03	6.00835713E+03	5.07305974E+03	4.48648928E+03	4.30080507E+03	2.12497552E+03	1.95632679E+03	1.70476261E+03	1.43374082E+03	1.38719253E+03	9.09291646E+02	8.33213988E+02	7.60995879E+02	1.03073501E+03	1.01863251E+03
1.19286661E+05	2.31312833E+04	2.23069680E+04	1.83091322E+04	6.44801122E+03	6.07764263E+03	5.13950521E+03	4.55303009E+03	4.36300460E+03	2.18378958E+03	2.01653132E+03	1.75971862E+03	1.48972232E+03	1.43335806E+03	9.51658433E+02	8.75060790E+02	7.99354059E+02	1.08684065E+03	1.07525484E+03
1.19354088E+05	2.32008619E+04	2.23762378E+04	1.83788280E+04	6.51771273E+03	6.14870383E+03	5.20718190E+03	4.62460795E+03	4.43022302E+03	2.24369467E+03	2.07828258E+03	1.81573874E+03	1.55024119E+03	1.48700873E+03	9.94695097E+02	9.17655609E+02	8.39470946E+02	1.14554338E+03	1.13430735E+03
1.19423008E+05	2.32720108E+04	2.24470265E+04	1.84501155E+04	6.58901987E+03	6.22132028E+03	5.27645012E+03	4.69877339E+03	4.50013531E+03	2.30478914E+03	2.14118944E+03	1.87309100E+03	1.61593985E+03	1.54379244E+03	1.03842098E+03	9.60935987E+02	8.80605346E+02	1.20923177E+03	1.19801760E+03
1.19493395E+05	2.33446978E+04	2.25192957E+04	1.85224346E+04	6.66205152E+03	6.29547210E+03	5.34767304E+03	4.77385807E+03	4.57182248E+03	2.36725907E+03	2.20529810E+03	1.93206342E+03	1.67871503E+03	1.60225730E+03	1.08288098E+03	1.00492047E+03	9.21433846E+02	1.27518236E+03	1.26476343E+03
1.19564815E+05	2.34189098E+04	2.25931095E+04	1.85964512E+04	6.73664074E+03	6.37114314E+03	5.42100136E+03	4.84806633E+03	4.64555174E+03	2.43077522E+03	2.27042113E+03	1.99264249E+03	1.73206488E+03	1.66235744E+03	1.12800683E+03	1.04959326E+03	9.62964325E+02	1.33807899E+03	1.32942589E+03
1.19638304E+05	2.34948628E+04	2.26685338E+04	1.86723834E+04	6.81270081E+03	6.44808973E+03	5.49684114E+03	4.92411447E+03	4.72209418E+03	2.49512031E+03	2.33595537E+03	2.05511354E+03	1.76460744E+03	1.72480573E+03	1.17374207E+03	1.09487257E+03	1.00551091E+03	1.40763162E+03	1.39353810E+03
1.19713832E+05	2.35725082E+04	2.27454935E+04	1.87503283E+04	6.89036473E+03	6.52606331E+03	5.57572008E+03	5.00010424E+03	4.80220450E+03	2.56046564E+03	2.40146412E+03	2.11996940E+03	1.82897347E+03	1.79039441E+03	1.22015108E+03	1.14066016E+03	1.04936029E+03	1.47031294E+03
1.19789603E+05	2.36510747E+04	2.28232319E+04	1.88292526E+04	6.97292245E+03	6.60827489E+03	5.65904648E+03	5.08672163E+03	4.88547795E+03	2.63242456E+03	2.47421422E+03	2.18983325E+03	1.90778461E+03	1.85995324E+03	1.26848884E+03	1.18776152E+03	1.09468733E+03	1.54618700E+03
1.19868136E+05	2.37323814E+04	2.29039420E+04	1.89097367E+04	7.05340246E+03	6.68702555E+03	5.73710690E+03	5.16190766E+03	4.96436187E+03	2.69946176E+03	2.53764539E+03	2.25268647E+03	1.96706910E+03	1.92260960E+03	1.31560380E+03	1.23422626E+03	1.13779494E+03	1.61200357E+03
1.19948160E+05	2.38151709E+04	2.29861565E+04	1.89929966E+04	7.13645018E+03	6.76800092E+03	5.82010617E+03	5.24019472E+03	5.04767741E+03	2.76884913E+03	2.60348729E+03	2.31957293E+03	2.02762732E+03	1.98910473E+03	1.36386033E+03	1.28153017E+03	1.18357198E+03	1.68305483E+03
1.20029615E+05	2.38993929E+04	2.30698151E+04	1.90770839E+04	7.22156961E+03	6.85123681E+03	5.90463300E+03	5.32265851E+03	5.13447966E+03	2.84005642E+03	2.67169129E+03	2.38734360E+03	2.10455348E+03	2.05843723E+03	1.41297731E+03	1.32969027E+03	1.22970942E+03	1.75819040E+03
1.20112624E+05	2.39852260E+04	2.31550589E+04	1.91625893E+04	7.30817321E+03	6.93671802E+03	5.98746162E+03	5.40789399E+03	5.21861559E+03	2.91221591E+03	2.74201273E+03	2.45357296E+03	2.16872107E+03	2.12462293E+03	1.46272029E+03	1.37869697E+03	1.27497213E+03	1.82959316E+03
1.20197178E+05	2.40726652E+04	2.32418701E+04	1.92500889E+04	7.39615768E+03	7.02456704E+03	6.07406752E+03	5.49588148E+03	5.30205618E+03	2.98523081E+03	2.81458971E+03	2.52291700E+03	2.25370153E+03	2.18986820E+03	1.51304289E+03	1.42853900E+03	1.32162833E+03	1.89909949E+03
1.20283267E+05	2.41616838E+04	2.33302341E+04	1.93399200E+04	7.48598186E+03	7.11483568E+03	6.16955052E+03	5.58839138E+03	5.40130142E+03	3.05973813E+03	2.88943658E+03	2.60034652E+03	2.32849835E+03	2.27239845E+03	1.56410241E+03	1.47919249E+03	1.37218723E+03
1.20341110E+05	2.42170667E+04	2.33866041E+04	1.93939370E+04	7.53769816E+03	7.16724249E+03	6.21985557E+03	5.64000889E+03	5.45328462E+03	3.10646150E+03	2.93709146E+03	2.64474173E+03	2.37422413E+03	2.31890379E+03	1.59696904E+03	1.51686200E+03	1.41017056E+03
1.20400049E+05	2.42732389E+04	2.34436204E+04	1.94500943E+04	7.59023433E+03	7.22038261E+03	6.27207757E+03	5.69380753E+03	5.50607207E+03	3.15416955E+03	2.98559469E+03	2.69174950E+03	2.42286766E+03	2.36630028E+03	1.63279258E+03	1.55671349E+03	1.45209296E+03
1.20460127E+05	2.43302019E+04	2.35012924E+04	1.95069261E+04	7.64361529E+03	7.27415881E+03	6.32486060E+03	5.74610691E+03	5.55918816E+03	3.20290911E+03	3.03473397E+03	2.73947583E+03	2.46905912E+03	2.41377214E+03	1.67185646E+03	1.59762586E+03	1.49079355E+03
1.20521393E+05	2.43879892E+04	2.35596094E+04	1.95652480E+04	7.69788670E+03	7.32867544E+03	6.37932212E+03	5.80246056E+03	5.61420977E+03	3.25277034E+03	3.08471336E+03	2.78928152E+03	2.52179826E+03	2.46393700E+03	1.71464613E+03	1.64038660E+03
1.20588398E+05	2.44499516E+04	2.36199538E+04	1.96272122E+04	7.75519051E+03	7.38421542E+03	6.43644126E+03	5.85980849E+03	5.67200470E+03	3.30414240E+03	3.13312187E+03	2.84023074E+03	2.57237403E+03	2.51528740E+03	1.75034890E+03	1.68506651E+03
1.20657466E+05	2.45126388E+04	2.36840600E+04	1.96898651E+04	7.81370588E+03	7.44331185E+03	6.49465571E+03	5.91881664E+03	5.73068286E+03	3.35748556E+03	3.18665313E+03	2.89286321E+03	2.62533939E+03	2.56798357E+03	1.79555955E+03
1.20722141E+05	2.45732294E+04	2.37469088E+04	1.97517622E+04	7.87010942E+03	7.50158381E+03	6.55222799E+03	5.97750678E+03	5.78910445E+03	3.40703600E+03	3.23881264E+03	2.94394943E+03	2.67749261E+03	2.61979825E+03	1.84126545E+03
1.20790673E+05	2.46366621E+04	2.38106647E+04	1.98150668E+04	7.92957877E+03	7.56131090E+03	6.61134213E+03	6.03724343E+03	5.84871687E+03	3.46129735E+03	3.29318957E+03	2.99736915E+03	2.73125715E+03	2.67333033E+03
1.20889835E+05	2.47333037E+04	2.39099477E+04	1.99087193E+04	8.01815089E+03	7.65129809E+03	6.69770465E+03	6.12499918E+03	5.92900176E+03	3.52961574E+03	3.36533714E+03	3.05363456E+03	2.79917589E+03	2.74226460E+03
1.20990366E+05	2.48315858E+04	2.40105831E+04	2.00058461E+04	8.10780844E+03	7.74236312E+03	6.78661498E+03	6.21809259E+03	6.01984812E+03	3.59955354E+03	3.43974014E+03	3.11768936E+03	2.87231410E+03	2.81526460E+03
1.21092249E+05	2.49316636E+04	2.41124581E+04	2.01056105E+04	8.19861707E+03	7.83440773E+03	6.87586872E+03	6.31353417E+03	6.11137146E+03	3.67150286E+03	3.51558280E+03	3.18661195E+03	2.94829279E+03	2.89285192E+03
1.21195516E+05	2.50335629E+04	2.42155925E+04	2.02074597E+04	8.29058971E+03	7.92744804E+03	6.96579936E+03	6.40545938E+03	6.20307948E+03	3.74541725E+03	3.59281381E+03	3.25816101E+03	3.01967704E+03	2.96697793E+03
1.21300168E+05	2.51373695E+04	2.43199841E+04	2.03115715E+04	8.38375159E+03	8.02146186E+03	7.05787345E+03	6.50071330E+03	6.29615288E+03	3.82153066E+03	3.67126005E+03	3.33211821E+03	3.09521565E+03	3.03915772E+03
1.21406147E+05	2.52433906E+04	2.44257803E+04	2.04189991E+04	8.47824795E+03	8.11654783E+03	7.15314075E+03	6.60291445E+03	6.39576324E+03	3.90068526E+03	3.75203060E+03	3.41077809E+03	3.17910625E+03
1.21515926E+05	2.53505250E+04	2.45315314E+04	2.05257388E+04	8.57382149E+03	8.21216953E+03	7.24496565E+03	6.68661359E+03	6.48955833E+03	3.97380769E+03	3.81342051E+03	3.48222175E+03	3.25404799E+03
1.21627369E+05	2.54598299E+04	2.46400832E+04	2.06371325E+04	8.67087905E+03	8.30950770E+03	7.34232960E+03	6.78423143E+03	6.58946863E+03	4.05112042E+03	3.88168624E+03	3.55746551E+03	3.33583727E+03
1.21740560E+05	2.55706066E+04	2.47515094E+04	2.07452655E+04	8.76902303E+03	8.40860904E+03	7.43496926E+03	6.88287608E+03	6.68602569E+03	4.13029859E+03	3.95708278E+03	3.62880256E+03	3.41165485E+03
1.21855486E+05	2.56830192E+04	2.48658752E+04	2.08608989E+04	8.86839243E+03	8.50947658E+03	7.53963552E+03	6.98631999E+03	6.79211591E+03	4.21247694E+03	4.03992554E+03	3.71619170E+03
1.21971142E+05	2.57899407E+04	2.49761355E+04	2.09634986E+04	8.96152580E+03	8.60528430E+03	7.62707440E+03	7.08011831E+03	6.88690087E+03	4.27542088E+03	4.11339013E+03	3.78968232E+03
1.22089149E+05	2.58983109E+04	2.50873664E+04	2.10718628E+04	9.05644574E+03	8.70254818E+03	7.72121955E+03	7.17896128E+03	6.98266524E+03	4.34427118E+03	4.19064121E+03	3.87037015E+03
1.22209630E+05	2.60081459E+04	2.51996010E+04	2.11812838E+04	9.15321242E+03	8.80090262E+03	7.81611411E+03	7.27344563E+03	7.07904779E+03	4.41941682E+03	4.26990133E+03	3.94492982E+03
1.22332563E+05	2.61194945E+04	2.53128066E+04	2.12942513E+04	9.25192408E+03	8.90070378E+03	7.91524093E+03	7.37869437E+03	7.18031237E+03	4.50138046E+03	4.35266052E+03
1.22469336E+05	2.62397219E+04	2.54281944E+04	2.14145135E+04	9.35510778E+03	8.99708557E+03	8.01784097E+03	7.48246961E+03	7.28566842E+03	4.56995080E+03	4.43986862E+03
1.22611224E+05	2.63611106E+04	2.55542303E+04	2.15358340E+04	9.46147735E+03	9.10549569E+03	8.12318185E+03	7.59092191E+03	7.39292674E+03	4.65660339E+03
1.22736941E+05	2.64733195E+04	2.56735976E+04	2.16520734E+04	9.55729653E+03	9.20836465E+03	8.22343775E+03	7.69555563E+03	7.49660745E+03	4.74311739E+03
1.22873058E+05	2.65932180E+04	2.57947567E+04	2.17715979E+04	9.66315518E+03	9.31525625E+03	8.32811043E+03	7.80269392E+03	7.60326396E+03
1.23091364E+05	2.67998512E+04	2.60116110E+04	2.19661614E+04	9.81821562E+03	9.48217003E+03	8.46262851E+03	7.96644239E+03	7.76820243E+03
1.23312636E+05	2.70105714E+04	2.62313924E+04	2.21720817E+04	9.97687996E+03	9.65307484E+03	8.61112816E+03	8.14403423E+03	7.94367179E+03
1.23536855E+05	2.72258683E+04	2.64537344E+04	2.23858008E+04	1.01397516E+04	9.82666365E+03	8.76819616E+03	8.32883018E+03	8.13120645E+03
1.23764080E+05	2.74458389E+04	2.66786803E+04	2.26051437E+04	1.03068109E+04	1.00028957E+04	8.93028156E+03	8.50089281E+03	8.30948102E+03
1.23994314E+05	2.76706948E+04	2.69062197E+04	2.28307698E+04	1.04782645E+04	1.01816020E+04	9.09758625E+03	8.68237077E+03	8.48186414E+03
1.24227523E+05	2.79012087E+04	2.71368178E+04	2.30666269E+04	1.06550625E+04	1.03642647E+04	9.27461800E+03	8.88386003E+03
1.24470805E+05	2.81325170E+04	2.73632562E+04	2.32956731E+04	1.08213649E+04	1.05140006E+04	9.43703480E+03	9.06602847E+03
1.24718230E+05	2.83693042E+04	2.75979290E+04	2.35393745E+04	1.09952348E+04	1.06775322E+04	9.60918586E+03	9.26657892E+03
1.24969894E+05	2.86094719E+04	2.78410770E+04	2.37707203E+04	1.11728421E+04	1.08549806E+04	9.77143373E+03	9.45146676E+03
1.25225845E+05	2.88537947E+04	2.80929328E+04	2.40271747E+04	1.13561759E+04	1.10465583E+04	9.96578981E+03
1.25474565E+05	2.90685764E+04	2.83208194E+04	2.42246329E+04	1.14914641E+04	1.12089659E+04	1.01253233E+04
1.25729462E+05	2.92869821E+04	2.85504415E+04	2.44435304E+04	1.16395372E+04	1.13784832E+04	1.02999835E+04
1.25990885E+05	2.95090714E+04	2.87818178E+04	2.46644131E+04	1.18009904E+04	1.15522637E+04	1.04616176E+04
1.26258788E+05	2.97349622E+04	2.90148448E+04	2.48959503E+04	1.19764750E+04	1.17331864E+04
1.26566508E+05	2.99814967E+04	2.92413278E+04	2.51428743E+04	1.21274171E+04	1.19286909E+04
1.26889969E+05	3.02300886E+04	2.95078423E+04	2.53917241E+04	1.23140667E+04
1.27152499E+05	3.04407433E+04	2.97461370E+04	2.56184975E+04	1.24967049E+04
1.27448192E+05	3.06790668E+04	2.99897139E+04	2.58557369E+04
1.28029127E+05	3.10386956E+04	3.04538166E+04	2.62862933E+04
1.28630107E+05	3.14303073E+04	3.09297738E+04	2.67640024E+04
1.29252404E+05	3.18551186E+04	3.14143667E+04	2.72014470E+04
1.29895936E+05	3.23141823E+04	3.19107249E+04
1.30685261E+05	3.27452742E+04	3.25034042E+04
1.31541346E+05	3.32406120E+04
1.32125131E+05	3.37116375E+04
1.32846325E+05
1.35150882E+05
