1.21683190E+05	2.31022652E+04	2.22520837E+04	1.80355113E+04	5.93320379E+03	5.55407512E+03	4.56641690E+03	3.96823476E+03	3.77298271E+03	1.56431767E+03	1.39223876E+03	1.12795812E+03	8.52329660E+02	8.03811813E+02	3.56141401E+02	2.88242037E+02	2.21712971E+02	4.32623331E+02	4.24327443E+02	1.11648938E+02	1.05138108E+02	5.42521420E+01	3.53240898E+01	2.16322257E+01	4.49205087E+00	0	0	0	5.24994629E+00
1.21689877E+05	2.30980157E+04	2.22587193E+04	1.80421541E+04	5.93973830E+03	5.56059738E+03	4.57296460E+03	3.97466573E+03	3.77953436E+03	1.57074200E+03	1.39871382E+03	1.13442723E+03	8.58695256E+02	8.10297188E+02	3.62494003E+02	2.94628214E+02	2.28007270E+02	4.40540581E+02	4.30834288E+02	1.20105365E+02	1.11438125E+02	6.02576325E+01	4.14992119E+01	2.75761147E+01	1.08554757E+01	0	0	0	1.10319529E+01
1.21697537E+05	2.31056764E+04	2.22663574E+04	1.80497906E+04	5.94744095E+03	5.56833332E+03	4.58067525E+03	3.98244921E+03	3.78721969E+03	1.57842088E+03	1.40639535E+03	1.14208605E+03	8.66461840E+02	8.17963187E+02	3.70198673E+02	3.02372613E+02	2.35744208E+02	4.48209152E+02	4.38468225E+02	1.28302055E+02	1.19173849E+02	6.79429073E+01	4.90917672E+01	3.51661199E+01	1.84821349E+01
1.21713356E+05	2.31218815E+04	2.22824775E+04	1.80659185E+04	5.96382916E+03	5.58462603E+03	4.59699229E+03	3.99868944E+03	3.80354409E+03	1.59471365E+03	1.42267507E+03	1.15808309E+03	8.82551313E+02	8.33895218E+02	3.86276893E+02	3.18001630E+02	2.51265854E+02	4.62462216E+02	4.54453296E+02	1.41088166E+02	1.34032417E+02	8.18381687E+01	6.15941096E+01	4.73125836E+01	3.22765545E+01
1.21730858E+05	2.31398012E+04	2.23003426E+04	1.80838918E+04	5.98219475E+03	5.60280159E+03	4.61537162E+03	4.01670336E+03	3.82192739E+03	1.61291240E+03	1.44076409E+03	1.17636692E+03	9.00874310E+02	8.52090582E+02	4.04288842E+02	3.35427323E+02	2.68971216E+02	4.80745400E+02	4.72646079E+02	1.59315949E+02	1.51310769E+02	9.71099712E+01	7.53709491E+01	6.10101850E+01	4.84525683E+01
1.21749832E+05	2.31592501E+04	2.23196671E+04	1.81032752E+04	6.00218848E+03	5.62259873E+03	4.63519627E+03	4.03640841E+03	3.84182010E+03	1.63267873E+03	1.46040935E+03	1.19595613E+03	9.20285062E+02	8.71844521E+02	4.23791072E+02	3.54226995E+02	2.87556413E+02	5.00687650E+02	4.92463083E+02	1.79122452E+02	1.69848488E+02	1.13334593E+02	9.00790332E+01	7.50805353E+01	6.60450189E+01
1.21770257E+05	2.31801735E+04	2.23404883E+04	1.81241617E+04	6.02367825E+03	5.64393315E+03	4.65636160E+03	4.05769022E+03	3.86289680E+03	1.65385716E+03	1.48149334E+03	1.21653403E+03	9.41098187E+02	8.92224228E+02	4.44533411E+02	3.74284580E+02	3.07062123E+02	5.25741739E+02	5.12978429E+02	1.98830530E+02	1.88420513E+02	1.30289112E+02	1.05633944E+02	8.97052633E+01	8.36039277E+01
1.21791932E+05	2.32024246E+04	2.23626144E+04	1.81464050E+04	6.04650488E+03	5.66668438E+03	4.67902462E+03	4.08042966E+03	3.88520479E+03	1.67630934E+03	1.50391016E+03	1.23869893E+03	9.63376433E+02	9.13739618E+02	4.66365783E+02	3.95688619E+02	3.28301292E+02	5.47652554E+02	5.34514770E+02	2.21047910E+02	2.07877445E+02	1.47874577E+02	1.22090533E+02	1.05390133E+02	1.01464987E+02
1.21814852E+05	2.32259240E+04	2.23859785E+04	1.81699827E+04	6.07063202E+03	5.69081459E+03	4.70378658E+03	4.10476715E+03	3.91022509E+03	1.69995933E+03	1.52756316E+03	1.26324597E+03	9.87300310E+02	9.38985241E+02	4.89305134E+02	4.18435592E+02	3.52732836E+02	5.72363094E+02	5.59857198E+02	2.43559582E+02	2.33255653E+02	1.66148846E+02	1.39417118E+02	1.23028413E+02
1.21833676E+05	2.32445546E+04	2.24046873E+04	1.81884454E+04	6.08899709E+03	5.70924279E+03	4.72197682E+03	4.12306212E+03	3.92859642E+03	1.71799994E+03	1.54571725E+03	1.28105655E+03	1.00510656E+03	9.56920547E+02	5.06534601E+02	4.35914905E+02	3.69380721E+02	5.90130805E+02	5.77718763E+02	2.60093216E+02	2.50072217E+02	1.79025894E+02	1.53585004E+02	1.37292784E+02
1.21853137E+05	2.32637929E+04	2.24240181E+04	1.82076807E+04	6.10795352E+03	5.72827193E+03	4.74089429E+03	4.14219401E+03	3.94758302E+03	1.73665002E+03	1.56447472E+03	1.29958943E+03	1.02401897E+03	9.75632820E+02	5.24401215E+02	4.54006788E+02	3.86959483E+02	6.09100846E+02	5.96591416E+02	2.78040893E+02	2.67571503E+02	1.92971187E+02	1.69053299E+02	1.53476047E+02
1.21873289E+05	2.32836456E+04	2.24439598E+04	1.82275152E+04	6.12752339E+03	5.74788339E+03	4.76041203E+03	4.16152846E+03	3.96709724E+03	1.75591134E+03	1.58378768E+03	1.31875098E+03	1.04273548E+03	9.94691978E+02	5.42932317E+02	4.72623413E+02	4.05265098E+02	6.27919050E+02	6.15633091E+02	2.95296804E+02	2.85350688E+02	2.08141441E+02	1.84976690E+02	1.68525861E+02
1.21894087E+05	2.33040789E+04	2.24644838E+04	1.82479948E+04	6.14767728E+03	5.76806394E+03	4.78061049E+03	4.18198997E+03	3.98732818E+03	1.77581381E+03	1.60368411E+03	1.33869170E+03	1.06320924E+03	1.01467395E+03	5.62226695E+02	4.91840827E+02	4.24472424E+02	6.49351324E+02	6.36716116E+02	3.15312770E+02	3.04424470E+02	2.25279380E+02	2.01674213E+02
1.21917129E+05	2.33264310E+04	2.24866260E+04	1.82703659E+04	6.16960823E+03	5.78970855E+03	4.80253943E+03	4.20391199E+03	4.00931749E+03	1.79728678E+03	1.62473803E+03	1.36013463E+03	1.08455810E+03	1.03615102E+03	5.82569421E+02	5.11245783E+02	4.44627094E+02	6.69685371E+02	6.57145187E+02	3.34780461E+02	3.24267195E+02	2.40349793E+02	2.19465157E+02
1.21940976E+05	2.33494939E+04	2.25098179E+04	1.82934253E+04	6.19225691E+03	5.81240033E+03	4.82516370E+03	4.22657552E+03	4.03196522E+03	1.81956418E+03	1.64702442E+03	1.38233489E+03	1.10675062E+03	1.05833546E+03	6.03979119E+02	5.32556098E+02	4.65789726E+02	6.91861254E+02	6.79316469E+02	3.55638080E+02	3.45093034E+02	2.59074081E+02
1.21965568E+05	2.33734408E+04	2.25340792E+04	1.83175930E+04	6.21575320E+03	5.83619342E+03	4.84890067E+03	4.25043818E+03	4.05580839E+03	1.84242650E+03	1.67029058E+03	1.40548076E+03	1.13002152E+03	1.08156984E+03	6.25076457E+02	5.54374854E+02	4.87137564E+02	7.15177377E+02	7.02617181E+02	3.76794178E+02	3.66076576E+02	2.78597738E+02
1.21991080E+05	2.33982945E+04	2.25590339E+04	1.83424394E+04	6.24022750E+03	5.86070344E+03	4.87334285E+03	4.27492915E+03	4.08028058E+03	1.86649498E+03	1.69437131E+03	1.42944326E+03	1.15399799E+03	1.10551408E+03	6.48090959E+02	5.77301509E+02	5.09751839E+02	7.39130323E+02	7.26556578E+02	3.99108955E+02	3.88290810E+02
1.22026140E+05	2.34331686E+04	2.25943061E+04	1.83767942E+04	6.27438450E+03	5.89503568E+03	4.90711769E+03	4.30873978E+03	4.11304920E+03	1.89920030E+03	1.72732144E+03	1.46156439E+03	1.18566364E+03	1.13526003E+03	6.76108460E+02	6.06243016E+02	5.31872606E+02	7.70801292E+02	7.57910033E+02	4.25072123E+02	4.14645593E+02
1.22062066E+05	2.34689329E+04	2.26304500E+04	1.84123318E+04	6.30931161E+03	5.93015343E+03	4.94209294E+03	4.34427270E+03	4.14820138E+03	1.93261865E+03	1.76103830E+03	1.49494971E+03	1.21961580E+03	1.16872210E+03	7.04798638E+02	6.36459345E+02	5.57281326E+02	8.04044982E+02	7.91415974E+02	4.53317490E+02	4.42964823E+02
1.22098804E+05	2.35055819E+04	2.26673894E+04	1.84489250E+04	6.34499010E+03	5.96599270E+03	4.97753879E+03	4.38051834E+03	4.18387769E+03	1.96676662E+03	1.79542217E+03	1.52850321E+03	1.25448789E+03	1.20265629E+03	7.34348141E+02	6.67538154E+02	5.85073981E+02	8.38309544E+02	8.25366188E+02	4.82724564E+02	4.73151401E+02
1.22136360E+05	2.35431425E+04	2.27051532E+04	1.84865106E+04	6.38144915E+03	6.00259408E+03	5.01370869E+03	4.41675598E+03	4.22021843E+03	2.00164867E+03	1.83048753E+03	1.56279478E+03	1.28858412E+03	1.23663989E+03	7.64630225E+02	6.99321391E+02	6.14243379E+02	8.72930203E+02	8.59292089E+02	5.10949030E+02	5.02337744E+02
1.22174790E+05	2.35816356E+04	2.27437155E+04	1.85251111E+04	6.41866672E+03	6.03990983E+03	5.05085620E+03	4.45398485E+03	4.25763179E+03	2.03728254E+03	1.86618981E+03	1.59817863E+03	1.32414558E+03	1.27175804E+03	7.95788545E+02	7.31381373E+02	6.44609541E+02	9.06782436E+02	8.94781452E+02	5.41047732E+02	5.31237108E+02
1.22213407E+05	2.36211256E+04	2.27830951E+04	1.85648834E+04	6.45667811E+03	6.07793671E+03	5.08908494E+03	4.49300736E+03	4.29630453E+03	2.07391901E+03	1.90269350E+03	1.63487562E+03	1.36254231E+03	1.30893566E+03	8.29353214E+02	7.65816710E+02	6.77623343E+02	9.44425011E+02	9.31770007E+02	5.74236018E+02
1.22254259E+05	2.36617158E+04	2.28234297E+04	1.86054848E+04	6.49578443E+03	6.11703266E+03	5.12755385E+03	4.53092296E+03	4.33501471E+03	2.11084790E+03	1.93911203E+03	1.67070506E+03	1.39549413E+03	1.34452682E+03	8.60660283E+02	7.90896327E+02	7.07566211E+02	9.81198799E+02	9.67461801E+02	6.04216970E+02
1.22296516E+05	2.37034578E+04	2.28648428E+04	1.86474428E+04	6.53575502E+03	6.15695749E+03	5.16777101E+03	4.57083153E+03	4.37559810E+03	2.14882671E+03	1.97652303E+03	1.70871665E+03	1.43250997E+03	1.38257871E+03	8.93922713E+02	8.18827937E+02	7.39241893E+02	1.01920712E+03	1.00567814E+03	6.36899072E+02
1.22339127E+05	2.37459362E+04	2.29073585E+04	1.86893706E+04	6.57643366E+03	6.19773835E+03	5.20715994E+03	4.61147355E+03	4.41558841E+03	2.18748802E+03	2.01495889E+03	1.74514686E+03	1.47037869E+03	1.41938085E+03	9.27940706E+02	8.49963664E+02	7.69399142E+02	1.05631748E+03	1.04280311E+03	6.67284774E+02
1.22382654E+05	2.37892563E+04	2.29510100E+04	1.87333336E+04	6.61785103E+03	6.23938118E+03	5.24984331E+03	4.65360211E+03	4.45832080E+03	2.22692129E+03	2.05443985E+03	1.78672171E+03	1.51003810E+03	1.46067114E+03	9.63185053E+02	8.84789463E+02	8.06844600E+02	1.09680969E+03	1.08385033E+03
1.22450281E+05	2.38590049E+04	2.30204926E+04	1.88025325E+04	6.68771575E+03	6.31041419E+03	5.31791658E+03	4.72182388E+03	4.52204771E+03	2.28711240E+03	2.11606681E+03	1.84293460E+03	1.56731889E+03	1.50799072E+03	1.00655930E+03	9.27666876E+02	8.46099315E+02	1.15429230E+03	1.14186822E+03
1.22519423E+05	2.39303407E+04	2.30915164E+04	1.88739977E+04	6.75912579E+03	6.38321620E+03	5.38722729E+03	4.79515316E+03	4.59091265E+03	2.34839893E+03	2.17924314E+03	1.90021504E+03	1.62941393E+03	1.56289060E+03	1.05060160E+03	9.71292331E+02	8.87129876E+02	1.21439855E+03	1.20232909E+03
1.22590042E+05	2.40032319E+04	2.31640428E+04	1.89470360E+04	6.83214198E+03	6.45756774E+03	5.45814054E+03	4.87107214E+03	4.66249594E+03	2.41088071E+03	2.24357619E+03	1.95883215E+03	1.69633077E+03	1.62094962E+03	1.09533343E+03	1.01560073E+03	9.29180872E+02	1.27956855E+03	1.26750304E+03
1.22662132E+05	2.40776668E+04	2.32380519E+04	1.90211053E+04	6.90689508E+03	6.53345409E+03	5.53102021E+03	4.94794085E+03	4.73586479E+03	2.47475636E+03	2.30911302E+03	2.01907494E+03	1.74339352E+03	1.68069462E+03	1.14080103E+03	1.06061202E+03	9.70933677E+02	1.34705584E+03	1.33579321E+03
1.22735757E+05	2.41537070E+04	2.33136067E+04	1.90968679E+04	6.98324070E+03	6.61086764E+03	5.60601746E+03	5.02383226E+03	4.81128337E+03	2.53970618E+03	2.37568740E+03	2.08093150E+03	1.81884394E+03	1.74208287E+03	1.18693984E+03	1.10631008E+03	1.01336350E+03	1.41140116E+03	1.40194655E+03
1.22810940E+05	2.42313866E+04	2.33907446E+04	1.91745345E+04	7.06105155E+03	6.68958087E+03	5.68353690E+03	5.10169360E+03	4.88951708E+03	2.60551308E+03	2.44274851E+03	2.14469825E+03	1.84555789E+03	1.80583042E+03	1.23369476E+03	1.15262245E+03	1.05681481E+03	1.47626367E+03	1.46747685E+03
1.22887632E+05	2.43106499E+04	2.34693909E+04	1.92541860E+04	7.14049919E+03	6.76939786E+03	5.76411996E+03	5.17972145E+03	4.97130584E+03	2.67239554E+03	2.50990985E+03	2.21089274E+03	1.91263944E+03	1.87272306E+03	1.28114504E+03	1.19946875E+03	1.10157280E+03	1.54616288E+03
1.22965163E+05	2.43910016E+04	2.35488970E+04	1.93349513E+04	7.22470568E+03	6.85314403E+03	5.84918319E+03	5.26837106E+03	5.05643463E+03	2.74564036E+03	2.58372923E+03	2.28200965E+03	1.99424917E+03	1.94366362E+03	1.33043293E+03	1.24754250E+03	1.14782002E+03	1.62389145E+03
1.23045428E+05	2.44740707E+04	2.36313685E+04	1.94171929E+04	7.30686524E+03	6.93357393E+03	5.92881646E+03	5.34442563E+03	5.13694793E+03	2.81397732E+03	2.64849086E+03	2.34602546E+03	2.05428214E+03	2.00752048E+03	1.37854332E+03	1.29501886E+03	1.19178246E+03	1.69105725E+03
1.23127193E+05	2.45586351E+04	2.37153498E+04	1.95022475E+04	7.39160262E+03	7.01623862E+03	6.01349847E+03	5.42433596E+03	5.22196267E+03	2.88468859E+03	2.71565867E+03	2.41416157E+03	2.11569584E+03	2.07526871E+03	1.42778694E+03	1.34333002E+03	1.23847386E+03	1.76350424E+03
1.23210384E+05	2.46446266E+04	2.38007733E+04	1.95881113E+04	7.47841446E+03	7.10116686E+03	6.09977834E+03	5.50846379E+03	5.31056081E+03	2.95724278E+03	2.78521429E+03	2.48325676E+03	2.19421417E+03	2.14594486E+03	1.47789312E+03	1.39250013E+03	1.28554172E+03	1.84017816E+03
1.23295136E+05	2.47322305E+04	2.38877763E+04	1.96753894E+04	7.56672439E+03	7.18836691E+03	6.18419626E+03	5.59539077E+03	5.39642134E+03	3.03076897E+03	2.85692570E+03	2.55066304E+03	2.25949635E+03	2.21342663E+03	1.52862888E+03	1.44252138E+03	1.33166624E+03	1.91301329E+03
1.23381443E+05	2.48214457E+04	2.39763566E+04	1.97646865E+04	7.65642574E+03	7.27795566E+03	6.27245202E+03	5.68510104E+03	5.48144301E+03	3.10516703E+03	2.93091901E+03	2.62122891E+03	2.34698920E+03	2.27980926E+03	1.57995208E+03	1.49338295E+03	1.37919847E+03	1.98387455E+03
1.23469253E+05	2.49122391E+04	2.40664789E+04	1.98563298E+04	7.74797153E+03	7.36997207E+03	6.36973290E+03	5.77940562E+03	5.58258306E+03	3.18107640E+03	3.00721072E+03	2.70002083E+03	2.42317882E+03	2.36380773E+03	1.63201019E+03	1.54506436E+03	1.43070435E+03
1.23528257E+05	2.49687178E+04	2.41239753E+04	1.99113945E+04	7.80066342E+03	7.42338144E+03	6.42097153E+03	5.83199739E+03	5.63554166E+03	3.22864820E+03	3.05574522E+03	2.74521002E+03	2.46973921E+03	2.41115773E+03	1.66550973E+03	1.58345592E+03	1.46937240E+03
1.23588390E+05	2.50259946E+04	2.41821249E+04	1.99686449E+04	7.85418967E+03	7.47753273E+03	6.47416846E+03	5.88681153E+03	5.68931701E+03	3.27722457E+03	3.10513931E+03	2.79306795E+03	2.51926730E+03	2.45940413E+03	1.70202873E+03	1.62405707E+03	1.51204536E+03
1.23649700E+05	2.50840733E+04	2.42409354E+04	2.00265695E+04	7.90856868E+03	7.53232016E+03	6.52792028E+03	5.94007888E+03	5.74341053E+03	3.32684601E+03	3.15517148E+03	2.84162932E+03	2.56628706E+03	2.50772516E+03	1.74184164E+03	1.66572728E+03	1.55142526E+03
1.23712180E+05	2.51429761E+04	2.43003932E+04	2.00860094E+04	7.96384570E+03	7.58785174E+03	6.58337861E+03	5.99747263E+03	5.79944428E+03	3.37760038E+03	3.20605179E+03	2.89231306E+03	2.61997050E+03	2.55878026E+03	1.78541324E+03	1.70927094E+03
1.23780677E+05	2.52062328E+04	2.43619858E+04	2.01492404E+04	8.02229945E+03	7.64449387E+03	6.64161940E+03	6.05595324E+03	5.85837786E+03	3.42996230E+03	3.25539268E+03	2.94421583E+03	2.67149898E+03	2.61109888E+03	1.82174490E+03	1.75482239E+03
1.23851317E+05	2.52702306E+04	2.44274541E+04	2.02131750E+04	8.08197036E+03	7.70477333E+03	6.70096066E+03	6.11612282E+03	5.91819708E+03	3.48432293E+03	3.30995691E+03	2.99782001E+03	2.72546283E+03	2.66477595E+03	1.86780668E+03
1.23917316E+05	2.53320096E+04	2.44915773E+04	2.02762851E+04	8.13944155E+03	7.76416916E+03	6.75961384E+03	6.17592772E+03	5.97771871E+03	3.53478075E+03	3.36308917E+03	3.04982090E+03	2.77856980E+03	2.71752792E+03	1.91435462E+03
1.23987299E+05	2.53967005E+04	2.45565980E+04	2.03408221E+04	8.20003827E+03	7.82503215E+03	6.81982819E+03	6.23678440E+03	6.03844410E+03	3.59003880E+03	3.41847168E+03	3.10419787E+03	2.83331016E+03	2.77202516E+03
1.24088207E+05	2.54950377E+04	2.46576365E+04	2.04360903E+04	8.29012992E+03	7.91658120E+03	6.90763065E+03	6.32601760E+03	6.12007165E+03	3.65952165E+03	3.49186391E+03	3.16139468E+03	2.90236385E+03	2.84209907E+03
1.24190477E+05	2.55950297E+04	2.47600205E+04	2.05348846E+04	8.38130847E+03	8.00920398E+03	6.99799268E+03	6.42065143E+03	6.21240868E+03	3.73065688E+03	3.56751569E+03	3.22651674E+03	2.97671125E+03	2.91627885E+03
1.24294115E+05	2.56968321E+04	2.48636450E+04	2.06363443E+04	8.47364623E+03	8.10280904E+03	7.08871588E+03	6.51764417E+03	6.30544274E+03	3.80383443E+03	3.64460846E+03	3.29655946E+03	3.05394991E+03	2.99512501E+03
1.24399143E+05	2.58004776E+04	2.49685309E+04	2.07399082E+04	8.56715556E+03	8.19741160E+03	7.18009742E+03	6.61106171E+03	6.39863748E+03	3.87901436E+03	3.72309632E+03	3.36925173E+03	3.12648133E+03	3.07043348E+03
1.24505548E+05	2.59060391E+04	2.50746754E+04	2.08457595E+04	8.66185859E+03	8.29298905E+03	7.27364081E+03	6.70780243E+03	6.49318968E+03	3.95642085E+03	3.80281760E+03	3.44437723E+03	3.20320833E+03	3.14372884E+03
1.24613307E+05	2.60138199E+04	2.51822179E+04	2.09549727E+04	8.75789692E+03	8.38963976E+03	7.37042764E+03	6.81155177E+03	6.59442158E+03	4.03685572E+03	3.88485610E+03	3.52424876E+03	3.28844015E+03
1.24724972E+05	2.61228277E+04	2.52898303E+04	2.10635119E+04	8.85507393E+03	8.48686127E+03	7.46371750E+03	6.89683349E+03	6.68972049E+03	4.11116119E+03	3.94737312E+03	3.59679480E+03	3.36457896E+03
1.24838342E+05	2.62339925E+04	2.54002662E+04	2.11767666E+04	8.95373415E+03	8.58582143E+03	7.56264691E+03	6.99603197E+03	6.79124199E+03	4.18970335E+03	4.01686142E+03	3.67318861E+03	3.44768612E+03
1.24953463E+05	2.63466274E+04	2.55135962E+04	2.12867410E+04	9.05348302E+03	8.68656368E+03	7.65675187E+03	7.09626115E+03	6.88934484E+03	4.27014850E+03	4.09356319E+03	3.74561394E+03	3.52471469E+03
1.25070353E+05	2.64608942E+04	2.56298832E+04	2.14042320E+04	9.15446141E+03	8.78909234E+03	7.76304848E+03	7.20136383E+03	6.99707840E+03	4.35365737E+03	4.17777527E+03	3.83432518E+03
1.25187909E+05	2.65695314E+04	2.57419334E+04	2.15084194E+04	9.24902180E+03	8.88640642E+03	7.85178582E+03	7.29659535E+03	7.09329810E+03	4.41762876E+03	4.25243918E+03	3.90891538E+03
1.25307841E+05	2.66796316E+04	2.58549628E+04	2.16184687E+04	9.34539747E+03	8.98518448E+03	7.94734194E+03	7.39694155E+03	7.19048513E+03	4.48760009E+03	4.33092499E+03	3.99079940E+03
1.25430280E+05	2.67912152E+04	2.59690117E+04	2.17295804E+04	9.44364839E+03	9.08505981E+03	8.04364489E+03	7.49284875E+03	7.28829736E+03	4.56395428E+03	4.41143598E+03	4.06645115E+03
1.25555204E+05	2.69043271E+04	2.60840429E+04	2.18442986E+04	9.54387074E+03	9.18639177E+03	8.14424231E+03	7.59966379E+03	7.39106564E+03	4.64719708E+03	4.49548564E+03
1.25694638E+05	2.70267182E+04	2.62014817E+04	2.19666362E+04	9.64883596E+03	9.28441584E+03	8.24853148E+03	7.70515830E+03	7.49816227E+03	4.71686836E+03	4.58418562E+03
1.25839400E+05	2.71503041E+04	2.63298474E+04	2.20900592E+04	9.75700836E+03	9.39470603E+03	8.35558344E+03	7.81541537E+03	7.60716675E+03	4.80495575E+03
1.25967285E+05	2.72643966E+04	2.64513300E+04	2.22082418E+04	9.85438535E+03	9.49930344E+03	8.45743273E+03	7.92174186E+03	7.71249606E+03	4.89287956E+03
1.26106036E+05	2.73863779E+04	2.65745786E+04	2.23297556E+04	9.96199062E+03	9.60796389E+03	8.56376400E+03	8.03059966E+03	7.82084978E+03
1.26327395E+05	2.75959932E+04	2.67945532E+04	2.25270298E+04	1.01193878E+04	9.77747047E+03	8.70017357E+03	8.19667659E+03	7.98806349E+03
1.26551739E+05	2.78097389E+04	2.70174417E+04	2.27358146E+04	1.02804500E+04	9.95097836E+03	8.85076084E+03	8.37678776E+03	8.16592482E+03
1.26779048E+05	2.80281012E+04	2.72428898E+04	2.29524700E+04	1.04457812E+04	1.01271812E+04	9.00999776E+03	8.56413817E+03	8.35603909E+03
1.27009386E+05	2.82511797E+04	2.74709397E+04	2.31747995E+04	1.06153653E+04	1.03060396E+04	9.17429373E+03	8.73863244E+03	8.53671535E+03
1.27242772E+05	2.84791817E+04	2.77015840E+04	2.34034842E+04	1.07894011E+04	1.04873940E+04	9.34386319E+03	8.92253887E+03	8.71134016E+03
1.27479132E+05	2.87128480E+04	2.79352708E+04	2.36425397E+04	1.09688090E+04	1.06727177E+04	9.52327274E+03	9.12672200E+03
1.27725877E+05	2.89476733E+04	2.81652314E+04	2.38748173E+04	1.11376117E+04	1.08247726E+04	9.68788756E+03	9.31142125E+03
1.27976830E+05	2.91879076E+04	2.84034562E+04	2.41220378E+04	1.13140522E+04	1.09908294E+04	9.86237596E+03	9.51479240E+03
1.28232085E+05	2.94315085E+04	2.86501814E+04	2.43566316E+04	1.14942854E+04	1.11710074E+04	1.00268060E+04	9.70224476E+03
1.28491695E+05	2.96792335E+04	2.89056422E+04	2.46164473E+04	1.16803448E+04	1.13655132E+04	1.02236979E+04
1.28743931E+05	2.98970393E+04	2.91368898E+04	2.48164968E+04	1.18176169E+04	1.15303572E+04	1.03853418E+04
1.29002423E+05	3.01185275E+04	2.93698236E+04	2.50383190E+04	1.19678657E+04	1.17023583E+04	1.05623006E+04
1.29267522E+05	3.03437538E+04	2.96044798E+04	2.52621383E+04	1.21316781E+04	1.18786587E+04	1.07260414E+04
1.29539175E+05	3.05728355E+04	2.98408031E+04	2.54967865E+04	1.23096884E+04	1.20621638E+04
1.29852579E+05	3.08235384E+04	3.00710456E+04	2.57476651E+04	1.24630551E+04	1.22609200E+04
1.30182386E+05	3.10764023E+04	3.03422827E+04	2.60003443E+04	1.26526564E+04
1.30449275E+05	3.12903575E+04	3.05846405E+04	2.62305883E+04	1.28381644E+04
1.30750288E+05	3.15325952E+04	3.08321957E+04	2.64714666E+04
1.31338969E+05	3.18974524E+04	3.13035262E+04	2.69074816E+04
1.31947906E+05	3.22948339E+04	3.17865995E+04	2.73913524E+04
1.32578403E+05	3.27259550E+04	3.22783127E+04	2.78342587E+04
1.33230338E+05	3.31918449E+04	3.27816966E+04
1.34035274E+05	3.36310542E+04	3.33859676E+04
1.34910113E+05	3.41348203E+04
1.35503798E+05	3.46140232E+04
1.36238951E+05
1.38589580E+05
