1.24865423E+05	2.37902128E+04	2.29364682E+04	1.84888831E+04	6.13216480E+03	5.75039565E+03	4.70583363E+03	4.09764529E+03	3.89269962E+03	1.62566831E+03	1.45145149E+03	1.17062990E+03	8.87425973E+02	8.36163665E+02	3.71231852E+02	1.97236184E+02	1.18529039E+02	4.58810376E+02	4.47934530E+02	1.19040246E+02	1.08954283E+02	5.50702130E+01	3.54542472E+01	2.09022242E+01	4.28908966E+00	4.78100044E+00	0	0	4.79254093E+00
1.24872355E+05	2.37972163E+04	2.29434716E+04	1.84958876E+04	6.13912957E+03	5.75287202E+03	4.70830924E+03	4.10007116E+03	3.89511591E+03	1.63256296E+03	1.45666480E+03	1.17582414E+03	8.94386647E+02	8.43110017E+02	3.78042626E+02	3.07971493E+02	2.36219448E+02	4.66562131E+02	4.54874517E+02	1.26203176E+02	1.15800469E+02	6.15921875E+01	4.22300362E+01	2.73562447E+01	1.31465246E+01	1.22630472E+01	0	0	1.13545384E+01
1.24880203E+05	2.38050615E+04	2.29512940E+04	1.85037112E+04	6.14693995E+03	5.76067581E+03	4.71611566E+03	4.10785919E+03	3.90290991E+03	1.64035453E+03	1.46445131E+03	1.18361005E+03	9.02172737E+02	8.50899056E+02	3.85864420E+02	3.15778407E+02	2.44021546E+02	4.73673417E+02	4.62680021E+02	1.33812497E+02	1.23596905E+02	6.93756926E+01	4.98518095E+01	3.50371665E+01	2.08308664E+01	1.98889744E+01
1.24895659E+05	2.38208906E+04	2.29670329E+04	1.85195275E+04	6.16342304E+03	5.77723885E+03	4.73271148E+03	4.12459516E+03	3.91937319E+03	1.65671839E+03	1.48082822E+03	1.19985866E+03	9.18500808E+02	8.67148112E+02	4.02520841E+02	3.32817668E+02	2.60883380E+02	4.88299120E+02	4.79020173E+02	1.49401839E+02	1.39977006E+02	8.41729787E+01	6.38630775E+01	4.84685426E+01	3.41076014E+01
1.24913613E+05	2.38392976E+04	2.29853419E+04	1.85378510E+04	6.18205497E+03	5.79574294E+03	4.75124293E+03	4.14306167E+03	3.93792023E+03	1.67518303E+03	1.49926616E+03	1.21796860E+03	9.36721025E+02	8.85172954E+02	4.20640873E+02	3.50394559E+02	2.78331589E+02	5.05929265E+02	4.97082792E+02	1.64919924E+02	1.56662808E+02	9.95082780E+01	7.77118842E+01	6.18240924E+01	4.96359653E+01
1.24932879E+05	2.38590337E+04	2.30049771E+04	1.85576329E+04	6.20229200E+03	5.81576238E+03	4.77149663E+03	4.16289578E+03	3.95818533E+03	1.69522391E+03	1.51918169E+03	1.23809338E+03	9.56880463E+02	9.05189972E+02	4.40341228E+02	3.69394467E+02	2.97640717E+02	5.25925474E+02	5.17102887E+02	1.84223342E+02	1.75471482E+02	1.15923008E+02	9.25880776E+01	7.65144246E+01	6.73245613E+01
1.24953500E+05	2.38801527E+04	2.30259916E+04	1.85787020E+04	6.22399966E+03	5.83725092E+03	4.79303866E+03	4.18429076E+03	3.97980622E+03	1.71663306E+03	1.54044648E+03	1.25930432E+03	9.77895889E+02	9.26600020E+02	4.61346898E+02	3.89591088E+02	3.17626332E+02	5.47524577E+02	5.38597719E+02	2.05506524E+02	1.95385841E+02	1.33163324E+02	1.08297471E+02	9.14982479E+01	8.63185669E+01
1.24975440E+05	2.39026432E+04	2.30483652E+04	1.86011508E+04	6.24708784E+03	5.86016010E+03	4.81575296E+03	4.20714654E+03	4.00243985E+03	1.73933653E+03	1.56305394E+03	1.28134520E+03	1.00019670E+03	9.48432268E+02	4.83466218E+02	4.10950465E+02	3.38385343E+02	5.74220532E+02	5.60580415E+02	2.26443810E+02	2.15144539E+02	1.51053057E+02	1.24801078E+02	1.06945962E+02	1.05100287E+02
1.24998627E+05	2.39263970E+04	2.30719836E+04	1.86249088E+04	6.27144726E+03	5.88444828E+03	4.83994499E+03	4.23142813E+03	4.02623634E+03	1.76324019E+03	1.58691890E+03	1.30492896E+03	1.02390137E+03	9.71301903E+02	5.06577353E+02	4.33599353E+02	3.60828950E+02	5.97539265E+02	5.83488245E+02	2.49899367E+02	2.35678652E+02	1.69518604E+02	1.42159410E+02	1.23428443E+02	1.24071209E+02
1.25022938E+05	2.39513285E+04	2.30967710E+04	1.86499265E+04	6.29703400E+03	5.91003501E+03	4.86621611E+03	4.25724177E+03	4.05280448E+03	1.78826819E+03	1.61195551E+03	1.33092611E+03	1.04922175E+03	9.98060326E+02	5.30740476E+02	4.57556526E+02	3.86533165E+02	6.23708698E+02	6.10345572E+02	2.73577303E+02	2.62368304E+02	1.88643218E+02	1.60348068E+02	1.41898714E+02
1.25042718E+05	2.39708706E+04	2.31163985E+04	1.86692844E+04	6.31627116E+03	5.92934612E+03	4.88527049E+03	4.27641463E+03	4.07205400E+03	1.80713885E+03	1.63094870E+03	1.34954798E+03	1.06784306E+03	1.01681737E+03	5.48715393E+02	4.75797035E+02	4.03888832E+02	6.42292328E+02	6.29026922E+02	2.90824068E+02	2.79913979E+02	2.02060255E+02	1.75129440E+02	1.56768630E+02
1.25063123E+05	2.39910175E+04	2.31366445E+04	1.86894248E+04	6.33609654E+03	5.94924495E+03	4.90504636E+03	4.29642336E+03	4.09191102E+03	1.82661062E+03	1.65053597E+03	1.36889489E+03	1.08759096E+03	1.03635269E+03	5.67327543E+02	4.94643097E+02	4.22197570E+02	6.62100621E+02	6.48739704E+02	3.09514423E+02	2.98139531E+02	2.16590953E+02	1.91222586E+02	1.73606845E+02
1.25084095E+05	2.40117226E+04	2.31574600E+04	1.87101250E+04	6.35649345E+03	5.96969630E+03	4.92539588E+03	4.31657683E+03	4.11225331E+03	1.84667759E+03	1.67065770E+03	1.38884797E+03	1.10707437E+03	1.05619913E+03	5.86600905E+02	5.14002567E+02	4.41210550E+02	6.81699799E+02	6.68568609E+02	3.27446389E+02	3.16614189E+02	2.32399327E+02	2.07772350E+02	1.89230271E+02
1.25105830E+05	2.40330487E+04	2.31788917E+04	1.87315011E+04	6.37750910E+03	5.99074265E+03	4.94645347E+03	4.33792629E+03	4.13335370E+03	1.86738707E+03	1.69136271E+03	1.40959692E+03	1.12839292E+03	1.07699212E+03	6.06632227E+02	5.33956654E+02	4.61149021E+02	7.02852357E+02	6.89381921E+02	3.48253650E+02	3.36415969E+02	2.50168666E+02	2.25111192E+02
1.25129878E+05	2.40563361E+04	2.32019524E+04	1.87548053E+04	6.40033317E+03	6.01325932E+03	4.96927576E+03	4.36073770E+03	4.15623815E+03	1.88971570E+03	1.71324669E+03	1.43188604E+03	1.15058715E+03	1.09931858E+03	6.27738254E+02	5.54080568E+02	4.82047654E+02	7.25152099E+02	7.11749689E+02	3.68435930E+02	3.56997969E+02	2.65713098E+02	2.43583106E+02
1.25154727E+05	2.40803444E+04	2.32260994E+04	1.87788033E+04	6.42387545E+03	6.03684997E+03	4.99278672E+03	4.38429929E+03	4.17977861E+03	1.91284763E+03	1.73638926E+03	1.45493041E+03	1.17362415E+03	1.12234607E+03	6.49922898E+02	5.76164478E+02	5.03956810E+02	7.48178463E+02	7.34769788E+02	3.90038717E+02	3.78561654E+02	2.85096594E+02
1.25180261E+05	2.41051816E+04	2.32512780E+04	1.88038766E+04	6.44822626E+03	6.06151429E+03	5.01738614E+03	4.40903325E+03	4.20449175E+03	1.93650729E+03	1.76047406E+03	1.47888036E+03	1.19770902E+03	1.14638883E+03	6.71707850E+02	5.98704730E+02	5.25992569E+02	7.72316144E+02	7.58890925E+02	4.11899351E+02	4.00240948E+02	3.05263180E+02
1.25206199E+05	2.41308402E+04	2.32771259E+04	1.88296157E+04	6.47353738E+03	6.08688743E+03	5.04268826E+03	4.43438872E+03	4.22982748E+03	1.96138821E+03	1.78537647E+03	1.50365251E+03	1.22249673E+03	1.17114228E+03	6.95464473E+02	6.22372775E+02	5.49323458E+02	7.97081603E+02	7.83640955E+02	4.34932346E+02	4.23167248E+02
1.25242451E+05	2.41668930E+04	2.33135976E+04	1.88651180E+04	6.50881007E+03	6.12234866E+03	5.07755473E+03	4.46930189E+03	4.26364733E+03	1.99510233E+03	1.81934681E+03	1.53675071E+03	1.25512434E+03	1.20177259E+03	7.24271879E+02	6.52139642E+02	5.72060310E+02	8.29737778E+02	8.15966134E+02	4.61657388E+02	4.50297752E+02
1.25280081E+05	2.42039048E+04	2.33509256E+04	1.89018004E+04	6.54485512E+03	6.15857272E+03	5.11361276E+03	4.50595027E+03	4.29989464E+03	2.02951535E+03	1.85406412E+03	1.57110029E+03	1.29006934E+03	1.23621278E+03	7.53765716E+02	6.83175914E+02	5.98181845E+02	8.63973594E+02	8.50461889E+02	4.90708566E+02	4.79415458E+02
1.25317985E+05	2.42417297E+04	2.33890521E+04	1.89395635E+04	6.58164305E+03	6.19553275E+03	5.15015866E+03	4.54333828E+03	4.33668621E+03	2.06466028E+03	1.88945194E+03	1.60563265E+03	1.32596178E+03	1.27113212E+03	7.84133345E+02	7.15068928E+02	6.26730883E+02	8.99042415E+02	8.85415217E+02	5.20950664E+02	5.10450172E+02
1.25356738E+05	2.42804600E+04	2.34279900E+04	1.89783127E+04	6.61919097E+03	6.23322814E+03	5.18739345E+03	4.58064481E+03	4.37410472E+03	2.10053546E+03	1.92551320E+03	1.64087561E+03	1.36098973E+03	1.30606102E+03	8.15262647E+02	7.47689790E+02	6.56675570E+02	9.34761359E+02	9.20300977E+02	5.49912838E+02	5.40425809E+02
1.25396330E+05	2.43201206E+04	2.34677183E+04	1.90180770E+04	6.65750313E+03	6.27164243E+03	5.22561721E+03	4.61896626E+03	4.41259580E+03	2.13716520E+03	1.96221185E+03	1.67721525E+03	1.39752250E+03	1.34208597E+03	8.47308989E+02	7.80675307E+02	6.87837387E+02	9.69615139E+02	9.56751948E+02	5.80786056E+02	5.70031683E+02
1.25436658E+05	2.43608725E+04	2.35082769E+04	1.90590394E+04	6.69662127E+03	6.31076496E+03	5.26494081E+03	4.65911683E+03	4.45240006E+03	2.17478600E+03	1.99969832E+03	1.71489590E+03	1.43694392E+03	1.38030871E+03	8.81666194E+02	8.15800231E+02	7.21640257E+02	1.00837717E+03	9.94764418E+02	6.14878058E+02
1.25478714E+05	2.44026599E+04	2.35497958E+04	1.91008176E+04	6.73683718E+03	6.35096850E+03	5.30447527E+03	4.69808730E+03	4.49218684E+03	2.21269925E+03	2.03707811E+03	1.75164312E+03	1.47077741E+03	1.41681629E+03	9.13710472E+02	8.41571425E+02	7.52299218E+02	1.04612858E+03	1.03139624E+03	6.45614393E+02
1.25521643E+05	2.44455099E+04	2.35924005E+04	1.91439867E+04	6.77789066E+03	6.39199897E+03	5.34580347E+03	4.73909900E+03	4.53389846E+03	2.25165317E+03	2.07545997E+03	1.79063383E+03	1.50874819E+03	1.45585105E+03	9.47747567E+02	8.70275920E+02	7.84723292E+02	1.08440741E+03	1.07061475E+03	6.79136670E+02
1.25565471E+05	2.44891799E+04	2.36361201E+04	1.91870994E+04	6.81966859E+03	6.43388978E+03	5.38624256E+03	4.78084032E+03	4.57496968E+03	2.29130021E+03	2.11488106E+03	1.82797066E+03	1.54756618E+03	1.49358638E+03	9.82566551E+02	9.02242464E+02	8.15576128E+02	1.12319746E+03	1.10870281E+03	7.10287290E+02
1.25610205E+05	2.45336897E+04	2.36809843E+04	1.92322699E+04	6.86218591E+03	6.47664737E+03	5.43005809E+03	4.82409257E+03	4.61883705E+03	2.33172139E+03	2.15535847E+03	1.87058122E+03	1.58821111E+03	1.53589605E+03	1.01864800E+03	9.37914852E+02	8.53888774E+02	1.16463428E+03	1.15077510E+03
1.25679530E+05	2.46051879E+04	2.37522154E+04	1.93032215E+04	6.93375364E+03	6.54941999E+03	5.49975032E+03	4.89398688E+03	4.68408196E+03	2.39328748E+03	2.21840628E+03	1.92804508E+03	1.64676904E+03	1.58436261E+03	1.06303111E+03	9.81825105E+02	8.94038018E+02	1.22348583E+03	1.21018018E+03
1.25750394E+05	2.46782748E+04	2.38249852E+04	1.93764491E+04	7.00687290E+03	6.62396318E+03	5.57069480E+03	4.96906559E+03	4.75459152E+03	2.45595356E+03	2.28300798E+03	1.98658283E+03	1.71033737E+03	1.64051038E+03	1.10808071E+03	1.02648214E+03	9.35978622E+02	1.28499216E+03	1.27204498E+03
1.25822726E+05	2.47529065E+04	2.38992458E+04	1.94512328E+04	7.08158924E+03	6.70003845E+03	5.64323931E+03	5.04672476E+03	4.82783400E+03	2.51982387E+03	2.34876593E+03	2.04645905E+03	1.77851230E+03	1.69983903E+03	1.15382066E+03	1.07182194E+03	9.78945108E+02	1.35163857E+03	1.33867649E+03
1.25896530E+05	2.48290832E+04	2.39749882E+04	1.95270458E+04	7.15806191E+03	6.77765670E+03	5.71777275E+03	5.12537649E+03	4.90288228E+03	2.58510774E+03	2.41573366E+03	2.10797131E+03	1.82600692E+03	1.76086321E+03	1.20030043E+03	1.11786375E+03	1.02162151E+03	1.42066248E+03	1.40850904E+03
1.25971861E+05	2.49068650E+04	2.40522715E+04	1.96045521E+04	7.23613716E+03	6.85680224E+03	5.79443196E+03	5.20294161E+03	4.97998248E+03	2.65148824E+03	2.48375766E+03	2.17110292E+03	1.89445939E+03	1.82353649E+03	1.24745357E+03	1.16459047E+03	1.06494979E+03	1.48645230E+03	1.47614517E+03
1.26048736E+05	2.49862671E+04	2.41311220E+04	1.96839535E+04	7.31569937E+03	6.93727399E+03	5.87362842E+03	5.28259542E+03	5.05990446E+03	2.71875966E+03	2.55234051E+03	2.23616209E+03	1.93161374E+03	1.88857903E+03	1.29523204E+03	1.21193814E+03	1.10930458E+03	1.55250049E+03	1.54307698E+03
1.26127096E+05	2.50672414E+04	2.42114626E+04	1.97653179E+04	7.39695421E+03	7.01892800E+03	5.95591585E+03	5.36269270E+03	5.14337416E+03	2.78719504E+03	2.62116300E+03	2.30369338E+03	1.99843311E+03	1.95677475E+03	1.34372540E+03	1.25984078E+03	1.15496876E+03	1.62375664E+03
1.26206375E+05	2.51493693E+04	2.42927330E+04	1.98479139E+04	7.48279766E+03	7.10421915E+03	6.04270699E+03	5.45340243E+03	5.23035098E+03	2.86171547E+03	2.69605810E+03	2.37606064E+03	2.08254550E+03	2.02909218E+03	1.39396852E+03	1.30891132E+03	1.20213650E+03	1.70331025E+03
1.26288376E+05	2.52341960E+04	2.43769627E+04	1.99319106E+04	7.56663992E+03	7.18632905E+03	6.12391085E+03	5.53027346E+03	5.31248894E+03	2.93135853E+03	2.76215192E+03	2.44123684E+03	2.15072246E+03	2.09414686E+03	1.44307928E+03	1.35738893E+03	1.24695378E+03	1.77182778E+03
1.26371875E+05	2.53205227E+04	2.44627017E+04	2.00187517E+04	7.65306075E+03	7.27067796E+03	6.21026787E+03	5.61180275E+03	5.39919417E+03	3.00339844E+03	2.83065357E+03	2.51062338E+03	2.20551996E+03	2.16314746E+03	1.49331443E+03	1.40671145E+03	1.29455923E+03	1.84566835E+03
1.26456816E+05	2.54082908E+04	2.45498916E+04	2.01063924E+04	7.74157487E+03	7.35731033E+03	6.29830802E+03	5.69760318E+03	5.48959552E+03	3.07730434E+03	2.90156645E+03	2.58104286E+03	2.28564074E+03	2.23516556E+03	1.54441483E+03	1.45689625E+03	1.34255752E+03	1.92387825E+03
1.26543282E+05	2.54976669E+04	2.46386568E+04	2.01954484E+04	7.83159297E+03	7.44623208E+03	6.38431424E+03	5.78622285E+03	5.57718301E+03	3.15220390E+03	2.97467515E+03	2.64962731E+03	2.35204123E+03	2.30394576E+03	1.59614951E+03	1.50793775E+03	1.38954488E+03	1.99814667E+03
1.26631328E+05	2.55886524E+04	2.47289969E+04	2.02865350E+04	7.92300468E+03	7.53755474E+03	6.47421138E+03	5.87765373E+03	5.66378170E+03	3.22798637E+03	3.05009012E+03	2.72141483E+03	2.44213201E+03	2.37146479E+03	1.64847269E+03	1.55982332E+03	1.43795294E+03	2.07036178E+03
1.26720912E+05	2.56812269E+04	2.48208815E+04	2.03799941E+04	8.01627217E+03	7.63131867E+03	6.57328735E+03	5.97374484E+03	5.76680606E+03	3.30530102E+03	3.12782626E+03	2.80156225E+03	2.51970758E+03	2.45692312E+03	1.70153267E+03	1.61253200E+03	1.49040025E+03
1.26781099E+05	2.57388056E+04	2.48795088E+04	2.04361086E+04	8.06994671E+03	7.68573855E+03	6.62546505E+03	6.02731824E+03	5.82074689E+03	3.35372896E+03	3.17724823E+03	2.84755153E+03	2.56710936E+03	2.50512417E+03	1.73567601E+03	1.65165438E+03	1.52975871E+03
1.26842427E+05	2.57971892E+04	2.49387921E+04	2.04944506E+04	8.12446403E+03	7.74090153E+03	6.67963504E+03	6.08314702E+03	5.87550886E+03	3.40317373E+03	3.22753355E+03	2.89625849E+03	2.61752096E+03	2.55421930E+03	1.77289278E+03	1.69300832E+03	1.57318246E+03
1.26904948E+05	2.58563831E+04	2.49987453E+04	2.05534712E+04	8.17984354E+03	7.79670364E+03	6.73435875E+03	6.13738554E+03	5.93058257E+03	3.45367964E+03	3.27846279E+03	2.94565770E+03	2.66537185E+03	2.60339162E+03	1.81345804E+03	1.73544033E+03	1.61324335E+03
1.26968649E+05	2.59164053E+04	2.50593476E+04	2.06140307E+04	8.23612893E+03	7.85325096E+03	6.79081348E+03	6.19581875E+03	5.98762775E+03	3.50532967E+03	3.33024540E+03	2.99721915E+03	2.71999963E+03	2.65533715E+03	1.85781390E+03	1.77976802E+03
1.27038655E+05	2.59809708E+04	2.51222009E+04	2.06785404E+04	8.29573985E+03	7.91100282E+03	6.85018259E+03	6.25543988E+03	6.04770775E+03	3.55868940E+03	3.38052507E+03	3.05008011E+03	2.77248596E+03	2.70862897E+03	1.89477976E+03	1.82619697E+03
1.27110898E+05	2.60462924E+04	2.51890460E+04	2.07437662E+04	8.35657697E+03	7.97247696E+03	6.91065936E+03	6.31677889E+03	6.10867519E+03	3.61407427E+03	3.43613042E+03	3.10466171E+03	2.82745358E+03	2.76329154E+03	1.94169870E+03
1.27178233E+05	2.61092679E+04	2.52544549E+04	2.08080973E+04	8.41512108E+03	8.03300377E+03	6.97039885E+03	6.37770385E+03	6.16930168E+03	3.66544562E+03	3.49024293E+03	3.15758180E+03	2.88151958E+03	2.81698542E+03	1.98909494E+03
1.27249679E+05	2.61752284E+04	2.53207519E+04	2.08738762E+04	8.47685628E+03	8.09501390E+03	7.03172235E+03	6.43969014E+03	6.23114923E+03	3.72170916E+03	3.54663849E+03	3.21292136E+03	2.93724172E+03	2.87245340E+03
1.27352326E+05	2.62752615E+04	2.54235451E+04	2.09707583E+04	8.56846540E+03	8.18812354E+03	7.12096016E+03	6.53039692E+03	6.31411440E+03	3.79236097E+03	3.62128167E+03	3.27105054E+03	3.00743121E+03	2.94366669E+03
1.27456350E+05	2.63769674E+04	2.55276823E+04	2.10712233E+04	8.66117377E+03	8.28231344E+03	7.21277975E+03	6.62657788E+03	6.40794715E+03	3.86469892E+03	3.69818880E+03	3.33724082E+03	3.08298978E+03	3.01902729E+03
1.27561728E+05	2.64804980E+04	2.56330596E+04	2.11743807E+04	8.75504541E+03	8.37748404E+03	7.30497389E+03	6.72512424E+03	6.50249235E+03	3.93911062E+03	3.77653944E+03	3.40840546E+03	3.16149029E+03	3.09913328E+03
1.27668520E+05	2.65858893E+04	2.57396991E+04	2.12796606E+04	8.85009443E+03	8.47365191E+03	7.39780587E+03	6.82003757E+03	6.59717343E+03	4.01556026E+03	3.85628991E+03	3.48224087E+03	3.23517052E+03	3.17562468E+03
1.27776710E+05	2.66932149E+04	2.58475981E+04	2.13872515E+04	8.94634498E+03	8.57079907E+03	7.49282096E+03	6.91826664E+03	6.69320755E+03	4.09426444E+03	3.93729135E+03	3.55853490E+03	3.31308672E+03	3.25003611E+03
1.27886250E+05	2.68027599E+04	2.59568902E+04	2.14982539E+04	9.04392894E+03	8.66901762E+03	7.59112742E+03	7.02356618E+03	6.79605903E+03	4.17598775E+03	4.02060782E+03	3.63962267E+03	3.39966208E+03
1.27999754E+05	2.69136421E+04	2.60663704E+04	2.16085979E+04	9.14271752E+03	8.76784702E+03	7.68588823E+03	7.11042924E+03	6.89286701E+03	4.25148303E+03	4.08425664E+03	3.71327196E+03	3.47699909E+03
1.28115145E+05	2.70266907E+04	2.61787030E+04	2.17236949E+04	9.24299118E+03	8.86843669E+03	7.78638658E+03	7.21121268E+03	6.99600307E+03	4.33126431E+03	4.15497436E+03	3.79081927E+03	3.56142787E+03
1.28232198E+05	2.71411900E+04	2.62939436E+04	2.18355406E+04	9.34435137E+03	8.97082675E+03	7.88195976E+03	7.31302982E+03	7.09565399E+03	4.41298406E+03	4.23298676E+03	3.86433503E+03	3.63966964E+03
1.28351039E+05	2.72573165E+04	2.64121610E+04	2.19548949E+04	9.44694573E+03	9.07502475E+03	7.98988982E+03	7.41979664E+03	7.20503433E+03	4.49783099E+03	4.31857676E+03	3.95437132E+03
1.28470497E+05	2.73676760E+04	2.65260096E+04	2.20606741E+04	9.54293865E+03	9.17385328E+03	8.07992922E+03	7.51646563E+03	7.30269223E+03	4.56283803E+03	4.39444933E+03	4.03006430E+03
1.28592360E+05	2.74795142E+04	2.66408474E+04	2.21724145E+04	9.64077451E+03	9.27415170E+03	8.17689908E+03	7.61831804E+03	7.40130363E+03	4.63393846E+03	4.47417627E+03	4.11314555E+03
1.28716759E+05	2.75928514E+04	2.67567188E+04	2.22852203E+04	9.74051586E+03	9.37555530E+03	8.27461417E+03	7.71565272E+03	7.50054885E+03	4.71150756E+03	4.55594594E+03	4.18989207E+03
1.28843674E+05	2.77077344E+04	2.68735862E+04	2.24016951E+04	9.84225623E+03	9.47842569E+03	8.37668617E+03	7.82403650E+03	7.60482349E+03	4.79603601E+03	4.64129229E+03
1.28985800E+05	2.78323144E+04	2.69930986E+04	2.25261272E+04	9.94902287E+03	9.57810874E+03	8.48267831E+03	7.93126579E+03	7.71367569E+03	4.86682240E+03	4.73150002E+03
1.29133468E+05	2.79581235E+04	2.71238268E+04	2.26516733E+04	1.00590159E+04	9.69029968E+03	8.59145445E+03	8.04334319E+03	7.82443983E+03	4.95635818E+03
1.29263662E+05	2.80741356E+04	2.72474585E+04	2.27718188E+04	1.01579697E+04	9.79664637E+03	8.69491009E+03	8.15137616E+03	7.93142963E+03	5.04570699E+03
1.29404902E+05	2.81982013E+04	2.73728241E+04	2.28953494E+04	1.02673435E+04	9.90710380E+03	8.80292432E+03	8.26196937E+03	8.04149562E+03
1.29629308E+05	2.84108001E+04	2.75959196E+04	2.30953311E+04	1.04270825E+04	1.00792123E+04	8.94121809E+03	8.43037919E+03	8.21098539E+03
1.29856723E+05	2.86275804E+04	2.78219227E+04	2.33069844E+04	1.05905586E+04	1.02553439E+04	9.09389748E+03	8.61301736E+03	8.39124296E+03
1.30087121E+05	2.88490156E+04	2.80504825E+04	2.35265784E+04	1.07583661E+04	1.04341805E+04	9.25530713E+03	8.80292810E+03	8.58393989E+03
1.30320565E+05	2.90752086E+04	2.82816419E+04	2.37518979E+04	1.09304915E+04	1.06156845E+04	9.42181731E+03	8.97985927E+03	8.76702064E+03
1.30557083E+05	2.93063613E+04	2.85153964E+04	2.39836465E+04	1.11071266E+04	1.07997070E+04	9.59365697E+03	9.16619988E+03	8.94389041E+03
1.30796599E+05	2.95431883E+04	2.87521767E+04	2.42259059E+04	1.12891655E+04	1.09877122E+04	9.77545074E+03	9.37307919E+03
1.31046820E+05	2.97815594E+04	2.89856883E+04	2.44614296E+04	1.14604904E+04	1.11421013E+04	9.94227115E+03	9.56031918E+03
1.31301315E+05	3.00252648E+04	2.92274898E+04	2.47121869E+04	1.16395253E+04	1.13107027E+04	1.01191063E+04	9.76652211E+03
1.31560179E+05	3.02723215E+04	2.94778169E+04	2.49500454E+04	1.18224082E+04	1.14936336E+04	1.02857269E+04	9.95654869E+03
1.31823465E+05	3.05234634E+04	2.97369015E+04	2.52132286E+04	1.20112186E+04	1.16910957E+04	1.04851618E+04
1.32079243E+05	3.07443106E+04	2.99714575E+04	2.54158761E+04	1.21504925E+04	1.18583973E+04	1.06489216E+04
1.32341350E+05	3.09689007E+04	3.02076765E+04	2.56406340E+04	1.23029358E+04	1.20329031E+04	1.08281867E+04
1.32610156E+05	3.11972868E+04	3.04456912E+04	2.58674015E+04	1.24691272E+04	1.22117447E+04	1.09940415E+04
1.32885584E+05	3.14295836E+04	3.06854090E+04	2.61051737E+04	1.26496834E+04	1.23978517E+04
1.33204791E+05	3.16845241E+04	3.09194658E+04	2.63599560E+04	1.28055141E+04	1.25999095E+04
1.33541109E+05	3.19417418E+04	3.11955142E+04	2.66166098E+04	1.29981093E+04
1.33811792E+05	3.21589271E+04	3.14419932E+04	2.68503653E+04	1.31864941E+04
1.34118237E+05	3.24051432E+04	3.16935897E+04	2.70949270E+04
1.34714712E+05	3.27752799E+04	3.21722300E+04	2.75364212E+04
1.35332284E+05	3.31786073E+04	3.26625066E+04	2.80264789E+04
1.35971028E+05	3.36161074E+04	3.31614145E+04	2.84748679E+04
1.36631407E+05	3.40888999E+04	3.36718880E+04
1.37452350E+05	3.45364232E+04	3.42880403E+04
1.38346464E+05	3.50487800E+04
1.38950238E+05	3.55363259E+04
1.39699686E+05
1.42097483E+05
