1.31420930E+05	2.52394368E+04	2.43574807E+04	1.94128422E+04	6.54550056E+03	6.14506872E+03	4.97754812E+03	4.35007963E+03	4.12310107E+03	1.75333265E+03	1.56953186E+03	1.25235585E+03	9.59339574E+02	9.01832524E+02	4.04671319E+02	3.30621729E+02	2.47092336E+02	5.12686069E+02	4.95951734E+02	1.30253746E+02	1.18029259E+02	5.99710919E+01	3.86579622E+01	2.16522338E+01	4.42124179E+00	3.58496930E+00	0	0	5.10929370E+00
1.31427835E+05	2.52464561E+04	2.43645243E+04	1.94198674E+04	6.55252693E+03	6.15212595E+03	4.98459014E+03	4.35712608E+03	4.13013185E+03	1.76034857E+03	1.57658985E+03	1.25939019E+03	9.66406977E+02	9.08876296E+02	4.11596803E+02	3.37648745E+02	2.54040857E+02	5.19762632E+02	5.03025428E+02	1.37478124E+02	1.24979770E+02	6.66421770E+01	4.55840553E+01	2.82337853E+01	1.14499335E+01	1.05286335E+01	0	0	1.15723749E+01
1.31435848E+05	2.52544124E+04	2.43724560E+04	1.94277966E+04	6.56048229E+03	6.16007050E+03	4.99253887E+03	4.36506335E+03	4.13806710E+03	1.76828451E+03	1.58453738E+03	1.26733836E+03	9.74360236E+02	9.16837596E+02	4.19631271E+02	3.45663826E+02	2.62054451E+02	5.27696182E+02	5.10960968E+02	1.45295954E+02	1.32988501E+02	7.46453129E+01	5.34419017E+01	3.61258816E+01	1.93236364E+01	1.85010708E+01
1.31452446E+05	2.52713479E+04	2.43893081E+04	1.94447212E+04	6.57760799E+03	6.17725530E+03	5.00969900E+03	4.38208763E+03	4.15524776E+03	1.78537697E+03	1.60169523E+03	1.28440882E+03	9.91434964E+02	9.33864368E+02	4.36067242E+02	3.62210682E+02	2.78381680E+02	5.39370223E+02	5.27985353E+02	1.61467980E+02	1.49094622E+02	8.88231875E+01	6.70465746E+01	4.91451521E+01	3.72195710E+01	3.31373241E+01
1.31470851E+05	2.52901276E+04	2.44079722E+04	1.94635616E+04	6.59657871E+03	6.19622931E+03	5.02895959E+03	4.40072008E+03	4.17465587E+03	1.80430986E+03	1.62060887E+03	1.30367409E+03	1.01064813E+03	9.53290613E+02	4.54100906E+02	3.80107096E+02	2.96811108E+02	5.60642278E+02	5.47547668E+02	1.83014125E+02	1.67613593E+02	1.04058578E+02	8.14364582E+01	6.34308296E+01	5.50083319E+01	5.38256336E+01
1.31490103E+05	2.53098605E+04	2.44275660E+04	1.94832862E+04	6.61716379E+03	6.21682852E+03	5.04962076E+03	4.42165295E+03	4.19515359E+03	1.82461920E+03	1.64089551E+03	1.32380868E+03	1.03095901E+03	9.73421024E+02	4.74622372E+02	4.01068617E+02	3.17643964E+02	5.79028912E+02	5.67809971E+02	1.95768508E+02	1.87681411E+02	1.21558471E+02	9.81408530E+01	7.91056556E+01	7.12709243E+01
1.31511336E+05	2.53316745E+04	2.44492737E+04	1.95050247E+04	6.63927769E+03	6.23878570E+03	5.07161114E+03	4.44346799E+03	4.21716261E+03	1.84647630E+03	1.66272236E+03	1.34518950E+03	1.05247702E+03	9.94720556E+02	4.95826067E+02	4.21527093E+02	3.37806866E+02	5.99633108E+02	5.89177693E+02	2.16808053E+02	2.07019492E+02	1.38974267E+02	1.14004242E+02	9.42823434E+01	8.94640450E+01
1.31533842E+05	2.53546996E+04	2.44721652E+04	1.95280891E+04	6.66285427E+03	6.26208759E+03	5.09520522E+03	4.46654567E+03	4.24078681E+03	1.86969792E+03	1.68578435E+03	1.36848226E+03	1.07575383E+03	1.01785883E+03	5.18383315E+02	4.43152143E+02	3.59802277E+02	6.22685669E+02	6.12328642E+02	2.38618577E+02	2.28376815E+02	1.57321429E+02	1.30758933E+02	1.10708126E+02	1.09754764E+02
1.31557465E+05	2.53788958E+04	2.44962509E+04	1.95522484E+04	6.68770752E+03	6.28667161E+03	5.11988257E+03	4.49102718E+03	4.26559023E+03	1.89409538E+03	1.71002343E+03	1.39267771E+03	1.09967715E+03	1.04229049E+03	5.42067841E+02	4.65826087E+02	3.82281678E+02	6.47188569E+02	6.36896742E+02	2.62564873E+02	2.50741606E+02	1.76391913E+02	1.48294732E+02	1.27387947E+02	1.31290304E+02
1.31581618E+05	2.54042126E+04	2.45215467E+04	1.95776594E+04	6.71377168E+03	6.31255564E+03	5.14552723E+03	4.51686018E+03	4.29116375E+03	1.91963433E+03	1.73545621E+03	1.41742282E+03	1.12473473E+03	1.06681568E+03	5.66694034E+02	4.89568161E+02	4.05309633E+02	6.72972673E+02	6.61592078E+02	2.84171821E+02	2.72676835E+02	1.96014703E+02	1.66569813E+02	1.44375300E+02	1.52339425E+02
1.31608220E+05	2.54309246E+04	2.45479941E+04	1.96042553E+04	6.74104008E+03	6.33972307E+03	5.17256831E+03	4.54402138E+03	4.31774595E+03	1.94626159E+03	1.76204165E+03	1.44365733E+03	1.15111417E+03	1.09221096E+03	5.92186938E+02	5.14544547E+02	4.29980389E+02	7.03061241E+02	6.87060837E+02	3.11648824E+02	2.95203474E+02	2.16149559E+02	1.85641451E+02	1.62374473E+02	1.73397731E+02
1.31635202E+05	2.54586138E+04	2.45755175E+04	1.96320569E+04	6.76943153E+03	6.36812781E+03	5.20176364E+03	4.57270706E+03	4.34730964E+03	1.97392708E+03	1.78971936E+03	1.47241266E+03	1.17910009E+03	1.12184881E+03	6.18657476E+02	5.40789450E+02	4.58068934E+02	7.32018757E+02	7.16811914E+02	3.37529635E+02	3.24353199E+02	2.36906301E+02	2.05488629E+02	1.82442994E+02
1.31656815E+05	2.54799274E+04	2.45969415E+04	1.96531606E+04	6.79035942E+03	6.38914164E+03	5.22247582E+03	4.59356163E+03	4.36825364E+03	1.99440284E+03	1.81033776E+03	1.49260365E+03	1.19929626E+03	1.14219541E+03	6.38078222E+02	5.60504911E+02	4.76793819E+02	7.52182423E+02	7.37082503E+02	3.56158570E+02	3.43312372E+02	2.51380275E+02	2.21465886E+02	1.98487031E+02
1.31678998E+05	2.55018033E+04	2.46189411E+04	1.96750340E+04	6.81185644E+03	6.41072924E+03	5.24392432E+03	4.61527366E+03	4.38979100E+03	2.01546797E+03	1.83153287E+03	1.51352989E+03	1.22066092E+03	1.16332783E+03	6.58133599E+02	5.80813307E+02	4.96515881E+02	7.73614951E+02	7.58421241E+02	3.76288785E+02	3.62944680E+02	2.67056782E+02	2.38781586E+02	2.16598041E+02
1.31701848E+05	2.55242632E+04	2.46415216E+04	1.96974669E+04	6.83393006E+03	6.43286134E+03	5.26592429E+03	4.63706312E+03	4.41179245E+03	2.03712599E+03	1.85325170E+03	1.53504032E+03	1.24165892E+03	1.18472308E+03	6.78853945E+02	6.01622803E+02	5.16901196E+02	7.94757051E+02	7.79805090E+02	3.95541485E+02	3.82776632E+02	2.84110009E+02	2.56556944E+02	2.33341596E+02
1.31725334E+05	2.55473050E+04	2.46646895E+04	1.97205630E+04	6.85658617E+03	6.45555586E+03	5.28862973E+03	4.66010357E+03	4.43454772E+03	2.05940713E+03	1.87553144E+03	1.55735976E+03	1.26462178E+03	1.20709210E+03	7.00325540E+02	6.23015703E+02	5.38269852E+02	8.17537524E+02	8.02205622E+02	4.17888300E+02	4.03999902E+02	3.03122587E+02	2.75152333E+02
1.31751375E+05	2.55724715E+04	2.46896009E+04	1.97457452E+04	6.88119613E+03	6.47982262E+03	5.31323062E+03	4.68470442E+03	4.45922553E+03	2.08341919E+03	1.89904912E+03	1.58131573E+03	1.28847440E+03	1.23109069E+03	7.22930639E+02	6.44553693E+02	5.60626568E+02	8.41516370E+02	8.26259083E+02	4.39476611E+02	4.26031942E+02	3.19605727E+02	2.94968283E+02
1.31778237E+05	2.55983679E+04	2.47156742E+04	1.97716341E+04	6.90653535E+03	6.50522129E+03	5.33852922E+03	4.71006296E+03	4.48455885E+03	2.10825121E+03	1.92389434E+03	1.60603310E+03	1.31319121E+03	1.25578964E+03	7.46651953E+02	6.68172164E+02	5.84012783E+02	8.66226217E+02	8.50959995E+02	4.62555388E+02	4.49056037E+02	3.40294635E+02
1.31805608E+05	2.56249513E+04	2.47426528E+04	1.97984838E+04	6.93255674E+03	6.53159863E+03	5.36482586E+03	4.73651357E+03	4.51098388E+03	2.13347873E+03	1.94959523E+03	1.63156954E+03	1.33888127E+03	1.28142914E+03	7.69798434E+02	6.92141766E+02	6.07406030E+02	8.91982925E+02	8.76696471E+02	4.85812326E+02	4.72112786E+02	3.61736985E+02
1.31834060E+05	2.56525254E+04	2.47703442E+04	1.98260258E+04	6.95962089E+03	6.55871192E+03	5.39184315E+03	4.76360099E+03	4.53804417E+03	2.16000099E+03	1.97613453E+03	1.65794906E+03	1.36528239E+03	1.30778852E+03	7.95029467E+02	7.17281597E+02	6.32155777E+02	9.18371622E+02	9.03066887E+02	5.10267521E+02	4.96448338E+02
1.31872639E+05	2.56908930E+04	2.48091823E+04	1.98637900E+04	6.99708696E+03	6.59639074E+03	5.42885624E+03	4.80067754E+03	4.57392987E+03	2.19569193E+03	2.01210838E+03	1.69296098E+03	1.39980047E+03	1.34015639E+03	8.25407381E+02	7.48688848E+02	6.56113740E+02	9.52959339E+02	9.37290708E+02	5.38501294E+02	5.25114203E+02
1.31912039E+05	2.57301284E+04	2.48488545E+04	1.99027681E+04	7.03530692E+03	6.63483429E+03	5.46708934E+03	4.83956894E+03	4.61237729E+03	2.23207216E+03	2.04882253E+03	1.72923453E+03	1.43671943E+03	1.37654185E+03	8.56494070E+02	7.81354697E+02	6.83649353E+02	9.89191205E+02	9.73765184E+02	5.69145873E+02	5.55808703E+02
1.31952298E+05	2.57702696E+04	2.48893201E+04	1.99428360E+04	7.07426977E+03	6.67398907E+03	5.50578441E+03	4.87919718E+03	4.65135012E+03	2.26918415E+03	2.08619440E+03	1.76569596E+03	1.47462425E+03	1.41340424E+03	8.88489272E+02	8.14867434E+02	7.13697985E+02	1.02637184E+03	1.01069777E+03	6.01042574E+02	5.88520561E+02
1.31993394E+05	2.58113346E+04	2.49306009E+04	1.99839076E+04	7.11399787E+03	6.71387708E+03	5.54515324E+03	4.91864035E+03	4.69092299E+03	2.30703247E+03	2.12423333E+03	1.80282619E+03	1.51150098E+03	1.45020632E+03	9.21302288E+02	8.49138237E+02	7.45177093E+02	1.06397708E+03	1.04748968E+03	6.31476124E+02	6.20058149E+02
1.32035299E+05	2.58533174E+04	2.49726492E+04	2.00259869E+04	7.15447914E+03	6.75447107E+03	5.58550987E+03	4.95912643E+03	4.73152571E+03	2.34563262E+03	2.16290389E+03	1.84105497E+03	1.54992078E+03	1.48803883E+03	9.55102878E+02	8.83901287E+02	7.77913311E+02	1.10057013E+03	1.08585271E+03	6.63887960E+02	6.51079363E+02
1.32077961E+05	2.58963984E+04	2.50155289E+04	2.00693116E+04	7.19576168E+03	6.79577196E+03	5.62700864E+03	5.00151996E+03	4.77360511E+03	2.38519998E+03	2.20234966E+03	1.88069031E+03	1.59140424E+03	1.52832687E+03	9.91046385E+02	9.20475041E+02	8.13286734E+02	1.14156654E+03	1.12589266E+03	6.99763792E+02
1.32122418E+05	2.59405903E+04	2.50594300E+04	2.01134576E+04	7.23818807E+03	6.83817908E+03	5.66866260E+03	5.04259517E+03	4.81553810E+03	2.42507051E+03	2.24164002E+03	1.91925960E+03	1.62700113E+03	1.56665397E+03	1.02456817E+03	9.47646959E+02	8.45371136E+02	1.17926731E+03	1.16439285E+03	7.32004964E+02
1.32167764E+05	2.59858191E+04	2.51044182E+04	2.01590207E+04	7.28144412E+03	6.88142216E+03	5.71220507E+03	5.08580052E+03	4.85949432E+03	2.46598482E+03	2.28196059E+03	1.96019885E+03	1.66687742E+03	1.60764483E+03	1.06015676E+03	9.77902806E+02	8.79283842E+02	1.22153794E+03	1.20560836E+03	7.67199717E+02
1.32214021E+05	2.60318720E+04	2.51505440E+04	2.02045026E+04	7.32541575E+03	6.92552763E+03	5.75473091E+03	5.12972729E+03	4.90271280E+03	2.50759246E+03	2.32334362E+03	1.99933793E+03	1.70758139E+03	1.64723578E+03	1.09657696E+03	1.01152629E+03	9.11523742E+02	1.26220919E+03	1.24561207E+03	7.99871851E+02
1.32261201E+05	2.60787678E+04	2.51978383E+04	2.02520880E+04	7.37013311E+03	6.97051509E+03	5.80080826E+03	5.17523247E+03	4.94885147E+03	2.54998649E+03	2.36580874E+03	2.04400782E+03	1.75018987E+03	1.69157187E+03	1.13433136E+03	1.04889180E+03	9.51563559E+02	1.30551887E+03	1.28972507E+03
1.32333980E+05	2.61537646E+04	2.52725602E+04	2.03265385E+04	7.44509502E+03	7.04675311E+03	5.87371828E+03	5.24845391E+03	5.01711377E+03	2.61430161E+03	2.43170078E+03	2.10396298E+03	1.81126804E+03	1.74232428E+03	1.18073795E+03	1.09487546E+03	9.93495743E+02	1.36709709E+03	1.35189210E+03
1.32408247E+05	2.62303141E+04	2.53487813E+04	2.04032516E+04	7.52159945E+03	7.12474409E+03	5.94789351E+03	5.32699619E+03	5.09088148E+03	2.67972729E+03	2.49915457E+03	2.16500259E+03	1.87761023E+03	1.80095711E+03	1.22781200E+03	1.14160720E+03	1.03725348E+03	1.43138973E+03	1.41654897E+03
1.32484010E+05	2.63084303E+04	2.54265115E+04	2.04815287E+04	7.59973153E+03	7.20427994E+03	6.02371051E+03	5.40814283E+03	5.16745018E+03	2.74638071E+03	2.56777238E+03	2.22739503E+03	1.94846698E+03	1.86282058E+03	1.27557842E+03	1.18901944E+03	1.08204659E+03	1.50098210E+03	1.48608554E+03
1.32561227E+05	2.63880843E+04	2.55057128E+04	2.05608235E+04	7.67962893E+03	7.28534465E+03	6.10153375E+03	5.49034326E+03	5.24583466E+03	2.81447963E+03	2.63759914E+03	2.29143049E+03	1.99689327E+03	1.92638554E+03	1.32408716E+03	1.23712938E+03	1.12656318E+03	1.57306008E+03	1.55897896E+03
1.32639959E+05	2.64693248E+04	2.55864309E+04	2.06417972E+04	7.76115582E+03	7.36793910E+03	6.18150116E+03	5.57123526E+03	5.32628172E+03	2.88372407E+03	2.70852032E+03	2.35710252E+03	2.08539348E+03	1.99161817E+03	1.37327947E+03	1.28592666E+03	1.17168724E+03	1.64172984E+03	1.62956117E+03
1.32720211E+05	2.65521740E+04	2.56686936E+04	2.07246562E+04	7.84421765E+03	7.45191089E+03	6.26404233E+03	5.65441306E+03	5.40957277E+03	2.95394031E+03	2.78013492E+03	2.42474255E+03	2.13751859E+03	2.05924617E+03	1.42311391E+03	1.33535445E+03	1.21784514E+03	1.71020806E+03	1.69926504E+03
1.32801913E+05	2.66365701E+04	2.57524242E+04	2.08094660E+04	7.92907912E+03	7.53719439E+03	6.34973503E+03	5.73868308E+03	5.49641229E+03	3.02549605E+03	2.85226844E+03	2.49493993E+03	2.17531492E+03	2.13004732E+03	1.47370048E+03	1.38537280E+03	1.26532451E+03	1.78417256E+03	1.77069572E+03
1.32884680E+05	2.67222178E+04	2.58371977E+04	2.08956883E+04	8.01817393E+03	7.62561375E+03	6.43996002E+03	5.83365048E+03	5.58705104E+03	3.10254685E+03	2.92937182E+03	2.56979778E+03	2.26609728E+03	2.20509532E+03	1.52587180E+03	1.43644621E+03	1.31432913E+03	1.86729840E+03
1.32970157E+05	2.68105620E+04	2.59249473E+04	2.09831993E+04	8.10539393E+03	7.71108747E+03	6.52429809E+03	5.91200305E+03	5.67243458E+03	3.17482862E+03	2.99814280E+03	2.63729775E+03	2.33505670E+03	2.27254887E+03	1.57699786E+03	1.48695540E+03	1.36085834E+03	1.93851788E+03
1.33057077E+05	2.69004107E+04	2.60141987E+04	2.10736135E+04	8.19519208E+03	7.79881726E+03	6.61400274E+03	5.99678230E+03	5.76252208E+03	3.24954487E+03	3.06933222E+03	2.70918612E+03	2.39037732E+03	2.34405387E+03	1.62923148E+03	1.53831447E+03	1.41029181E+03	2.01514211E+03
1.33145616E+05	2.69917398E+04	2.61049156E+04	2.11647980E+04	8.28710613E+03	7.88885794E+03	6.70555461E+03	6.08591577E+03	5.85651356E+03	3.32616929E+03	3.14297972E+03	2.78225554E+03	2.47380023E+03	2.41875168E+03	1.68233405E+03	1.59054357E+03	1.46015109E+03	2.09641911E+03
1.33235603E+05	2.70846648E+04	2.61972069E+04	2.12574096E+04	8.38054400E+03	7.98122746E+03	6.79473085E+03	6.17791719E+03	5.94755513E+03	3.40382992E+03	3.21889782E+03	2.85319302E+03	2.54243817E+03	2.49012993E+03	1.73607914E+03	1.64363928E+03	1.50886318E+03	2.17354899E+03
1.33327147E+05	2.71792060E+04	2.62910687E+04	2.13520805E+04	8.47538309E+03	8.07602369E+03	6.88790810E+03	6.27279057E+03	6.03730316E+03	3.48239883E+03	3.29717566E+03	2.92742567E+03	2.63799807E+03	2.55991745E+03	1.79041849E+03	1.69758940E+03	1.55902477E+03	2.24847014E+03
1.33420213E+05	2.72753197E+04	2.63864637E+04	2.14491625E+04	8.57209802E+03	8.17329128E+03	6.99057088E+03	6.37246036E+03	6.14409490E+03	3.56254686E+03	3.37782552E+03	3.01028953E+03	2.71835254E+03	2.64829710E+03	1.84550208E+03	1.75237309E+03	1.61336006E+03
1.33482773E+05	2.73351121E+04	2.64473694E+04	2.15073878E+04	8.62774062E+03	8.22973634E+03	7.04462779E+03	6.42799672E+03	6.19999849E+03	3.61268775E+03	3.42902685E+03	3.05787780E+03	2.76743755E+03	2.69819972E+03	1.88094254E+03	1.79296554E+03	1.65409797E+03
1.33546497E+05	2.73957202E+04	2.65089353E+04	2.15679233E+04	8.68424382E+03	8.28692977E+03	7.10074778E+03	6.48585952E+03	6.25673664E+03	3.66387318E+03	3.48110069E+03	3.10828408E+03	2.81961729E+03	2.74899226E+03	1.91956541E+03	1.83583434E+03	1.69902356E+03
1.33611437E+05	2.74571472E+04	2.65711779E+04	2.16291347E+04	8.74162823E+03	8.34476580E+03	7.15741494E+03	6.54204022E+03	6.31376943E+03	3.71615137E+03	3.53382765E+03	3.15935854E+03	2.86913013E+03	2.79986534E+03	1.96163988E+03	1.87979738E+03	1.74044649E+03
1.33677586E+05	2.75194138E+04	2.66340777E+04	2.16919369E+04	8.79993634E+03	8.40335375E+03	7.21586814E+03	6.60255667E+03	6.37284210E+03	3.76960172E+03	3.58742488E+03	3.21268008E+03	2.92565015E+03	2.85359566E+03	2.00757357E+03	1.92570381E+03
1.33750661E+05	2.75866372E+04	2.66994924E+04	2.17590373E+04	8.86189602E+03	8.46335417E+03	7.27751850E+03	6.66448572E+03	6.43524086E+03	3.82497910E+03	3.63960176E+03	3.26747119E+03	2.98006750E+03	2.90884865E+03	2.04582653E+03	1.97390645E+03
1.33826143E+05	2.76546401E+04	2.67691311E+04	2.18268730E+04	8.92509087E+03	8.52724666E+03	7.34028630E+03	6.72818655E+03	6.49852523E+03	3.88243616E+03	3.69731520E+03	3.32402574E+03	3.03706243E+03	2.96550028E+03	2.09447770E+03
1.33896175E+05	2.77200364E+04	2.68371504E+04	2.18936747E+04	8.98580609E+03	8.59006405E+03	7.40222037E+03	6.79137564E+03	6.56138365E+03	3.93565393E+03	3.75341025E+03	3.37879667E+03	3.09306110E+03	3.02109051E+03	2.14358752E+03
1.33970590E+05	2.77885718E+04	2.69060378E+04	2.19619690E+04	9.04984561E+03	8.65439687E+03	7.46578527E+03	6.85564495E+03	6.62549840E+03	3.99395153E+03	3.81185782E+03	3.43608073E+03	3.15076673E+03	3.07851867E+03
1.34076705E+05	2.78919972E+04	2.70123425E+04	2.20620757E+04	9.14450410E+03	8.75064642E+03	7.55789902E+03	6.94930699E+03	6.71114335E+03	4.06695666E+03	3.88901970E+03	3.49607470E+03	3.22322964E+03	3.15200923E+03
1.34184215E+05	2.79971411E+04	2.71199977E+04	2.21658901E+04	9.24027922E+03	8.84798023E+03	7.65263434E+03	7.04858310E+03	6.80796366E+03	4.14171719E+03	3.96845908E+03	3.56440521E+03	3.30121470E+03	3.22973269E+03
1.34293106E+05	2.81041379E+04	2.72288885E+04	2.22724460E+04	9.33723178E+03	8.94629794E+03	7.74777457E+03	7.15024521E+03	6.90553316E+03	4.21861264E+03	4.04934578E+03	3.63781538E+03	3.38224341E+03	3.31236025E+03
1.34403417E+05	2.82130315E+04	2.73390440E+04	2.23811642E+04	9.43537574E+03	9.04561457E+03	7.84351467E+03	7.24814636E+03	7.00319044E+03	4.29761734E+03	4.13164547E+03	3.71394310E+03	3.45822832E+03	3.39122099E+03
1.34515133E+05	2.83238846E+04	2.74504575E+04	2.24922413E+04	9.53473075E+03	9.14591345E+03	7.94147583E+03	7.34937141E+03	7.10219363E+03	4.37892848E+03	4.21522507E+03	3.79257715E+03	3.53852924E+03	3.46786943E+03
1.34628219E+05	2.84369635E+04	2.75632545E+04	2.26068284E+04	9.63542177E+03	9.24728514E+03	8.04282747E+03	7.45778535E+03	7.20828753E+03	4.46324955E+03	4.30111958E+03	3.87610314E+03	3.62779152E+03
1.34745561E+05	2.85516476E+04	2.76765138E+04	2.27208036E+04	9.73745852E+03	9.34934928E+03	8.14053974E+03	7.54780127E+03	7.30812122E+03	4.54115057E+03	4.36705478E+03	3.95196765E+03	3.70753542E+03
1.34864684E+05	2.86684345E+04	2.77926556E+04	2.28395939E+04	9.84096857E+03	9.45321560E+03	8.24418651E+03	7.65176537E+03	7.41449482E+03	4.62342930E+03	4.44024780E+03	4.03182860E+03	3.79461489E+03
1.34985624E+05	2.87866860E+04	2.79117470E+04	2.29552126E+04	9.94557611E+03	9.55892825E+03	8.34271076E+03	7.75677419E+03	7.51725412E+03	4.70772175E+03	4.52090253E+03	4.10753491E+03	3.87529343E+03
1.35107652E+05	2.89064164E+04	2.80338330E+04	2.30783038E+04	1.00513896E+04	9.66648548E+03	8.45391617E+03	7.86688186E+03	7.62993468E+03	4.79525697E+03	4.60927228E+03	4.20022900E+03
1.35230932E+05	2.90202381E+04	2.81513029E+04	2.31872754E+04	1.01502569E+04	9.76835969E+03	8.54656263E+03	7.96643236E+03	7.73047333E+03	4.86236210E+03	4.68758386E+03	4.27812974E+03
1.35356654E+05	2.91355751E+04	2.82697885E+04	2.33024169E+04	1.02510352E+04	9.87172711E+03	8.64637630E+03	8.07131677E+03	7.83194885E+03	4.93574398E+03	4.76982304E+03	4.36361808E+03
1.35485770E+05	2.92525839E+04	2.83893534E+04	2.34186263E+04	1.03538103E+04	9.97621419E+03	8.74692568E+03	8.17151684E+03	7.93406648E+03	5.01577759E+03	4.85413699E+03	4.44256313E+03
1.35616694E+05	2.93710366E+04	2.85099249E+04	2.35386322E+04	1.04586098E+04	1.00821845E+04	8.85195900E+03	8.28304902E+03	8.04136534E+03	5.10289652E+03	4.94209726E+03
1.35764337E+05	2.95000785E+04	2.86336595E+04	2.36673152E+04	1.05690433E+04	1.01852378E+04	8.96139970E+03	8.39379331E+03	8.15377268E+03	5.17595366E+03	5.03536964E+03
1.35917987E+05	2.96304294E+04	2.87692199E+04	2.37971781E+04	1.06827415E+04	1.03013028E+04	9.07367285E+03	8.50956247E+03	8.26810051E+03	5.26843090E+03
1.36052764E+05	2.97503230E+04	2.88972285E+04	2.39213027E+04	1.07848907E+04	1.04112057E+04	9.18037790E+03	8.62105544E+03	8.37845297E+03	5.36067016E+03
1.36199274E+05	2.98786587E+04	2.90269027E+04	2.40489180E+04	1.08978556E+04	1.05253064E+04	9.29179009E+03	8.73516120E+03	8.49198247E+03
1.36429790E+05	3.00972599E+04	2.92562694E+04	2.42543350E+04	1.10623328E+04	1.07026889E+04	9.43387236E+03	8.90825431E+03	8.66603080E+03
1.36663349E+05	3.03201355E+04	2.94885206E+04	2.44717336E+04	1.12306832E+04	1.08841273E+04	9.59074501E+03	9.09596372E+03	8.85108788E+03
1.36899939E+05	3.05477439E+04	2.97233244E+04	2.46972160E+04	1.14034923E+04	1.10682926E+04	9.75651146E+03	9.29101473E+03	9.04896129E+03
1.37139614E+05	3.07801913E+04	2.99607209E+04	2.49285281E+04	1.15807518E+04	1.12551505E+04	9.92746457E+03	9.47283625E+03	9.23685985E+03
1.37382409E+05	3.10176696E+04	3.02007135E+04	2.51664196E+04	1.17626401E+04	1.14445702E+04	1.01038596E+04	9.66406227E+03	9.41822910E+03
1.37628250E+05	3.12608450E+04	3.04436970E+04	2.54151045E+04	1.19500029E+04	1.16380009E+04	1.02904394E+04	9.87634120E+03
1.37885468E+05	3.15063937E+04	3.06843982E+04	2.56571642E+04	1.21264396E+04	1.17971101E+04	1.04616973E+04	1.00686949E+04
1.38147100E+05	3.17571130E+04	3.09334310E+04	2.59150498E+04	1.23107337E+04	1.19708605E+04	1.06432535E+04	1.02805944E+04
1.38413233E+05	3.20111446E+04	3.11910294E+04	2.61594828E+04	1.24989855E+04	1.21593682E+04	1.08142790E+04	1.04757974E+04
1.38683928E+05	3.22691681E+04	3.14574191E+04	2.64294195E+04	1.26933669E+04	1.23628253E+04	1.10188158E+04
1.38946852E+05	3.24961506E+04	3.16986065E+04	2.66372904E+04	1.28367068E+04	1.25351174E+04	1.11868336E+04
1.39216259E+05	3.27270025E+04	3.19415290E+04	2.68679529E+04	1.29935971E+04	1.27146983E+04	1.13707333E+04
1.39492530E+05	3.29617715E+04	3.21863380E+04	2.71006500E+04	1.31646043E+04	1.28986873E+04	1.15408382E+04
1.39775576E+05	3.32005717E+04	3.24329276E+04	2.73447117E+04	1.33503124E+04	1.30900588E+04
1.40106744E+05	3.34642035E+04	3.26747909E+04	2.76074186E+04	1.35111926E+04	1.32988772E+04
1.40456539E+05	3.37303645E+04	3.29607439E+04	2.78722022E+04	1.37099010E+04
1.40736932E+05	3.39544924E+04	3.32157242E+04	2.81131031E+04	1.39042563E+04
1.41054546E+05	3.42088546E+04	3.34755938E+04	2.83651631E+04
1.41666744E+05	3.45897091E+04	3.39691086E+04	2.88176786E+04
1.42299822E+05	3.50047584E+04	3.44739833E+04	2.93201884E+04
1.42955199E+05	3.54552213E+04	3.49875110E+04	2.97796063E+04
1.43632597E+05	3.59420519E+04	3.55123712E+04
1.44486783E+05	3.64068137E+04	3.61532069E+04
1.45421123E+05	3.69368556E+04
1.46045628E+05	3.74415874E+04
1.46824661E+05
1.49320010E+05
