1.34798090E+05	2.59909661E+04	2.50952886E+04	1.98834998E+04	6.75976589E+03	6.35219445E+03	5.11869229E+03	4.48121600E+03	4.24302102E+03	1.81946656E+03	1.63166530E+03	1.29523628E+03	9.96427017E+02	9.35669799E+02	4.21738856E+02	3.45395613E+02	2.56436904E+02	5.39116657E+02	5.20959589E+02	1.39822965E+02	1.23325756E+02	6.22171461E+01	3.98129474E+01	2.21612352E+01	5.49761111E+00	4.16550252E+00	0	0	5.18083288E+00
1.34805108E+05	2.59979994E+04	2.51023284E+04	1.98905371E+04	6.76689715E+03	6.35934921E+03	5.12584635E+03	4.48833353E+03	4.25013402E+03	1.82647793E+03	1.63872945E+03	1.30227047E+03	1.00355639E+03	9.42789592E+02	4.28805053E+02	3.52557412E+02	2.63517055E+02	5.46249942E+02	5.28081324E+02	1.45704340E+02	1.30411850E+02	6.90335554E+01	4.68711841E+01	2.88751362E+01	1.26540298E+01	1.12664678E+01	0	0	1.16808028E+01
1.34813341E+05	2.60062081E+04	2.51105191E+04	1.98987091E+04	6.77498517E+03	6.36742557E+03	5.13392819E+03	4.49641169E+03	4.25820627E+03	1.83456261E+03	1.64681160E+03	1.31036434E+03	1.01164848E+03	9.50885808E+02	4.36958219E+02	3.60690638E+02	2.71653200E+02	5.54331268E+02	5.36172242E+02	1.55128151E+02	1.38543364E+02	7.71622902E+01	5.48719100E+01	3.68920440E+01	2.06792719E+01	1.93615228E+01
1.34830129E+05	2.60233524E+04	2.51275778E+04	1.99158026E+04	6.79237563E+03	6.38492227E+03	5.15121793E+03	4.51373699E+03	4.27546083E+03	1.85193608E+03	1.66425768E+03	1.32749453E+03	1.02867018E+03	9.67892591E+02	4.53774832E+02	3.77829023E+02	2.87948086E+02	5.71039830E+02	5.53145797E+02	1.67896000E+02	1.54432430E+02	9.17388664E+01	6.90214283E+01	4.99896299E+01	3.56480459E+01	3.47293741E+01
1.34848750E+05	2.60423680E+04	2.51465105E+04	1.99348256E+04	6.81161704E+03	6.40422947E+03	5.17049258E+03	4.53286217E+03	4.29477432E+03	1.87110882E+03	1.68348604E+03	1.34662303E+03	1.04780030E+03	9.86972931E+02	4.72123593E+02	3.96282403E+02	3.06143849E+02	5.84595466E+02	5.72238147E+02	1.86433515E+02	1.72338319E+02	1.07293266E+02	8.39355506E+01	6.41792909E+01	5.55046117E+01	5.10472779E+01
1.34868866E+05	2.60629894E+04	2.51670018E+04	1.99555207E+04	6.83244522E+03	6.42501161E+03	5.19160068E+03	4.55327055E+03	4.31603951E+03	1.89181123E+03	1.70416702E+03	1.36767348E+03	1.06880751E+03	1.00820296E+03	4.91757744E+02	4.15750314E+02	3.26156137E+02	6.05525922E+02	5.93618266E+02	2.05574463E+02	1.92406968E+02	1.23671859E+02	9.94235072E+01	7.94793408E+01	7.34871646E+01	7.27692957E+01
1.34888945E+05	2.60841328E+04	2.51881278E+04	1.99768062E+04	6.85469160E+03	6.44732315E+03	5.21400071E+03	4.57605469E+03	4.33825889E+03	1.91376855E+03	1.72609560E+03	1.38944664E+03	1.09078321E+03	1.02996232E+03	5.13888406E+02	4.38367132E+02	3.48644764E+02	6.27731131E+02	6.15521364E+02	2.22756138E+02	2.13953824E+02	1.42284132E+02	1.17281557E+02	9.61002097E+01	9.23248149E+01
1.34912509E+05	2.61076630E+04	2.52114077E+04	2.00001053E+04	6.87840508E+03	6.47084679E+03	5.23753275E+03	4.59932151E+03	4.36182995E+03	1.93714388E+03	1.74943290E+03	1.41226945E+03	1.11377634E+03	1.05270579E+03	5.36414732E+02	4.60037550E+02	3.69943683E+02	6.49519962E+02	6.38349507E+02	2.45058951E+02	2.34473855E+02	1.60590861E+02	1.34010487E+02	1.12081803E+02	1.11683115E+02
1.34936421E+05	2.61321677E+04	2.52357872E+04	2.00246771E+04	6.90349436E+03	6.49563661E+03	5.26265616E+03	4.62387167E+03	4.38698075E+03	1.96181218E+03	1.77393332E+03	1.43700892E+03	1.13845968E+03	1.07726457E+03	5.60246547E+02	4.82819849E+02	3.93130465E+02	6.74019183E+02	6.62919919E+02	2.67835319E+02	2.56957367E+02	1.79812524E+02	1.51629536E+02	1.29313538E+02	1.33149862E+02
1.34961436E+05	2.61578232E+04	2.52613158E+04	2.00502907E+04	6.92981448E+03	6.52166778E+03	5.28879727E+03	4.64979390E+03	4.41328181E+03	1.98760147E+03	1.79955203E+03	1.46258957E+03	1.16374176E+03	1.10310735E+03	5.85158936E+02	5.06629270E+02	4.16756484E+02	6.99935511E+02	6.88926104E+02	2.93159054E+02	2.80451409E+02	1.99735766E+02	1.70021538E+02	1.46798338E+02	1.55872291E+02
1.34987638E+05	2.61846472E+04	2.52879950E+04	2.00770781E+04	6.95733349E+03	6.54896886E+03	5.31583524E+03	4.67704300E+03	4.44025357E+03	2.01449201E+03	1.82632576E+03	1.48860812E+03	1.19010158E+03	1.12890337E+03	6.10958198E+02	5.31488596E+02	4.40836233E+02	7.27236271E+02	7.14915535E+02	3.15729967E+02	3.03408598E+02	2.20183207E+02	1.89140617E+02	1.64518857E+02	1.77992650E+02
1.35014893E+05	2.62126096E+04	2.53158011E+04	2.01050607E+04	6.98596012E+03	6.57751965E+03	5.34424254E+03	4.70559177E+03	4.46817306E+03	2.04240901E+03	1.85420900E+03	1.51610677E+03	1.21775478E+03	1.15550170E+03	6.37574469E+02	5.57569465E+02	4.66553831E+02	7.58649738E+02	7.41611516E+02	3.44499399E+02	3.26871275E+02	2.41120732E+02	2.09037192E+02	1.83247755E+02	2.00048186E+02
1.35043211E+05	2.62416627E+04	2.53446837E+04	2.01342477E+04	7.01571946E+03	6.60729268E+03	5.37486059E+03	4.73566764E+03	4.49919032E+03	2.07134516E+03	1.88316432E+03	1.54619318E+03	1.24702578E+03	1.18652542E+03	6.65151326E+02	5.84913905E+02	4.95778934E+02	7.88946586E+02	7.72750591E+02	3.71439652E+02	3.57196861E+02	2.62673587E+02	2.29694290E+02	2.04094810E+02
1.35065644E+05	2.62637990E+04	2.53669418E+04	2.01561557E+04	7.03745257E+03	6.62912374E+03	5.39636389E+03	4.75733871E+03	4.52095187E+03	2.09260222E+03	1.90456340E+03	1.56713421E+03	1.26798747E+03	1.20764261E+03	6.85269936E+02	6.05342119E+02	5.15163896E+02	8.09877071E+02	7.93792321E+02	3.90735413E+02	3.76838013E+02	2.77663252E+02	2.46252669E+02	2.20706051E+02
1.35088756E+05	2.62865541E+04	2.53898295E+04	2.01789075E+04	7.05978356E+03	6.65155055E+03	5.41863939E+03	4.77988727E+03	4.54331679E+03	2.11444545E+03	1.92655234E+03	1.58884095E+03	1.29013938E+03	1.22955526E+03	7.06030464E+02	6.26364530E+02	5.35574968E+02	8.32103227E+02	8.15925648E+02	4.11569171E+02	3.97157215E+02	2.93902281E+02	2.64169223E+02	2.39438455E+02
1.35112495E+05	2.63098704E+04	2.54132791E+04	2.02021941E+04	7.08267526E+03	6.67450725E+03	5.44145530E+03	4.80248030E+03	4.56613280E+03	2.13688008E+03	1.94905136E+03	1.61110910E+03	1.31187872E+03	1.25170590E+03	7.27456432E+02	6.47881732E+02	5.56628779E+02	8.53998895E+02	8.38069098E+02	4.31466924E+02	4.17651928E+02	3.11565426E+02	2.82547559E+02	2.56731753E+02
1.35136811E+05	2.63337462E+04	2.54372923E+04	2.02261286E+04	7.10613367E+03	6.69800882E+03	5.46496134E+03	4.82635071E+03	4.58969784E+03	2.15993278E+03	1.97210444E+03	1.63419940E+03	1.33564814E+03	1.27485006E+03	7.49634602E+02	6.69982126E+02	5.78698665E+02	8.77579331E+02	8.61248953E+02	4.54566897E+02	4.39572592E+02	3.31191642E+02	3.01760322E+02
1.35163876E+05	2.63598600E+04	2.54631373E+04	2.02522552E+04	7.13163993E+03	6.72315205E+03	5.49045363E+03	4.85184416E+03	4.61527219E+03	2.18478433E+03	1.99643738E+03	1.65898537E+03	1.36032864E+03	1.29968040E+03	7.72981088E+02	6.92220277E+02	6.01774696E+02	9.02394359E+02	8.86142203E+02	4.76851209E+02	4.62320924E+02	3.48141898E+02	3.22241395E+02
1.35191767E+05	2.63866796E+04	2.54901463E+04	2.02790572E+04	7.15785986E+03	6.74943692E+03	5.51662686E+03	4.87808380E+03	4.64148380E+03	2.21044833E+03	2.02212082E+03	1.68452412E+03	1.38586953E+03	1.32520006E+03	7.97462406E+02	7.16598277E+02	6.25889890E+02	9.27932377E+02	9.11669138E+02	5.00659833E+02	4.86066460E+02	3.69477600E+02
1.35220098E+05	2.64141619E+04	2.55180491E+04	2.03068178E+04	7.18472696E+03	6.77668113E+03	5.54377950E+03	4.90540377E+03	4.66877412E+03	2.23646191E+03	2.04862663E+03	1.71085019E+03	1.41235808E+03	1.35163371E+03	8.21287080E+02	7.41280482E+02	6.49957159E+02	9.54495957E+02	9.38211079E+02	5.24610620E+02	5.09807164E+02	3.91555247E+02
1.35249511E+05	2.64426317E+04	2.55466463E+04	2.03352503E+04	7.21264705E+03	6.80465326E+03	5.57164490E+03	4.93334481E+03	4.69668608E+03	2.26379625E+03	2.07597939E+03	1.73802670E+03	1.43956062E+03	1.37879029E+03	8.47249346E+02	7.67151625E+02	6.75410382E+02	9.81690301E+02	9.65385098E+02	5.49771598E+02	5.34841932E+02
1.35289268E+05	2.64821515E+04	2.55866610E+04	2.03741373E+04	7.25120803E+03	6.84344184E+03	5.60973046E+03	4.97150173E+03	4.73360378E+03	2.30046431E+03	2.11294355E+03	1.77398324E+03	1.47501392E+03	1.41201756E+03	8.78408574E+02	7.99373660E+02	6.99972649E+02	1.01723974E+03	1.00055074E+03	5.78751657E+02	5.64266371E+02
1.35329848E+05	2.65225443E+04	2.56275055E+04	2.04142576E+04	7.29051011E+03	6.88297930E+03	5.64903060E+03	5.01149732E+03	4.77313189E+03	2.33782216E+03	2.15064676E+03	1.81120642E+03	1.51290678E+03	1.44936248E+03	9.10288964E+02	8.32851212E+02	7.28210444E+02	1.05447961E+03	1.03800094E+03	6.10186164E+02	5.95741609E+02
1.35371263E+05	2.65638429E+04	2.56691375E+04	2.04554749E+04	7.33056259E+03	6.92323116E+03	5.68880000E+03	5.05224364E+03	4.81319308E+03	2.37591273E+03	2.18900510E+03	1.84862566E+03	1.55180915E+03	1.48718784E+03	9.43096269E+02	8.67172378E+02	7.59004528E+02	1.09268891E+03	1.07591595E+03	6.42904310E+02	6.29284886E+02
1.35413514E+05	2.66060593E+04	2.57115720E+04	2.04976901E+04	7.37137088E+03	6.96420714E+03	5.72922578E+03	5.09274876E+03	4.85383621E+03	2.41473581E+03	2.22802406E+03	1.88668867E+03	1.58960135E+03	1.52491781E+03	9.76745250E+02	9.02259090E+02	7.91243622E+02	1.13120921E+03	1.11365205E+03	6.74070044E+02	6.61594611E+02
1.35456576E+05	2.66492142E+04	2.57547862E+04	2.05409358E+04	7.41293108E+03	7.00588630E+03	5.77064183E+03	5.13430792E+03	4.89548824E+03	2.45431453E+03	2.26767548E+03	1.92585620E+03	1.62899032E+03	1.56364938E+03	1.01141276E+03	9.37883275E+02	8.24758891E+02	1.16867744E+03	1.15296458E+03	7.07247067E+02	6.93324502E+02
1.35500409E+05	2.66934511E+04	2.57988202E+04	2.05854327E+04	7.45529174E+03	7.04827139E+03	5.81322293E+03	5.17782094E+03	4.93870022E+03	2.49485222E+03	2.30809685E+03	1.96646101E+03	1.67146108E+03	1.60496013E+03	1.04815324E+03	9.75208297E+02	8.60915754E+02	1.21079203E+03	1.19401204E+03	7.44005041E+02
1.35546093E+05	2.67388407E+04	2.58439058E+04	2.06307529E+04	7.49882219E+03	7.09177844E+03	5.85593331E+03	5.21994057E+03	4.98169846E+03	2.53570040E+03	2.34834151E+03	2.00593927E+03	1.70794357E+03	1.64419552E+03	1.08241843E+03	1.00308988E+03	8.93711237E+02	1.24944122E+03	1.23344579E+03	7.76997887E+02
1.35592648E+05	2.67852617E+04	2.58900954E+04	2.06775192E+04	7.54317545E+03	7.13612352E+03	5.90057537E+03	5.26424029E+03	5.02677367E+03	2.57758960E+03	2.38962537E+03	2.04784545E+03	1.74876654E+03	1.68615700E+03	1.11878226E+03	1.03412263E+03	9.28363207E+02	1.29272571E+03	1.27565267E+03	8.13023422E+02
1.35640137E+05	2.68325193E+04	2.59374299E+04	2.07241920E+04	7.58825039E+03	7.18134209E+03	5.94414873E+03	5.30926547E+03	5.07107078E+03	2.62017480E+03	2.43198631E+03	2.08788020E+03	1.79041088E+03	1.72667219E+03	1.15600234E+03	1.06857250E+03	9.61294327E+02	1.33433282E+03	1.31661106E+03	8.46454371E+02
1.35688548E+05	2.68806078E+04	2.59859383E+04	2.07729806E+04	7.63406327E+03	7.22744139E+03	5.99135121E+03	5.35588933E+03	5.11833598E+03	2.66355150E+03	2.47544219E+03	2.13357363E+03	1.83399502E+03	1.77201434E+03	1.19459192E+03	1.10678428E+03	1.00219354E+03	1.37856939E+03	1.36173788E+03
1.35762966E+05	2.69573246E+04	2.60623802E+04	2.08491609E+04	7.71071306E+03	7.30540397E+03	6.06586001E+03	5.43076500E+03	5.18809764E+03	2.72924284E+03	2.54276018E+03	2.19477092E+03	1.89632374E+03	1.82390737E+03	1.24201664E+03	1.15381091E+03	1.04501637E+03	1.44150641E+03	1.42528093E+03
1.35838945E+05	2.70356178E+04	2.61403402E+04	2.09276310E+04	7.78891494E+03	7.38512190E+03	6.14165192E+03	5.51103751E+03	5.26349361E+03	2.79605133E+03	2.61164494E+03	2.25705961E+03	1.96401757E+03	1.88378015E+03	1.29010752E+03	1.20158577E+03	1.08968095E+03	1.50718811E+03	1.49132869E+03
1.35916539E+05	2.71154902E+04	2.62198030E+04	2.10076478E+04	7.86874883E+03	7.46637737E+03	6.21909303E+03	5.59391611E+03	5.34171391E+03	2.86409870E+03	2.68169408E+03	2.32070459E+03	2.03624807E+03	1.94690470E+03	1.33889182E+03	1.25003931E+03	1.13538486E+03	1.57824597E+03	1.56230868E+03
1.35995452E+05	2.71968694E+04	2.63007189E+04	2.10886701E+04	7.95035543E+03	7.54915989E+03	6.29855395E+03	5.67788644E+03	5.42176024E+03	2.93361023E+03	2.75295713E+03	2.38600056E+03	2.08513926E+03	2.01173906E+03	1.38842003E+03	1.29918948E+03	1.18082018E+03	1.65184634E+03	1.63672550E+03
1.36075874E+05	2.72798304E+04	2.63831469E+04	2.11713705E+04	8.03360168E+03	7.63347169E+03	6.38016769E+03	5.76043246E+03	5.50387268E+03	3.00428905E+03	2.82532623E+03	2.45293733E+03	2.17568915E+03	2.07824497E+03	1.43863765E+03	1.34902831E+03	1.22684080E+03	1.72195447E+03	1.70877495E+03
1.36157811E+05	2.73643977E+04	2.64671132E+04	2.12559575E+04	8.11840994E+03	7.71918344E+03	6.46437585E+03	5.84534394E+03	5.58884290E+03	3.07598004E+03	2.89844744E+03	2.52186220E+03	2.24150157E+03	2.14715892E+03	1.48950480E+03	1.39950187E+03	1.27389901E+03	1.79166832E+03	1.77984915E+03
1.36241209E+05	2.74505074E+04	2.65525381E+04	2.13424910E+04	8.20506733E+03	7.80625743E+03	6.55176719E+03	5.93168168E+03	5.67736961E+03	3.14909651E+03	2.97221609E+03	2.59338646E+03	2.26646788E+03	2.21926155E+03	1.54113946E+03	1.45057932E+03	1.32228481E+03	1.86698312E+03
1.36325693E+05	2.75379053E+04	2.66390543E+04	2.14305177E+04	8.29578495E+03	7.89626454E+03	6.64370189E+03	6.02810392E+03	5.76982683E+03	3.22741903E+03	3.05047552E+03	2.66949445E+03	2.36002115E+03	2.29567217E+03	1.59428758E+03	1.50266937E+03	1.37220971E+03	1.95186588E+03
1.36412885E+05	2.76280054E+04	2.67285590E+04	2.15197826E+04	8.38469896E+03	7.98342413E+03	6.72960504E+03	6.10790000E+03	5.85683203E+03	3.30102836E+03	3.12058672E+03	2.73815323E+03	2.41884692E+03	2.36432079E+03	1.64642757E+03	1.55419965E+03	1.41959439E+03	2.02443253E+03
1.36501581E+05	2.77196184E+04	2.68195713E+04	2.16119846E+04	8.47618776E+03	8.07284594E+03	6.82097879E+03	6.19430368E+03	5.94860580E+03	3.37709248E+03	3.19312971E+03	2.81129291E+03	2.48552467E+03	2.43707929E+03	1.69966651E+03	1.60658252E+03	1.46994002E+03	2.10244947E+03
1.36591734E+05	2.78126986E+04	2.69120487E+04	2.17049427E+04	8.56979971E+03	8.16459704E+03	6.91428970E+03	6.28510621E+03	6.04439277E+03	3.45508315E+03	3.26815526E+03	2.88568936E+03	2.57053392E+03	2.51311490E+03	1.75377896E+03	1.65984346E+03	1.52073186E+03	2.18525678E+03
1.36683453E+05	2.79073892E+04	2.70060968E+04	2.17993273E+04	8.66494698E+03	8.25869242E+03	7.00504689E+03	6.37879701E+03	6.13715309E+03	3.53413269E+03	3.34548722E+03	2.95780316E+03	2.64028823E+03	2.58577599E+03	1.80853739E+03	1.71397445E+03	1.57030679E+03	2.26381629E+03
1.36776734E+05	2.80036981E+04	2.71017137E+04	2.18957859E+04	8.76150232E+03	8.35522963E+03	7.09986340E+03	6.47539306E+03	6.22848279E+03	3.61410431E+03	3.42520680E+03	3.03325943E+03	2.73872954E+03	2.65671407E+03	1.86389278E+03	1.76896605E+03	1.62134652E+03	2.34009036E+03
1.36871542E+05	2.81015907E+04	2.71988719E+04	2.19946895E+04	8.85994075E+03	8.45424951E+03	7.20431632E+03	6.57685034E+03	6.33715276E+03	3.69567778E+03	3.50732378E+03	3.11748117E+03	2.82047370E+03	2.74655209E+03	1.91999620E+03	1.82479618E+03	1.67662667E+03
1.36935284E+05	2.81624902E+04	2.72609188E+04	2.20539692E+04	8.91657139E+03	8.51171309E+03	7.25931520E+03	6.63337230E+03	6.39404138E+03	3.74667578E+03	3.55941648E+03	3.16586801E+03	2.87039757E+03	2.79730214E+03	1.95609195E+03	1.86612921E+03	1.71805466E+03
1.37000202E+05	2.82242139E+04	2.73236318E+04	2.21156048E+04	8.97406920E+03	8.56992412E+03	7.31641090E+03	6.69225255E+03	6.45176713E+03	3.79873557E+03	3.61239029E+03	3.21712712E+03	2.92346726E+03	2.84894873E+03	1.99542365E+03	1.90976078E+03	1.76373179E+03
1.37066354E+05	2.82867632E+04	2.73870274E+04	2.21779163E+04	9.03246218E+03	8.62878475E+03	7.37405493E+03	6.74941048E+03	6.50978489E+03	3.85190373E+03	3.66602027E+03	3.26904089E+03	2.97381303E+03	2.90067337E+03	2.03825731E+03	1.95449524E+03	1.80583767E+03
1.37133723E+05	2.83501571E+04	2.74510824E+04	2.22418434E+04	9.09178301E+03	8.68839427E+03	7.43350614E+03	6.81096713E+03	6.56986995E+03	3.90625825E+03	3.72052898E+03	3.32324390E+03	3.03128066E+03	2.95529757E+03	2.08498378E+03	2.00119472E+03
1.37208363E+05	2.84187281E+04	2.75177956E+04	2.23102550E+04	9.15493352E+03	8.74953394E+03	7.49631064E+03	6.87406172E+03	6.63343934E+03	3.96265754E+03	3.77366651E+03	3.37900908E+03	3.08667175E+03	3.01153922E+03	2.12388958E+03	2.05029450E+03
1.37285497E+05	2.84880941E+04	2.75888562E+04	2.23794129E+04	9.21932062E+03	8.81465115E+03	7.56023504E+03	6.93895689E+03	6.69789430E+03	4.02116287E+03	3.83244660E+03	3.43655847E+03	3.14469039E+03	3.06919442E+03	2.17341719E+03
1.37356070E+05	2.85545617E+04	2.76581795E+04	2.24474617E+04	9.28109658E+03	8.87862331E+03	7.62327716E+03	7.00328969E+03	6.76187939E+03	4.07530230E+03	3.88954354E+03	3.49226217E+03	3.20166384E+03	3.12574020E+03	2.22338826E+03
1.37432004E+05	2.86244001E+04	2.77283768E+04	2.25170246E+04	9.34629838E+03	8.94412741E+03	7.68797002E+03	7.06870780E+03	6.82713447E+03	4.13462495E+03	3.94902529E+03	3.55052301E+03	3.26036568E+03	3.18415223E+03
1.37539854E+05	2.87295319E+04	2.78364475E+04	2.26187511E+04	9.44249212E+03	9.04195906E+03	7.78152683E+03	7.16385483E+03	6.91412481E+03	4.20881914E+03	4.02746099E+03	3.61145496E+03	3.33397213E+03	3.25878663E+03
1.37649936E+05	2.88365476E+04	2.79458828E+04	2.27242401E+04	9.53984470E+03	9.14087845E+03	7.87772348E+03	7.26468171E+03	7.01243959E+03	4.28481068E+03	4.10817799E+03	3.68085604E+03	3.41317233E+03	3.33769193E+03
1.37760581E+05	2.89452847E+04	2.80565366E+04	2.28324998E+04	9.63834358E+03	9.24077685E+03	7.97433791E+03	7.36790490E+03	7.11152116E+03	4.36295640E+03	4.19034406E+03	3.75539090E+03	3.49546721E+03	3.42158102E+03
1.37872646E+05	2.90559307E+04	2.81684504E+04	2.29429369E+04	9.73804154E+03	9.34167576E+03	8.07153409E+03	7.46730917E+03	7.21066841E+03	4.44324647E+03	4.27392942E+03	3.83266662E+03	3.57260713E+03	3.50162740E+03
1.37986134E+05	2.91685548E+04	2.82816276E+04	2.30557627E+04	9.83895904E+03	9.44356089E+03	8.17097300E+03	7.57003334E+03	7.31116117E+03	4.52586916E+03	4.35880863E+03	3.91247307E+03	3.65410355E+03	3.57939664E+03
1.38100995E+05	2.92834066E+04	2.83961793E+04	2.31721454E+04	9.94121026E+03	9.54651467E+03	8.27384712E+03	7.68000833E+03	7.41887532E+03	4.61149986E+03	4.44600414E+03	3.99722170E+03	3.74471036E+03
1.38220246E+05	2.94000037E+04	2.85113434E+04	2.32879447E+04	1.00448822E+04	9.65020657E+03	8.37304186E+03	7.77159866E+03	7.52022695E+03	4.69061640E+03	4.51309352E+03	4.07419783E+03	3.82566285E+03
1.38341298E+05	2.95186818E+04	2.86294061E+04	2.34085879E+04	1.01500257E+04	9.75572438E+03	8.47827029E+03	7.87715952E+03	7.62822570E+03	4.77415705E+03	4.58753404E+03	4.15521927E+03	3.91407206E+03
1.38464194E+05	2.96388221E+04	2.87504357E+04	2.35261064E+04	1.02562673E+04	9.86310881E+03	8.57827441E+03	7.98376924E+03	7.73254255E+03	4.85974756E+03	4.66952098E+03	4.23202548E+03	3.99597271E+03
1.38588941E+05	2.97605679E+04	2.88744938E+04	2.36510722E+04	1.03637536E+04	9.97236750E+03	8.69112352E+03	8.09555459E+03	7.84687744E+03	4.94865629E+03	4.75929577E+03	4.32605176E+03
1.38714147E+05	2.98761315E+04	2.89937875E+04	2.37616454E+04	1.04640651E+04	1.00757756E+04	8.78507683E+03	8.19655262E+03	7.94886191E+03	5.01682490E+03	4.83884182E+03	4.40506098E+03
1.38841856E+05	2.99932349E+04	2.91141132E+04	2.38784949E+04	1.05663229E+04	1.01806879E+04	8.88631658E+03	8.30295805E+03	8.05177242E+03	5.09136087E+03	4.92234972E+03	4.49175625E+03
1.38972199E+05	3.01118875E+04	2.92355156E+04	2.39964151E+04	1.06705747E+04	1.02867222E+04	8.98828970E+03	8.40459782E+03	8.15533120E+03	5.17261994E+03	5.00794587E+03	4.57180469E+03
1.39105146E+05	3.02321392E+04	2.93579551E+04	2.41181950E+04	1.07769150E+04	1.03942535E+04	9.09480918E+03	8.51770868E+03	8.26414690E+03	5.26104505E+03	5.09722415E+03
1.39255612E+05	3.03634577E+04	2.94838409E+04	2.42490373E+04	1.08892163E+04	1.04990201E+04	9.20599690E+03	8.63023461E+03	8.37835525E+03	5.33525855E+03	5.19205415E+03
1.39412338E+05	3.04961277E+04	2.96218725E+04	2.43810929E+04	1.10047992E+04	1.06170592E+04	9.32004239E+03	8.74787750E+03	8.49448922E+03	5.42923033E+03
1.39549452E+05	3.06179947E+04	2.97521149E+04	2.45072365E+04	1.11085710E+04	1.07287714E+04	9.42839180E+03	8.86112244E+03	8.60654214E+03	5.52293685E+03
1.39698662E+05	3.07485072E+04	2.98839854E+04	2.46369261E+04	1.12233618E+04	1.08447247E+04	9.54152544E+03	8.97700840E+03	8.72182591E+03
1.39932238E+05	3.09701239E+04	3.01164977E+04	2.48450664E+04	1.13902318E+04	1.10247753E+04	9.68550657E+03	9.15245077E+03	8.89815554E+03
1.40168882E+05	3.11960612E+04	3.03518832E+04	2.50653424E+04	1.15610437E+04	1.12088986E+04	9.84448110E+03	9.34270590E+03	9.08561713E+03
1.40408566E+05	3.14267697E+04	3.05898188E+04	2.52937742E+04	1.17363796E+04	1.13957607E+04	1.00124326E+04	9.54033663E+03	9.28608432E+03
1.40651367E+05	3.16623578E+04	3.08303437E+04	2.55280887E+04	1.19162333E+04	1.15853273E+04	1.01856134E+04	9.72461271E+03	9.47639718E+03
1.40897308E+05	3.19030116E+04	3.10734638E+04	2.57690590E+04	1.21007768E+04	1.17774775E+04	1.03642941E+04	9.91828934E+03	9.66002007E+03
1.41146324E+05	3.21493761E+04	3.13195582E+04	2.60209671E+04	1.22908342E+04	1.19736548E+04	1.05532774E+04	1.01332726E+04
1.41407064E+05	3.23985564E+04	3.15638981E+04	2.62663156E+04	1.24698611E+04	1.21351492E+04	1.07267654E+04	1.03281978E+04
1.41672283E+05	3.26528208E+04	3.18165869E+04	2.65277949E+04	1.26568214E+04	1.23115064E+04	1.09106971E+04	1.05429634E+04
1.41942078E+05	3.29103728E+04	3.20778558E+04	2.67755381E+04	1.28477949E+04	1.25028407E+04	1.10839378E+04	1.07407700E+04
1.42216506E+05	3.31718626E+04	3.23479294E+04	2.70488629E+04	1.30450002E+04	1.27093407E+04	1.12910359E+04
1.42483037E+05	3.34019382E+04	3.25924678E+04	2.72593562E+04	1.31904031E+04	1.28841639E+04	1.14611926E+04
1.42756127E+05	3.36359506E+04	3.28387810E+04	2.74929889E+04	1.33495480E+04	1.30663167E+04	1.16474216E+04
1.43036171E+05	3.38739458E+04	3.30870284E+04	2.77286683E+04	1.35229939E+04	1.32529139E+04	1.18196630E+04
1.43323058E+05	3.41160351E+04	3.33370966E+04	2.79758958E+04	1.37113092E+04	1.34469496E+04
1.43660399E+05	3.43841275E+04	3.35829568E+04	2.82426406E+04	1.38747784E+04	1.36592316E+04
1.44017169E+05	3.46548855E+04	3.38740125E+04	2.85115695E+04	1.40766094E+04
1.44302209E+05	3.48824986E+04	3.41333537E+04	2.87561070E+04	1.42739965E+04
1.44625574E+05	3.51410348E+04	3.43974615E+04	2.90119859E+04
1.45245710E+05	3.55273296E+04	3.48985450E+04	2.94700442E+04
1.45886925E+05	3.59483915E+04	3.54108448E+04	2.99788194E+04
1.46550684E+05	3.64054423E+04	3.59318016E+04	3.04437838E+04
1.47236661E+05	3.68994133E+04	3.64639625E+04
1.48108130E+05	3.73731226E+04	3.71176362E+04
1.49063474E+05	3.79122750E+04
1.49698640E+05	3.84258664E+04
1.50493007E+05
1.53038842E+05
