1.38241307E+05	2.67606845E+04	2.58521060E+04	2.03598628E+04	6.97920464E+03	6.56462793E+03	5.26183963E+03	4.61391114E+03	4.36441801E+03	1.88694852E+03	1.69515492E+03	1.33829379E+03	1.03346685E+03	9.69676931E+02	4.39114965E+02	3.60331806E+02	2.66027577E+02	5.64887669E+02	5.45999231E+02	1.48227308E+02	1.28832991E+02	6.44213781E+01	4.09190425E+01	2.27235419E+01	5.47504921E+00	3.72668390E+00	0	0	5.24827956E+00
1.38248651E+05	2.67680059E+04	2.58594128E+04	2.03671682E+04	6.98646580E+03	6.57190490E+03	5.26911633E+03	4.62116760E+03	4.37166664E+03	1.89418833E+03	1.70245117E+03	1.34558048E+03	1.04078664E+03	9.76988987E+02	4.46333033E+02	3.67646668E+02	2.73267024E+02	5.72207375E+02	5.53327114E+02	1.54489869E+02	1.36072682E+02	7.13829932E+01	4.81022076E+01	2.95687197E+01	1.27715470E+01	1.09657236E+01	0	0	1.17897274E+01
1.38256915E+05	2.67763252E+04	2.58677135E+04	2.03754536E+04	6.99475319E+03	6.58018366E+03	5.27740021E+03	4.62943735E+03	4.37993622E+03	1.90244600E+03	1.71070296E+03	1.35382890E+03	1.04903345E+03	9.85244913E+02	4.54616853E+02	3.75910383E+02	2.81534926E+02	5.80460238E+02	5.61566195E+02	1.63750270E+02	1.44334143E+02	7.96387760E+01	5.62467732E+01	3.77134634E+01	2.09215162E+01	1.91868074E+01
1.38273209E+05	2.67935752E+04	2.58849928E+04	2.03927806E+04	7.01236000E+03	6.59793963E+03	5.29488090E+03	4.64729236E+03	4.39739222E+03	1.92009349E+03	1.72842734E+03	1.37138191E+03	1.06679504E+03	1.00264253E+03	4.71811824E+02	3.93523171E+02	2.97940326E+02	5.98379097E+02	5.78990386E+02	1.78324600E+02	1.60339159E+02	9.45923782E+01	7.07608551E+01	5.09900527E+01	3.73828447E+01	3.59243694E+01
1.38292830E+05	2.68129416E+04	2.59041800E+04	2.04119857E+04	7.03187337E+03	6.61753608E+03	5.31424212E+03	4.66668306E+03	4.41672771E+03	1.93950539E+03	1.74790634E+03	1.39051070E+03	1.08580403E+03	1.02163918E+03	4.90508843E+02	4.12552258E+02	3.16037571E+02	6.17087075E+02	5.97957320E+02	1.92556678E+02	1.77955631E+02	1.10510987E+02	8.61991405E+01	6.52145129E+01	5.40195777E+01	5.29739518E+01
1.38313159E+05	2.68337433E+04	2.59248890E+04	2.04327902E+04	7.05293436E+03	6.63867587E+03	5.33535501E+03	4.68763679E+03	4.43788308E+03	1.96045893E+03	1.76891789E+03	1.41140208E+03	1.10669040E+03	1.04247098E+03	5.10449164E+02	4.32594481E+02	3.35772985E+02	6.32258548E+02	6.18809747E+02	2.13995567E+02	1.97351079E+02	1.27200900E+02	1.02228866E+02	8.03904181E+01	7.07230988E+01	7.34988209E+01
1.38334957E+05	2.68560175E+04	2.59470289E+04	2.04551533E+04	7.07544166E+03	6.66112665E+03	5.35815259E+03	4.70968148E+03	4.46085184E+03	1.98278984E+03	1.79122630E+03	1.43408874E+03	1.12932546E+03	1.06533298E+03	5.31520372E+02	4.53472605E+02	3.57196168E+02	6.56254115E+02	6.41841420E+02	2.33053551E+02	2.18790284E+02	1.44601505E+02	1.18717882E+02	9.66138820E+01	9.47163311E+01	9.38803074E+01
1.38357191E+05	2.68788214E+04	2.59696805E+04	2.04779722E+04	7.09932981E+03	6.68503076E+03	5.38215776E+03	4.73420207E+03	4.48466997E+03	2.00628949E+03	1.81466468E+03	1.45737378E+03	1.15286095E+03	1.08862169E+03	5.55160560E+02	4.77646300E+02	3.81130723E+02	6.78536629E+02	6.65290933E+02	2.54677281E+02	2.41716852E+02	1.64258301E+02	1.37660910E+02	1.14126840E+02	1.14882812E+02
1.38381460E+05	2.69036970E+04	2.59944194E+04	2.05027546E+04	7.12451012E+03	6.71003550E+03	5.40717333E+03	4.75882035E+03	4.50972128E+03	2.03108963E+03	1.83943701E+03	1.48156413E+03	1.17725756E+03	1.11272828E+03	5.78914157E+02	5.00434899E+02	4.03576042E+02	7.01534634E+02	6.89499985E+02	2.73356351E+02	2.63341142E+02	1.83403404E+02	1.55206657E+02	1.30875740E+02	1.35341320E+02
1.38406747E+05	2.69296615E+04	2.60202400E+04	2.05287923E+04	7.15107740E+03	6.73628865E+03	5.43378378E+03	4.78481495E+03	4.53637733E+03	2.05714844E+03	1.86532008E+03	1.50768636E+03	1.20328664E+03	1.13864712E+03	6.03951403E+02	5.24306172E+02	4.27888082E+02	7.27324395E+02	7.15438162E+02	2.98553728E+02	2.86888010E+02	2.03463123E+02	1.73658409E+02	1.48887910E+02	1.57931151E+02
1.38433188E+05	2.69566982E+04	2.60471706E+04	2.05558121E+04	7.17882052E+03	6.76371512E+03	5.46135311E+03	4.81213432E+03	4.56413167E+03	2.08428777E+03	1.89227973E+03	1.53461494E+03	1.22988698E+03	1.16586548E+03	6.30039615E+02	5.49203704E+02	4.52614297E+02	7.54585619E+02	7.42828416E+02	3.22997901E+02	3.11466168E+02	2.24211522E+02	1.92882512E+02	1.67158617E+02	1.81799011E+02
1.38460674E+05	2.69848894E+04	2.60751963E+04	2.05839521E+04	7.20771248E+03	6.79238465E+03	5.48972465E+03	4.84074298E+03	4.59244366E+03	2.11247471E+03	1.92034439E+03	1.56186085E+03	1.25749927E+03	1.19288675E+03	6.56966319E+02	5.75143411E+02	4.77704072E+02	7.83376117E+02	7.70076196E+02	3.48586617E+02	3.35413365E+02	2.45462744E+02	2.12825302E+02	1.85593625E+02	2.04959676E+02
1.38489246E+05	2.70141975E+04	2.61043375E+04	2.06132891E+04	7.23770380E+03	6.82229675E+03	5.51947575E+03	4.87065503E+03	4.62168091E+03	2.14165838E+03	1.94949855E+03	1.59058932E+03	1.28639861E+03	1.22065353E+03	6.84673449E+02	6.02298655E+02	5.04433319E+02	8.16088431E+02	7.97968434E+02	3.78641936E+02	3.59780154E+02	2.67187028E+02	2.33529744E+02	2.05035836E+02	2.27983618E+02
1.38518834E+05	2.70445432E+04	2.61345038E+04	2.06437823E+04	7.26878821E+03	6.85340328E+03	5.55147637E+03	4.90209165E+03	4.65411489E+03	2.17183270E+03	1.97969395E+03	1.62196555E+03	1.31691616E+03	1.25302531E+03	7.13326003E+02	6.30712318E+02	5.34758144E+02	8.47688653E+02	8.30456451E+02	4.06611473E+02	3.91245442E+02	2.89515100E+02	2.54975620E+02	2.26638849E+02
1.38542209E+05	2.70675839E+04	2.61576721E+04	2.06665780E+04	7.29135940E+03	6.87608160E+03	5.57380034E+03	4.92458869E+03	4.67670758E+03	2.19386235E+03	2.00188702E+03	1.64367310E+03	1.33863688E+03	1.27490846E+03	7.34137755E+02	6.51848454E+02	5.54798353E+02	8.69383524E+02	8.52267144E+02	4.26571184E+02	4.11565301E+02	3.05025243E+02	2.72118652E+02	2.43818639E+02
1.38566162E+05	2.70911665E+04	2.61814043E+04	2.06901582E+04	7.31448899E+03	6.89931171E+03	5.59687487E+03	4.94795660E+03	4.69988352E+03	2.21647529E+03	2.02464329E+03	1.66613051E+03	1.36156907E+03	1.29758923E+03	7.55593510E+02	6.73576091E+02	5.75889274E+02	8.92392034E+02	8.75184109E+02	4.48098567E+02	4.32561303E+02	3.21823698E+02	2.90631457E+02	2.63164927E+02
1.38590781E+05	2.71153341E+04	2.62057138E+04	2.07142884E+04	7.33818254E+03	6.92307641E+03	5.62048172E+03	4.97133764E+03	4.72349514E+03	2.23967646E+03	2.04791300E+03	1.68914929E+03	1.38403701E+03	1.32048668E+03	7.77717370E+02	6.95793936E+02	5.97604460E+02	9.15032344E+02	8.98077499E+02	4.68634267E+02	4.53710724E+02	3.40088882E+02	3.09607069E+02	2.81001653E+02
1.38616024E+05	2.71400640E+04	2.62305893E+04	2.07390738E+04	7.36245539E+03	6.94739595E+03	5.64480069E+03	4.99604323E+03	4.74787736E+03	2.26349844E+03	2.07173721E+03	1.71300526E+03	1.40861939E+03	1.34439977E+03	8.00595041E+02	7.18593658E+02	6.20366124E+02	9.39408017E+02	9.22032566E+02	4.92478755E+02	4.76321551E+02	3.60325691E+02	3.29432257E+02
1.38644105E+05	2.71671126E+04	2.62573517E+04	2.07661289E+04	7.38884640E+03	6.97340223E+03	5.67117426E+03	5.02241844E+03	4.77433755E+03	2.28917527E+03	2.09687066E+03	1.73860681E+03	1.43410133E+03	1.37004749E+03	8.24679501E+02	7.41529037E+02	6.44156382E+02	9.65045599E+02	9.47751413E+02	5.15454514E+02	4.99781013E+02	3.77740963E+02	3.50575021E+02
1.38673032E+05	2.71948698E+04	2.62853089E+04	2.07938579E+04	7.41595435E+03	7.00058158E+03	5.69822458E+03	5.04954640E+03	4.80143276E+03	2.31568032E+03	2.12339695E+03	1.76497015E+03	1.46047427E+03	1.39639303E+03	8.49917086E+02	7.66663683E+02	6.68996466E+02	9.91417423E+02	9.74110060E+02	5.39989626E+02	5.24244794E+02	3.99722616E+02
1.38702326E+05	2.72232389E+04	2.63141257E+04	2.08225168E+04	7.44365673E+03	7.02868192E+03	5.72622408E+03	5.07772325E+03	4.82957693E+03	2.34247399E+03	2.15070659E+03	1.79208287E+03	1.48775751E+03	1.42361834E+03	8.74415722E+02	7.92054968E+02	6.93732525E+02	1.01878451E+03	1.00145403E+03	5.64628796E+02	5.48663398E+02	4.22432970E+02
1.38732706E+05	2.72526158E+04	2.63436363E+04	2.08518456E+04	7.47243449E+03	7.05751505E+03	5.75494094E+03	5.10652161E+03	4.85834390E+03	2.37061790E+03	2.17887111E+03	1.82005451E+03	1.51575940E+03	1.45156846E+03	9.01109070E+02	8.18656740E+02	7.19887488E+02	1.04678190E+03	1.02942893E+03	5.90495473E+02	5.74396875E+02
1.38773639E+05	2.72932818E+04	2.63848188E+04	2.08918472E+04	7.51208314E+03	7.09740487E+03	5.79408517E+03	5.14574720E+03	4.89628018E+03	2.40825768E+03	2.21682086E+03	1.85694880E+03	1.55213984E+03	1.48564861E+03	9.33046217E+02	8.51691763E+02	7.45051138E+02	1.08329124E+03	1.06553039E+03	6.20217094E+02	6.04574944E+02
1.38815329E+05	2.73348188E+04	2.64268263E+04	2.09331041E+04	7.55246949E+03	7.13803881E+03	5.83445705E+03	5.18685293E+03	4.93689440E+03	2.44658764E+03	2.25550822E+03	1.89511578E+03	1.59100392E+03	1.52394908E+03	9.65719707E+02	8.85978670E+02	7.73987556E+02	1.12122682E+03	1.10395145E+03	6.52437479E+02	6.36826169E+02
1.38857914E+05	2.73772687E+04	2.64696204E+04	2.09754650E+04	7.59360158E+03	7.17937931E+03	5.87529229E+03	5.22870637E+03	4.97803563E+03	2.48564893E+03	2.29484616E+03	1.93348549E+03	1.63089581E+03	1.56273101E+03	9.99336350E+02	9.21106780E+02	8.05523422E+02	1.16076618E+03	1.14284270E+03	6.85972822E+02	6.71195747E+02
1.38901461E+05	2.74206672E+04	2.65132199E+04	2.10188309E+04	7.63549433E+03	7.22144282E+03	5.91676969E+03	5.27026829E+03	5.01974193E+03	2.52544715E+03	2.33484329E+03	1.97247693E+03	1.66960135E+03	1.60138441E+03	1.03382069E+03	9.57006994E+02	8.38519582E+02	1.20019233E+03	1.18152019E+03	7.17870922E+02	7.04275160E+02
1.38945699E+05	2.74649894E+04	2.65575962E+04	2.10632361E+04	7.67813177E+03	7.26420454E+03	5.95924174E+03	5.31290012E+03	5.06244382E+03	2.56600292E+03	2.37547398E+03	2.01258152E+03	1.70993417E+03	1.64101403E+03	1.06934916E+03	9.93479922E+02	8.72809536E+02	1.23853582E+03	1.22177995E+03	7.51809621E+02	7.36712510E+02
1.38990703E+05	2.75103868E+04	2.66027866E+04	2.11089093E+04	7.72157360E+03	7.30767596E+03	6.00290577E+03	5.35752950E+03	5.10678352E+03	2.60750550E+03	2.41686615E+03	2.05414831E+03	1.75340604E+03	1.68333908E+03	1.10688958E+03	1.03156795E+03	9.09747967E+02	1.28176619E+03	1.26382765E+03	7.89444653E+02
1.39037579E+05	2.75569725E+04	2.66490568E+04	2.11554030E+04	7.76620094E+03	7.35227774E+03	6.04666561E+03	5.40069307E+03	5.15084642E+03	2.64932681E+03	2.45805997E+03	2.09453026E+03	1.79076851E+03	1.72347704E+03	1.14189847E+03	1.06016393E+03	9.43252643E+02	1.32135989E+03	1.30418975E+03	8.23186556E+02
1.39085334E+05	2.76045896E+04	2.66964390E+04	2.12033622E+04	7.81165173E+03	7.39772619E+03	6.09240776E+03	5.44608517E+03	5.19703848E+03	2.69218998E+03	2.50030759E+03	2.13740178E+03	1.83254030E+03	1.76640877E+03	1.17903892E+03	1.09197524E+03	9.78641450E+02	1.36565533E+03	1.34738756E+03	8.60041480E+02
1.39134029E+05	2.76530346E+04	2.67449843E+04	2.12512276E+04	7.85782572E+03	7.44405517E+03	6.13702563E+03	5.49220232E+03	5.24240726E+03	2.73575484E+03	2.54364887E+03	2.17833407E+03	1.87512322E+03	1.80784558E+03	1.21706027E+03	1.12725245E+03	1.01226426E+03	1.40819540E+03	1.38929841E+03	8.94230455E+02
1.39183652E+05	2.77023083E+04	2.67947105E+04	2.13012238E+04	7.90473100E+03	7.49126164E+03	6.18534752E+03	5.53994420E+03	5.29079717E+03	2.78011218E+03	2.58809417E+03	2.22504765E+03	1.91968330E+03	1.85419362E+03	1.25648693E+03	1.16631206E+03	1.05402172E+03	1.45335697E+03	1.43543911E+03
1.39259817E+05	2.77807625E+04	2.68728763E+04	2.13791308E+04	7.98306958E+03	7.57094985E+03	6.26145112E+03	5.61647103E+03	5.36205487E+03	2.84717970E+03	2.65683936E+03	2.28748228E+03	1.98325641E+03	1.90722319E+03	1.30493100E+03	1.21438444E+03	1.09773282E+03	1.51764788E+03	1.50035281E+03
1.39337479E+05	2.78607809E+04	2.69525594E+04	2.14593421E+04	8.06296144E+03	7.65238839E+03	6.33885141E+03	5.69846554E+03	5.43907205E+03	2.91537245E+03	2.72715740E+03	2.35101741E+03	2.05229015E+03	1.96833297E+03	1.35404144E+03	1.26320603E+03	1.14330242E+03	1.58471601E+03	1.56778786E+03
1.39416643E+05	2.79423588E+04	2.70337397E+04	2.15410916E+04	8.14448525E+03	7.73535844E+03	6.41791372E+03	5.78307235E+03	5.51893986E+03	2.98481264E+03	2.79863996E+03	2.41591277E+03	2.12577560E+03	2.03271593E+03	1.40384756E+03	1.31270671E+03	1.18991798E+03	1.65723593E+03	1.64020687E+03
1.39497242E+05	2.80254603E+04	2.71163716E+04	2.16238433E+04	8.22779366E+03	7.81985204E+03	6.49900561E+03	5.86880646E+03	5.60064057E+03	3.05573349E+03	2.87133740E+03	2.48246172E+03	2.19581601E+03	2.09881156E+03	1.45439918E+03	1.36290176E+03	1.23627149E+03	1.73235841E+03	1.71614570E+03
1.39579332E+05	2.81101418E+04	2.72005107E+04	2.17082732E+04	8.31276301E+03	7.90588510E+03	6.58226834E+03	5.95300834E+03	5.68442075E+03	3.12785377E+03	2.94516049E+03	2.55066549E+03	2.26777549E+03	2.16659196E+03	1.50564513E+03	1.41378602E+03	1.28318717E+03	1.80389820E+03	1.78965321E+03
1.39662946E+05	2.81964291E+04	2.72861857E+04	2.17945930E+04	8.39931702E+03	7.99333332E+03	6.66814111E+03	6.03963939E+03	5.77106877E+03	3.20102469E+03	3.01978754E+03	2.62087580E+03	2.33527479E+03	2.23679318E+03	1.55754824E+03	1.46530953E+03	1.33114478E+03	1.87486030E+03	1.86209122E+03
1.39748010E+05	2.82842441E+04	2.73732985E+04	2.18828468E+04	8.48776093E+03	8.08218152E+03	6.75722723E+03	6.12801243E+03	5.86128298E+03	3.27569434E+03	3.09516899E+03	2.69371879E+03	2.35868710E+03	2.31019292E+03	1.61023194E+03	1.51744761E+03	1.38043662E+03	1.95152489E+03
1.39834211E+05	2.83733884E+04	2.74615538E+04	2.19726749E+04	8.58010395E+03	8.17379165E+03	6.85087047E+03	6.22587057E+03	5.95555245E+03	3.35529560E+03	3.17462212E+03	2.77107909E+03	2.45577831E+03	2.38796148E+03	1.66436493E+03	1.57056294E+03	1.43128170E+03	2.03814483E+03
1.39922210E+05	2.84650675E+04	2.75527851E+04	2.20636883E+04	8.67067216E+03	8.26263113E+03	6.93833331E+03	6.30716239E+03	6.04417397E+03	3.43023127E+03	3.24607900E+03	2.84090052E+03	2.51480435E+03	2.45780930E+03	1.71751950E+03	1.62311968E+03	1.47952352E+03	2.11206212E+03
1.40012634E+05	2.85584401E+04	2.76455545E+04	2.21576769E+04	8.76386033E+03	8.35375405E+03	7.03138205E+03	6.39519627E+03	6.13763783E+03	3.50765314E+03	3.31998476E+03	2.91529498E+03	2.58240752E+03	2.53182043E+03	1.77177279E+03	1.67653501E+03	1.53078492E+03	2.19146960E+03
1.40105424E+05	2.86534538E+04	2.77398135E+04	2.22524028E+04	8.85921126E+03	8.44721976E+03	7.12644604E+03	6.48766528E+03	6.23521637E+03	3.58702769E+03	3.39639602E+03	2.99101741E+03	2.68614228E+03	2.60919414E+03	1.82690240E+03	1.73083101E+03	1.58250627E+03	2.27580783E+03
1.40198885E+05	2.87499173E+04	2.78356242E+04	2.23485671E+04	8.95607296E+03	8.54304694E+03	7.21878651E+03	6.58304911E+03	6.32967063E+03	3.66747046E+03	3.47514637E+03	3.06430579E+03	2.73990705E+03	2.68310685E+03	1.88267866E+03	1.78600300E+03	1.63294442E+03	2.35579445E+03
1.40293896E+05	2.88479923E+04	2.79329941E+04	2.24468123E+04	9.05434230E+03	8.64132353E+03	7.31523771E+03	6.68136335E+03	6.42260525E+03	3.74884995E+03	3.55631430E+03	3.14098561E+03	2.84133309E+03	2.75522471E+03	1.93905482E+03	1.84204121E+03	1.68486191E+03	2.43342030E+03
1.40390446E+05	2.89476604E+04	2.80319123E+04	2.25475359E+04	9.15450771E+03	8.74209848E+03	7.42148031E+03	6.78461080E+03	6.53315352E+03	3.83185690E+03	3.63990666E+03	3.22656655E+03	2.92446918E+03	2.84652146E+03	1.99618415E+03	1.89892478E+03	1.74108822E+03
1.40455375E+05	2.90096718E+04	2.80951058E+04	2.26078734E+04	9.21212217E+03	8.80057866E+03	7.47741777E+03	6.84211444E+03	6.59102282E+03	3.88371135E+03	3.69289211E+03	3.27575123E+03	2.97523514E+03	2.89812171E+03	2.03293687E+03	1.94099952E+03	1.78320369E+03
1.40521498E+05	2.90725143E+04	2.81589694E+04	2.26706099E+04	9.27062120E+03	8.85981421E+03	7.53549405E+03	6.90201807E+03	6.64974157E+03	3.93664887E+03	3.74676844E+03	3.32786404E+03	3.02919218E+03	2.95061946E+03	2.07298403E+03	1.98540152E+03	1.82963673E+03
1.40588870E+05	2.91361915E+04	2.82235228E+04	2.27340246E+04	9.33002078E+03	8.91969750E+03	7.59411225E+03	6.96014996E+03	6.70874056E+03	3.99070979E+03	3.80130592E+03	3.38061992E+03	3.08037320E+03	3.00319747E+03	2.11658041E+03	2.03091085E+03	1.87242626E+03
1.40657468E+05	2.92007165E+04	2.82887379E+04	2.27990794E+04	9.39036341E+03	8.98033820E+03	7.65456891E+03	7.02275420E+03	6.76984542E+03	4.04596935E+03	3.85672717E+03	3.43570367E+03	3.13878729E+03	3.05871448E+03	2.16410277E+03	2.07840633E+03
1.40733689E+05	2.92706458E+04	2.83567583E+04	2.28688091E+04	9.45471137E+03	9.04262182E+03	7.71853077E+03	7.08702106E+03	6.83459195E+03	4.10339892E+03	3.91083237E+03	3.49244749E+03	3.19515875E+03	3.11595128E+03	2.20366730E+03	2.12840992E+03
1.40812506E+05	2.93413901E+04	2.84292584E+04	2.29393009E+04	9.52030524E+03	9.10897940E+03	7.78362383E+03	7.15312154E+03	6.90022761E+03	4.16296252E+03	3.97069002E+03	3.55099962E+03	3.25420775E+03	3.17461607E+03	2.25407717E+03
1.40885286E+05	2.94092442E+04	2.84999398E+04	2.30086078E+04	9.58322426E+03	9.17412648E+03	7.84778082E+03	7.21860530E+03	6.96534583E+03	4.21805357E+03	4.02880030E+03	3.60764039E+03	3.31216125E+03	3.23212183E+03	2.30492603E+03
1.40962753E+05	2.94803996E+04	2.85714624E+04	2.30794523E+04	9.64959975E+03	9.24081494E+03	7.91361210E+03	7.28518298E+03	7.03175174E+03	4.27841267E+03	4.08932737E+03	3.66688669E+03	3.37186905E+03	3.29152707E+03
1.41072344E+05	2.95872391E+04	2.86812992E+04	2.31827976E+04	9.74733042E+03	9.34023086E+03	8.00861028E+03	7.38181308E+03	7.12008429E+03	4.35379938E+03	4.16904138E+03	3.72875487E+03	3.44661686E+03	3.36730198E+03
1.41183350E+05	2.96958279E+04	2.87924767E+04	2.32899607E+04	9.84618932E+03	9.44072902E+03	8.10626822E+03	7.48419272E+03	7.21989380E+03	4.43100421E+03	4.25104020E+03	3.79922789E+03	3.52703463E+03	3.44739056E+03
1.41295756E+05	2.98063094E+04	2.89048968E+04	2.33999264E+04	9.94624176E+03	9.54221619E+03	8.20436110E+03	7.58898280E+03	7.32048936E+03	4.51040734E+03	4.33449464E+03	3.87488991E+03	3.61059731E+03	3.53254186E+03
1.41409585E+05	2.99187139E+04	2.90185744E+04	2.35120864E+04	1.00474994E+04	9.64470284E+03	8.30301456E+03	7.68989023E+03	7.42112740E+03	4.59198735E+03	4.41937282E+03	3.95331429E+03	3.68889516E+03	3.61377573E+03
1.41524846E+05	3.00331118E+04	2.91335155E+04	2.36266614E+04	1.01499803E+04	9.74817619E+03	8.40392995E+03	7.79411357E+03	7.52310904E+03	4.67592583E+03	4.50555820E+03	4.03429415E+03	3.77158829E+03	3.69266636E+03
1.41641492E+05	3.01497415E+04	2.92498266E+04	2.37448445E+04	1.02538004E+04	9.85272194E+03	8.50833196E+03	7.90565764E+03	7.63244795E+03	4.76287332E+03	4.59406269E+03	4.12026768E+03	3.86354088E+03
1.41762659E+05	3.02682626E+04	2.93669055E+04	2.38624732E+04	1.03591164E+04	9.95804813E+03	8.60901284E+03	7.99881738E+03	7.73532038E+03	4.84321437E+03	4.66231460E+03	4.19835850E+03	3.94570527E+03
1.41885652E+05	3.03888418E+04	2.94869004E+04	2.39849736E+04	1.04659010E+04	1.00652244E+04	8.71582705E+03	8.10598138E+03	7.84494709E+03	4.92802554E+03	4.73801091E+03	4.28054420E+03	4.03544710E+03
1.42010511E+05	3.05108802E+04	2.96098780E+04	2.41044019E+04	1.05737848E+04	1.01742902E+04	8.81731549E+03	8.21419692E+03	7.95082519E+03	5.01492236E+03	4.82133656E+03	4.35845192E+03	4.11857283E+03
1.42137252E+05	3.06345122E+04	2.97358978E+04	2.42312432E+04	1.06829155E+04	1.02852525E+04	8.93180870E+03	8.32766548E+03	8.06681784E+03	5.10520094E+03	4.91252451E+03	4.45381353E+03
1.42264400E+05	3.07518286E+04	2.98570282E+04	2.43434257E+04	1.07846800E+04	1.03902056E+04	9.02707515E+03	8.43011546E+03	8.17025176E+03	5.17444287E+03	4.99331515E+03	4.53393416E+03
1.42394075E+05	3.08707041E+04	2.99792024E+04	2.44619882E+04	1.08884232E+04	1.04966707E+04	9.12974488E+03	8.53804551E+03	8.27459947E+03	5.25014164E+03	5.07810078E+03	4.62183908E+03
1.42526423E+05	3.09911466E+04	3.01024700E+04	2.45816244E+04	1.09941924E+04	1.06042649E+04	9.23314522E+03	8.64112972E+03	8.37960262E+03	5.33264549E+03	5.16498912E+03	4.70299315E+03
1.42661404E+05	3.11132091E+04	3.02267895E+04	2.47051849E+04	1.11020818E+04	1.07133659E+04	9.34115557E+03	8.75582316E+03	8.48993923E+03	5.42238431E+03	5.25559346E+03
1.42814747E+05	3.12468345E+04	3.03548538E+04	2.48382083E+04	1.12162746E+04	1.08198654E+04	9.45410568E+03	8.87014769E+03	8.60596508E+03	5.49776945E+03	5.35200013E+03
1.42974612E+05	3.13818592E+04	3.04953968E+04	2.49724824E+04	1.13337645E+04	1.09399042E+04	9.56994014E+03	8.98968224E+03	8.72392064E+03	5.59325076E+03
1.43114095E+05	3.15057217E+04	3.06279045E+04	2.51006652E+04	1.14391759E+04	1.10534476E+04	9.67994740E+03	9.10469552E+03	8.83768845E+03	5.68843969E+03
1.43266047E+05	3.16384384E+04	3.07619979E+04	2.52324491E+04	1.15558128E+04	1.11712744E+04	9.79481712E+03	9.22237681E+03	8.95474062E+03
1.43502691E+05	3.18630811E+04	3.09976647E+04	2.54433174E+04	1.17250909E+04	1.13540145E+04	9.94070040E+03	9.40017409E+03	9.13335339E+03
1.43742418E+05	3.20920892E+04	3.12361914E+04	2.56664747E+04	1.18983814E+04	1.15408454E+04	1.01017810E+04	9.59298226E+03	9.32322323E+03
1.43985219E+05	3.23259078E+04	3.14772656E+04	2.58978591E+04	1.20762612E+04	1.17304255E+04	1.02719207E+04	9.79319867E+03	9.52628740E+03
1.44231147E+05	3.25646456E+04	3.17209250E+04	2.61351803E+04	1.22587264E+04	1.19227235E+04	1.04473347E+04	9.97993468E+03	9.71901719E+03
1.44480242E+05	3.28084836E+04	3.19671791E+04	2.63792348E+04	1.24459444E+04	1.21176265E+04	1.06283064E+04	1.01760682E+04	9.90489727E+03
1.44732431E+05	3.30580464E+04	3.22163891E+04	2.66343722E+04	1.26387179E+04	1.23165723E+04	1.08196991E+04	1.03937587E+04
1.44996709E+05	3.33108881E+04	3.24643981E+04	2.68830245E+04	1.28203584E+04	1.24804715E+04	1.09954266E+04	1.05912665E+04
1.45265541E+05	3.35687230E+04	3.27207711E+04	2.71480234E+04	1.30100102E+04	1.26594579E+04	1.11817436E+04	1.08089104E+04
1.45539017E+05	3.38298189E+04	3.29857354E+04	2.73991865E+04	1.32037291E+04	1.28536448E+04	1.13572074E+04	1.10093300E+04
1.45817201E+05	3.40947923E+04	3.32595138E+04	2.76759065E+04	1.34037837E+04	1.30632191E+04	1.15668737E+04
1.46087364E+05	3.43279786E+04	3.35074287E+04	2.78890313E+04	1.35512713E+04	1.32405995E+04	1.17391772E+04
1.46364162E+05	3.45651716E+04	3.37571580E+04	2.81256450E+04	1.37126910E+04	1.34253479E+04	1.19277429E+04
1.46648002E+05	3.48064170E+04	3.40088747E+04	2.83643212E+04	1.38885964E+04	1.36145769E+04	1.21021288E+04
1.46938670E+05	3.50518029E+04	3.42624472E+04	2.86147262E+04	1.40795348E+04	1.38112981E+04
1.47282318E+05	3.53244362E+04	3.45123710E+04	2.88855621E+04	1.42456382E+04	1.40271031E+04
1.47646234E+05	3.55998798E+04	3.48086368E+04	2.91586929E+04	1.44506370E+04
1.47935998E+05	3.58310261E+04	3.50724195E+04	2.94069104E+04	1.46510984E+04
1.48265221E+05	3.60938031E+04	3.53408336E+04	2.96666535E+04
1.48893335E+05	3.64855923E+04	3.58495772E+04	3.01302775E+04
1.49542733E+05	3.69127291E+04	3.63693847E+04	3.06453445E+04
1.50214920E+05	3.73764382E+04	3.68978538E+04	3.11158775E+04
1.50909514E+05	3.78776286E+04	3.74373900E+04
1.51798699E+05	3.83605095E+04	3.81042547E+04
1.52775673E+05	3.89089556E+04
1.53421690E+05	3.94315849E+04
1.54231740E+05
1.56829176E+05
