1s 2s 2p- 2p+ 3s 3p- 3p+ 3d- 3d+ 4s 4p- 4p+ 4d- 4d+ 5s 5p- 5p+ 4f- 4f+ 5d- 5d+ 6s 6p- 6p+ 5f- 5f+ 6d- 6d+ 7s 
1.41760162E+05	2.75508352E+04	2.66288916E+04	2.08421164E+04	7.20438689E+03	6.78261244E+03	5.40700220E+03	4.74837542E+03	4.48733473E+03	1.95627147E+03	1.76039937E+03	1.38160607E+03	1.07083686E+03	1.00357052E+03	4.56981465E+02	3.75664396E+02	2.75950278E+02	5.90665899E+02	5.70909590E+02	1.53880435E+02	1.34668827E+02	6.67299752E+01	4.21245021E+01	2.33495704E+01	4.41770782E+00	3.54740770E+00	0	0	5.33201594E+00
1.41767564E+05	2.75582662E+04	2.66363138E+04	2.08495463E+04	7.21178161E+03	6.79002942E+03	5.41442996E+03	4.75577903E+03	4.49473199E+03	1.96361798E+03	1.76780169E+03	1.38900851E+03	1.07825767E+03	1.01099706E+03	4.64325374E+02	3.83092222E+02	2.83313414E+02	5.98091826E+02	5.78335023E+02	1.61363580E+02	1.42035487E+02	7.38230541E+01	4.94233552E+01	3.03133808E+01	1.30089086E+01	1.08998782E+01	0	0	1.18937756E+01
1.41775215E+05	2.75665949E+04	2.66447632E+04	2.08579940E+04	7.22019641E+03	6.79846159E+03	5.42287407E+03	4.76421017E+03	4.50316358E+03	1.97200158E+03	1.77619184E+03	1.39739918E+03	1.08664542E+03	1.01938139E+03	4.72739737E+02	3.91491796E+02	2.91717731E+02	6.06485114E+02	5.86719234E+02	1.69664200E+02	1.50439162E+02	8.22066648E+01	5.77082932E+01	3.85865111E+01	2.12944727E+01	1.92646779E+01
1.41793545E+05	2.75845049E+04	2.66624608E+04	2.08757282E+04	7.23819462E+03	6.81656923E+03	5.44064120E+03	4.78252981E+03	4.52094772E+03	1.99003358E+03	1.79429297E+03	1.41571237E+03	1.10498998E+03	1.03770775E+03	4.90240979E+02	4.09434534E+02	3.08247592E+02	6.25146954E+02	6.05016001E+02	1.86254648E+02	1.66509745E+02	9.74258994E+01	7.24592067E+01	5.20560440E+01	3.79118195E+01	3.60039137E+01
1.41812542E+05	2.76039338E+04	2.66818131E+04	2.08951028E+04	7.25794818E+03	6.83644846E+03	5.46020823E+03	4.80246520E+03	4.54046164E+03	2.00970662E+03	1.81403892E+03	1.43526550E+03	1.12476488E+03	1.05708611E+03	5.09273086E+02	4.28897870E+02	3.26389383E+02	6.45121195E+02	6.24429414E+02	2.03538908E+02	1.84178794E+02	1.13678977E+02	8.82264739E+01	6.64203790E+01	5.60874363E+01	5.44479487E+01
1.41832998E+05	2.76248875E+04	2.67026815E+04	2.09160205E+04	7.27920858E+03	6.85783989E+03	5.48136205E+03	4.82364763E+03	4.56158831E+03	2.03086549E+03	1.83527384E+03	1.45611294E+03	1.14547583E+03	1.07778601E+03	5.29565661E+02	4.49541264E+02	3.46004686E+02	6.65539508E+02	6.45104170E+02	2.14344483E+02	2.03250921E+02	1.30726434E+02	1.04776570E+02	8.16120906E+01	7.41463343E+01	7.29486610E+01
1.41854958E+05	2.76473112E+04	2.67249981E+04	2.09384551E+04	7.30192107E+03	6.88062731E+03	5.50411249E+03	4.84623428E+03	4.58438787E+03	2.05342454E+03	1.85789101E+03	1.47858824E+03	1.16794940E+03	1.10020071E+03	5.50942144E+02	4.71022206E+02	3.67119085E+02	6.81954358E+02	6.67548847E+02	2.40126896E+02	2.23973901E+02	1.48442221E+02	1.21833759E+02	9.76931648E+01	9.20065328E+01	9.48405754E+01
1.41878230E+05	2.76711251E+04	2.67486673E+04	2.09623678E+04	7.32600513E+03	6.90466769E+03	5.52851429E+03	4.86984288E+03	4.60898144E+03	2.07727033E+03	1.88171759E+03	1.50279426E+03	1.19211382E+03	1.12458779E+03	5.73333540E+02	4.93198042E+02	3.89830124E+02	7.07432086E+02	6.92121539E+02	2.59766832E+02	2.46667683E+02	1.66797383E+02	1.39269837E+02	1.14785738E+02	1.17430152E+02	1.16462863E+02
1.41901933E+05	2.76954495E+04	2.67728324E+04	2.09867251E+04	7.35145614E+03	6.93008864E+03	5.55407635E+03	4.89606844E+03	4.63434407E+03	2.10225227E+03	1.90661441E+03	1.52754236E+03	1.21714180E+03	1.14933939E+03	5.98400474E+02	5.18855386E+02	4.15124242E+02	7.31297084E+02	7.17061336E+02	2.81005918E+02	2.70897708E+02	1.87444518E+02	1.59227757E+02	1.33149098E+02	1.38878353E+02
1.41927566E+05	2.77217241E+04	2.67989672E+04	2.10129035E+04	7.37806384E+03	6.95652222E+03	5.58049758E+03	4.92195565E+03	4.66082261E+03	2.12841699E+03	1.93275002E+03	1.55302213E+03	1.24287610E+03	1.17473728E+03	6.23313522E+02	5.42685199E+02	4.38648089E+02	7.55513824E+02	7.42584555E+02	3.04282893E+02	2.93566649E+02	2.07394004E+02	1.77567612E+02	1.50636746E+02	1.60387686E+02
1.41954294E+05	2.77491045E+04	2.68262049E+04	2.10403761E+04	7.40604808E+03	6.98416767E+03	5.60853219E+03	4.94931464E+03	4.68890263E+03	2.15581105E+03	1.95996130E+03	1.58047439E+03	1.27018652E+03	1.20196276E+03	6.49504011E+02	5.67593069E+02	4.64034076E+02	7.82476966E+02	7.69828349E+02	3.30525079E+02	3.18129589E+02	2.28263631E+02	1.96830651E+02	1.69409763E+02	1.84055538E+02
1.41982020E+05	2.77775052E+04	2.68544622E+04	2.10687327E+04	7.43517771E+03	7.01296512E+03	5.63749564E+03	4.97800307E+03	4.71808219E+03	2.18425046E+03	1.98821286E+03	1.60870369E+03	1.29805928E+03	1.23049139E+03	6.76721907E+02	5.93538909E+02	4.89820725E+02	8.11078459E+02	7.98543764E+02	3.56023728E+02	3.43754074E+02	2.49817400E+02	2.16868765E+02	1.88451253E+02	2.09034189E+02
1.42010864E+05	2.78070609E+04	2.68838539E+04	2.10982523E+04	7.46543910E+03	7.04299287E+03	5.66719439E+03	5.00796284E+03	4.74773265E+03	2.21371285E+03	2.01755262E+03	1.63715410E+03	1.32690856E+03	1.25873535E+03	7.04747181E+02	6.20534855E+02	5.15891205E+02	8.41367450E+02	8.27048074E+02	3.82721936E+02	3.68668788E+02	2.71857099E+02	2.37619576E+02	2.07585575E+02	2.33212470E+02
1.42040707E+05	2.78376678E+04	2.69142871E+04	2.11288939E+04	7.49674457E+03	7.07422128E+03	5.69824830E+03	5.03919544E+03	4.77823937E+03	2.24413442E+03	2.04794725E+03	1.66708431E+03	1.35701849E+03	1.28764080E+03	7.33519434E+02	6.48740752E+02	5.43604079E+02	8.75353573E+02	8.56104906E+02	4.14065145E+02	3.93916038E+02	2.94357158E+02	2.59119500E+02	2.27728726E+02	2.57186041E+02
1.42071580E+05	2.78693176E+04	2.69457458E+04	2.11607030E+04	7.52914058E+03	7.10664395E+03	5.73160722E+03	5.07197968E+03	4.81207801E+03	2.27551873E+03	2.07935626E+03	1.69972037E+03	1.38876431E+03	1.32133499E+03	7.63221581E+02	6.78200634E+02	5.75000108E+02	9.08237680E+02	8.89922163E+02	4.43041219E+02	4.26492527E+02	3.17455361E+02	2.81348751E+02	2.50080498E+02
1.42095807E+05	2.78932000E+04	2.69697694E+04	2.11843287E+04	7.55252004E+03	7.13013608E+03	5.75472548E+03	5.09527206E+03	4.83547140E+03	2.29832303E+03	2.10233412E+03	1.72218170E+03	1.41123573E+03	1.34397596E+03	7.84719790E+02	7.00038807E+02	5.95689621E+02	9.30685695E+02	9.12489334E+02	4.63656830E+02	4.47482612E+02	3.33478934E+02	2.99067872E+02	2.67818074E+02
1.42120680E+05	2.79176454E+04	2.69943701E+04	2.12087615E+04	7.57646515E+03	7.15419233E+03	5.77861158E+03	5.11947088E+03	4.85946695E+03	2.32169921E+03	2.12585778E+03	1.74539192E+03	1.43493944E+03	1.36742016E+03	8.06862400E+02	7.22462685E+02	6.17450843E+02	9.54469123E+02	9.36183073E+02	4.85870205E+02	4.69147704E+02	3.50832291E+02	3.18172065E+02	2.87770538E+02
1.42146173E+05	2.79426465E+04	2.70195207E+04	2.12337178E+04	7.60095594E+03	7.17875797E+03	5.80300404E+03	5.14363124E+03	4.88386777E+03	2.34565575E+03	2.14989026E+03	1.76915001E+03	1.45812801E+03	1.39105125E+03	8.29675985E+02	7.45372828E+02	6.39818488E+02	9.77845959E+02	9.59817543E+02	5.07036503E+02	4.90944362E+02	3.69694669E+02	3.37740376E+02	3.06145291E+02
1.42172309E+05	2.79682166E+04	2.70452469E+04	2.12593422E+04	7.62603602E+03	7.20388658E+03	5.82813066E+03	5.16916504E+03	4.90906011E+03	2.37023774E+03	2.17447657E+03	1.79376447E+03	1.48349310E+03	1.41572557E+03	8.53244809E+02	7.68865406E+02	6.63264214E+02	1.00300709E+03	9.84538617E+02	5.31615357E+02	5.14236762E+02	3.90537188E+02	3.58172359E+02
1.42201383E+05	2.79961975E+04	2.70729286E+04	2.12873283E+04	7.65329886E+03	7.23074852E+03	5.85537160E+03	5.19641389E+03	4.93639581E+03	2.39674205E+03	2.20041352E+03	1.82018104E+03	1.50979910E+03	1.44219104E+03	8.78065528E+02	7.92495375E+02	6.87764305E+02	1.02947038E+03	1.01108569E+03	5.55279756E+02	5.38403839E+02	4.08417940E+02	3.79975251E+02
1.42231316E+05	2.80249019E+04	2.71018466E+04	2.13160000E+04	7.68129935E+03	7.25882616E+03	5.88330702E+03	5.22443563E+03	4.96437996E+03	2.42408317E+03	2.22777933E+03	1.84736664E+03	1.53699546E+03	1.46935724E+03	9.04057790E+02	8.18384869E+02	7.13326263E+02	1.05667044E+03	1.03827102E+03	5.80539606E+02	5.63583664E+02	4.31043542E+02
1.42261541E+05	2.80541411E+04	2.71315607E+04	2.13455371E+04	7.70982802E+03	7.28777261E+03	5.91214207E+03	5.25345904E+03	4.99336821E+03	2.45165253E+03	2.25588683E+03	1.87525798E+03	1.56507145E+03	1.49736899E+03	9.29229089E+02	8.44484061E+02	7.38727722E+02	1.08483687E+03	1.06641186E+03	6.05865473E+02	5.88678404E+02	4.54386571E+02
1.42293040E+05	2.80844523E+04	2.71619971E+04	2.13757690E+04	7.73947774E+03	7.31747913E+03	5.94171765E+03	5.28312367E+03	5.02299848E+03	2.48061106E+03	2.28486645E+03	1.90402779E+03	1.59387172E+03	1.52611402E+03	9.56652933E+02	8.71816853E+02	7.65583596E+02	1.11363769E+03	1.09518862E+03	6.32435858E+02	6.15108344E+02
1.42335103E+05	2.81262418E+04	2.72043472E+04	2.14168850E+04	7.78020543E+03	7.35846209E+03	5.98191433E+03	5.32341525E+03	5.06195030E+03	2.51921409E+03	2.32379445E+03	1.94185053E+03	1.63117446E+03	1.56104038E+03	9.89366463E+02	9.05662212E+02	7.91344809E+02	1.15110700E+03	1.13221881E+03	6.62894614E+02	6.46034806E+02
1.42378037E+05	2.81689640E+04	2.72475338E+04	2.14592854E+04	7.82167512E+03	7.40018839E+03	6.02335068E+03	5.36561854E+03	5.10363918E+03	2.55851249E+03	2.36346342E+03	1.98095795E+03	1.67100339E+03	1.60029134E+03	1.02283231E+03	9.40758714E+02	8.20978170E+02	1.19002481E+03	1.17160669E+03	6.95896944E+02	6.79057771E+02
1.42421758E+05	2.82125505E+04	2.72914779E+04	2.15027785E+04	7.86388392E+03	7.44261897E+03	6.06524918E+03	5.40856984E+03	5.14585768E+03	2.59854345E+03	2.40377937E+03	2.02027385E+03	1.71188208E+03	1.64002596E+03	1.05725857E+03	9.76693280E+02	8.53252985E+02	1.23059810E+03	1.21147123E+03	7.30246276E+02	7.14249425E+02
1.42466326E+05	2.82570838E+04	2.73362333E+04	2.15472947E+04	7.90684759E+03	7.48576516E+03	6.10777546E+03	5.45119516E+03	5.18862484E+03	2.63930774E+03	2.44474922E+03	2.06018863E+03	1.75149364E+03	1.67959558E+03	1.09257463E+03	1.01340445E+03	8.87002841E+02	1.27087322E+03	1.25108582E+03	7.62875142E+02	7.48094799E+02
1.42511702E+05	2.83025576E+04	2.73817597E+04	2.15928475E+04	7.95055727E+03	7.52960568E+03	6.15129955E+03	5.49489533E+03	5.23237364E+03	2.68083444E+03	2.48635348E+03	2.10122281E+03	1.79276417E+03	1.72012159E+03	1.12895989E+03	1.05071639E+03	9.22062971E+02	1.31013437E+03	1.29228659E+03	7.97573499E+02	7.81239412E+02
1.42557847E+05	2.83491010E+04	2.74280940E+04	2.16396858E+04	7.99506891E+03	7.57415428E+03	6.19603664E+03	5.54063055E+03	5.27783045E+03	2.72330314E+03	2.52871832E+03	2.14375187E+03	1.83723792E+03	1.76345837E+03	1.16730350E+03	1.08957784E+03	9.59782903E+02	1.35448606E+03	1.33533499E+03	8.36081398E+02
1.42605924E+05	2.83968902E+04	2.74755594E+04	2.16873610E+04	8.04080159E+03	7.61985868E+03	6.24085208E+03	5.58484251E+03	5.32296214E+03	2.76609645E+03	2.57085932E+03	2.18503510E+03	1.87548034E+03	1.80449701E+03	1.20305840E+03	1.11889259E+03	9.93994496E+02	1.39502218E+03	1.37662271E+03	8.70571388E+02
1.42654884E+05	2.84457038E+04	2.75241426E+04	2.17365195E+04	8.08735222E+03	7.66641135E+03	6.28769422E+03	5.63132706E+03	5.37026974E+03	2.80993368E+03	2.61406968E+03	2.22886916E+03	1.91819861E+03	1.84839525E+03	1.24097754E+03	1.15148651E+03	1.03012038E+03	1.44032367E+03	1.42080904E+03	9.08255104E+02
1.42704789E+05	2.84953451E+04	2.75738989E+04	2.17855780E+04	8.13462409E+03	7.71384965E+03	6.33335341E+03	5.67853701E+03	5.41671092E+03	2.85447467E+03	2.65838839E+03	2.27069494E+03	1.96171798E+03	1.89075159E+03	1.27980087E+03	1.18759058E+03	1.06443333E+03	1.48379421E+03	1.46367006E+03	9.43199408E+02
1.42755613E+05	2.85458036E+04	2.76248281E+04	2.18367640E+04	8.18261922E+03	7.76216545E+03	6.38279327E+03	5.72739319E+03	5.46622150E+03	2.89981222E+03	2.70382301E+03	2.31842589E+03	2.00725206E+03	1.93810317E+03	1.32006470E+03	1.22749810E+03	1.10704651E+03	1.52987556E+03	1.51082115E+03
1.42833474E+05	2.86259825E+04	2.77047252E+04	2.19164093E+04	8.26264135E+03	7.84357126E+03	6.46048374E+03	5.80556511E+03	5.53896869E+03	2.96825642E+03	2.77399778E+03	2.38209503E+03	2.07206351E+03	1.99226409E+03	1.36953076E+03	1.27661984E+03	1.15164422E+03	1.59551667E+03	1.57710159E+03
1.42912845E+05	2.87077313E+04	2.77861354E+04	2.19983657E+04	8.34422559E+03	7.92673137E+03	6.53949302E+03	5.88928333E+03	5.61760870E+03	3.03783452E+03	2.84574950E+03	2.44687234E+03	2.14242896E+03	2.05460763E+03	1.41966669E+03	1.32649345E+03	1.19811853E+03	1.66396530E+03	1.64591717E+03
1.42992691E+05	2.87908434E+04	2.78690025E+04	2.20818405E+04	8.42740049E+03	8.01141057E+03	6.62017588E+03	5.97561481E+03	5.69912081E+03	3.10866090E+03	2.91866955E+03	2.51301817E+03	2.21712256E+03	2.12024988E+03	1.47049412E+03	1.37704405E+03	1.24564379E+03	1.73794687E+03	1.71977362E+03
1.43074972E+05	2.88756611E+04	2.79533411E+04	2.21663125E+04	8.51240837E+03	8.09761210E+03	6.70289338E+03	6.06310731E+03	5.78246918E+03	3.18099810E+03	2.99280862E+03	2.58082193E+03	2.28858525E+03	2.18760687E+03	1.52207513E+03	1.42829005E+03	1.29291596E+03	1.81458920E+03	1.79723100E+03
1.43159738E+05	2.89622431E+04	2.80392126E+04	2.22524673E+04	8.59914060E+03	8.18536569E+03	6.78779712E+03	6.14895838E+03	5.86791084E+03	3.25457190E+03	3.06808655E+03	2.65028647E+03	2.36173069E+03	2.25665635E+03	1.57435642E+03	1.48022344E+03	1.34072391E+03	1.88755980E+03	1.87219369E+03
1.43245035E+05	2.90502442E+04	2.81265875E+04	2.23405128E+04	8.68743618E+03	8.27454357E+03	6.87533035E+03	6.23729401E+03	5.95623243E+03	3.32922415E+03	3.14421591E+03	2.72177896E+03	2.43728164E+03	2.32813999E+03	1.62730221E+03	1.53280357E+03	1.38958239E+03	1.95977869E+03	1.94598802E+03
1.43331771E+05	2.91397700E+04	2.82153941E+04	2.24304939E+04	8.77765981E+03	8.36515228E+03	6.96610683E+03	6.32766073E+03	6.04813456E+03	3.40544578E+03	3.22119266E+03	2.79593792E+03	2.45352210E+03	2.40283856E+03	1.68103788E+03	1.58600643E+03	1.43978120E+03	2.03779280E+03
1.43419677E+05	2.92306488E+04	2.83053748E+04	2.25221102E+04	8.87162999E+03	8.45837693E+03	7.06145390E+03	6.42698588E+03	6.14420830E+03	3.48633760E+03	3.30187836E+03	2.87455402E+03	2.55336049E+03	2.48196198E+03	1.73616464E+03	1.64015490E+03	1.49154632E+03	2.12613284E+03
1.43510314E+05	2.93242502E+04	2.83983849E+04	2.26148795E+04	8.96394054E+03	8.54891330E+03	7.15047805E+03	6.50978944E+03	6.23444954E+03	3.56263210E+03	3.37468736E+03	2.94553663E+03	2.62441588E+03	2.55300816E+03	1.79034794E+03	1.69374390E+03	1.54064505E+03	2.20139928E+03
1.43602470E+05	2.94193851E+04	2.84929142E+04	2.27106582E+04	9.05883064E+03	8.64174061E+03	7.24520109E+03	6.59945438E+03	6.32960209E+03	3.64141885E+03	3.44996206E+03	3.02118660E+03	2.68105359E+03	2.62827233E+03	1.84562066E+03	1.74819599E+03	1.59282119E+03	2.28219922E+03
1.43696093E+05	2.95159950E+04	2.85889066E+04	2.28071482E+04	9.15584365E+03	8.73691475E+03	7.34202063E+03	6.69358999E+03	6.42897137E+03	3.72215960E+03	3.52776171E+03	3.09823520E+03	2.76852522E+03	2.70698152E+03	1.90176567E+03	1.80353312E+03	1.64547384E+03	2.36806505E+03
1.43791291E+05	2.96142285E+04	2.86864764E+04	2.29050895E+04	9.25441538E+03	8.83446956E+03	7.43593728E+03	6.79066033E+03	6.52511250E+03	3.80400472E+03	3.60793966E+03	3.17270069E+03	2.84129048E+03	2.78214772E+03	1.95856714E+03	1.85975321E+03	1.69677665E+03	2.44948014E+03
1.43888042E+05	2.97140739E+04	2.87856030E+04	2.30051261E+04	9.35440434E+03	8.93449117E+03	7.53402504E+03	6.89069761E+03	6.61965633E+03	3.88679850E+03	3.69056211E+03	3.25060343E+03	2.94580799E+03	2.85544451E+03	2.01596934E+03	1.91684333E+03	1.74957144E+03	2.52845614E+03
1.43986336E+05	2.98155164E+04	2.88862763E+04	2.31076660E+04	9.45630048E+03	9.03702299E+03	7.64205574E+03	6.99573464E+03	6.73208008E+03	3.97124696E+03	3.77563903E+03	3.33754509E+03	3.03033773E+03	2.94819972E+03	2.07413129E+03	1.97478743E+03	1.80674503E+03
1.44052466E+05	2.98786446E+04	2.89506219E+04	2.31690647E+04	9.51490525E+03	9.09652831E+03	7.69893866E+03	7.05422653E+03	6.79093604E+03	4.02396197E+03	3.82952152E+03	3.38753003E+03	3.08194640E+03	3.00065032E+03	2.11154973E+03	2.01761099E+03	1.84955133E+03
1.44119797E+05	2.99426098E+04	2.90156404E+04	2.32329050E+04	9.57440301E+03	9.15678721E+03	7.75799257E+03	7.11515159E+03	6.85064519E+03	4.07777809E+03	3.88430296E+03	3.44049718E+03	3.13679321E+03	3.05400133E+03	2.15231513E+03	2.06278427E+03	1.89673767E+03
1.44188393E+05	3.00074145E+04	2.90813520E+04	2.32974210E+04	9.63481487E+03	9.21769886E+03	7.81758828E+03	7.17426129E+03	6.91062877E+03	4.13273231E+03	3.93974792E+03	3.49409307E+03	3.18880861E+03	3.10743131E+03	2.19667701E+03	2.10907257E+03	1.94021199E+03
1.44258228E+05	3.00730800E+04	2.91477367E+04	2.33636108E+04	9.69617830E+03	9.27936957E+03	7.87904826E+03	7.23791094E+03	6.97275140E+03	4.18890077E+03	3.99608578E+03	3.55006006E+03	3.24817093E+03	3.16384283E+03	2.24499755E+03	2.15736645E+03
1.44336059E+05	3.01443860E+04	2.92170807E+04	2.34346724E+04	9.76174211E+03	9.34281425E+03	7.94418242E+03	7.30336431E+03	7.03868887E+03	4.24737160E+03	4.05116812E+03	3.60778949E+03	3.30552921E+03	3.22208133E+03	2.28522843E+03	2.20828246E+03
1.44416591E+05	3.02165220E+04	2.92910355E+04	2.35065065E+04	9.82854951E+03	9.41041954E+03	8.01044860E+03	7.37067506E+03	7.10550940E+03	4.30800015E+03	4.11211118E+03	3.66734909E+03	3.36561481E+03	3.28176118E+03	2.33652812E+03
1.44490770E+05	3.02856250E+04	2.93630727E+04	2.35770849E+04	9.89258383E+03	9.47674787E+03	8.07572926E+03	7.43731931E+03	7.17176957E+03	4.36404045E+03	4.17124313E+03	3.72493292E+03	3.42455590E+03	3.34023368E+03	2.38825738E+03
1.44569784E+05	3.03581082E+04	2.94359294E+04	2.36492177E+04	9.96014572E+03	9.54463194E+03	8.14270794E+03	7.50506635E+03	7.23933581E+03	4.42544548E+03	4.23282543E+03	3.78517198E+03	3.48527642E+03	3.40063839E+03
1.44681117E+05	3.04666616E+04	2.95475383E+04	2.37541858E+04	1.00594175E+04	9.64563769E+03	8.23914837E+03	7.60318157E+03	7.32901132E+03	4.50203113E+03	4.31382402E+03	3.84797624E+03	3.56116697E+03	3.47755408E+03
1.44793879E+05	3.05769803E+04	2.96604828E+04	2.38630264E+04	1.01598274E+04	9.74772813E+03	8.33827143E+03	7.70711780E+03	7.43031762E+03	4.58046991E+03	4.39711623E+03	3.91952412E+03	3.64280494E+03	3.55882755E+03
1.44908046E+05	3.06892081E+04	2.97746703E+04	2.39746983E+04	1.02614367E+04	9.85080725E+03	8.43784197E+03	7.81346958E+03	7.53242497E+03	4.66113592E+03	4.48186558E+03	3.99631308E+03	3.72763655E+03	3.64524127E+03
1.45023645E+05	3.08033750E+04	2.98901134E+04	2.40885825E+04	1.03642584E+04	9.95488746E+03	8.53795450E+03	7.91588864E+03	7.63455563E+03	4.74401157E+03	4.56804411E+03	4.07588725E+03	3.80709312E+03	3.72766238E+03
1.45140683E+05	3.09195509E+04	3.00068217E+04	2.42049097E+04	1.04683112E+04	1.00599573E+04	8.64034995E+03	8.02161634E+03	7.73803012E+03	4.82927348E+03	4.65554434E+03	4.15804326E+03	3.89098672E+03	3.80767742E+03
1.45259115E+05	3.10379627E+04	3.01248936E+04	2.43248951E+04	1.05737056E+04	1.01661002E+04	8.74628138E+03	8.13473015E+03	7.84899234E+03	4.91754600E+03	4.74536555E+03	4.24524354E+03	3.98428524E+03
1.45382205E+05	3.11584199E+04	3.02439005E+04	2.44443606E+04	1.06806736E+04	1.02730666E+04	8.84845142E+03	8.22945973E+03	7.95338914E+03	4.99912022E+03	4.81478808E+03	4.32445147E+03	4.06766444E+03
1.45507150E+05	3.12809120E+04	3.03658378E+04	2.45687224E+04	1.07891067E+04	1.03819077E+04	8.95685396E+03	8.33822915E+03	8.06464673E+03	5.08521103E+03	4.89174685E+03	4.40780317E+03	4.15874160E+03
1.45633982E+05	3.14048557E+04	3.04907732E+04	2.46900703E+04	1.08986424E+04	1.04926641E+04	9.05983165E+03	8.44805530E+03	8.17208969E+03	5.17342373E+03	4.97642065E+03	4.48681673E+03	4.24309570E+03
1.45762718E+05	3.15303815E+04	3.06187636E+04	2.48187917E+04	1.10094276E+04	1.06053416E+04	9.17597429E+03	8.56321226E+03	8.28974317E+03	5.26508121E+03	5.06903068E+03	4.58351586E+03
1.45891815E+05	3.16494550E+04	3.07417391E+04	2.49325863E+04	1.11126490E+04	1.07118467E+04	9.27255523E+03	8.66711813E+03	8.39462958E+03	5.33540803E+03	5.15107611E+03	4.66475033E+03
1.46023470E+05	3.17701131E+04	3.08657730E+04	2.50528676E+04	1.12178842E+04	1.08198734E+04	9.37665946E+03	8.77657914E+03	8.50041923E+03	5.41227865E+03	5.23714834E+03	4.75386702E+03
1.46157832E+05	3.18923558E+04	3.09909170E+04	2.51742244E+04	1.13251783E+04	1.09290352E+04	9.48149007E+03	8.88111089E+03	8.60686854E+03	5.49603637E+03	5.32533870E+03	4.83613020E+03
1.46294857E+05	3.20162396E+04	3.11171292E+04	2.52995733E+04	1.14346247E+04	1.10397138E+04	9.59099476E+03	8.99738924E+03	8.71872848E+03	5.58709716E+03	5.41727685E+03
1.46451130E+05	3.21522068E+04	3.12474017E+04	2.54348027E+04	1.15507354E+04	1.11479674E+04	9.70572466E+03	9.11353095E+03	8.83659002E+03	5.66366971E+03	5.51527915E+03
1.46614191E+05	3.22896215E+04	3.13904962E+04	2.55713193E+04	1.16701561E+04	1.12700327E+04	9.82336485E+03	9.23497684E+03	8.95638428E+03	5.76067858E+03
1.46756078E+05	3.24155051E+04	3.15253050E+04	2.57015646E+04	1.17772265E+04	1.13854320E+04	9.93504556E+03	9.35177586E+03	9.07188226E+03	5.85736770E+03
1.46910819E+05	3.25504566E+04	3.16616519E+04	2.58354660E+04	1.18957327E+04	1.15051559E+04	1.00516684E+04	9.47127103E+03	9.19072033E+03
1.47150530E+05	3.27781359E+04	3.19004806E+04	2.60490664E+04	1.20674369E+04	1.16906078E+04	1.01994567E+04	9.65142824E+03	9.37161742E+03
1.47393352E+05	3.30102263E+04	3.21421563E+04	2.62751080E+04	1.22432244E+04	1.18801681E+04	1.03626462E+04	9.84679573E+03	9.56389813E+03
1.47639262E+05	3.32471658E+04	3.23863770E+04	2.65094508E+04	1.24236689E+04	1.20724904E+04	1.05349800E+04	1.00496049E+04	9.76956373E+03
1.47888316E+05	3.34890563E+04	3.26331709E+04	2.67497769E+04	1.26087624E+04	1.22675424E+04	1.07126318E+04	1.02388072E+04	9.96471389E+03
1.48140569E+05	3.37360928E+04	3.28825700E+04	2.69969261E+04	1.27986817E+04	1.24652207E+04	1.08958996E+04	1.04374033E+04	1.01528541E+04
1.48395834E+05	3.39888433E+04	3.31348993E+04	2.72552993E+04	1.29941903E+04	1.26669579E+04	1.10897083E+04	1.06578042E+04
1.48663664E+05	3.42453785E+04	3.33866087E+04	2.75072700E+04	1.31784707E+04	1.28332808E+04	1.12676833E+04	1.08579053E+04
1.48936118E+05	3.45068085E+04	3.36466924E+04	2.77756175E+04	1.33708404E+04	1.30149190E+04	1.14563947E+04	1.10784376E+04
1.49213291E+05	3.47714722E+04	3.39153777E+04	2.80304073E+04	1.35673343E+04	1.32119872E+04	1.16340916E+04	1.12814822E+04
1.49495241E+05	3.50399459E+04	3.41928824E+04	2.83105304E+04	1.37702667E+04	1.34246681E+04	1.18463328E+04
1.49769052E+05	3.52762596E+04	3.44441991E+04	2.85262942E+04	1.39198623E+04	1.36046323E+04	1.20207905E+04
1.50049573E+05	3.55166537E+04	3.46973720E+04	2.87659011E+04	1.40835802E+04	1.37920009E+04	1.22117009E+04
1.50337222E+05	3.57611693E+04	3.49525834E+04	2.90075820E+04	1.42619678E+04	1.39838859E+04	1.23882383E+04
1.50631864E+05	3.60099177E+04	3.52097000E+04	2.92611846E+04	1.44555630E+04	1.41833168E+04
1.50981950E+05	3.62871751E+04	3.54637549E+04	2.95361645E+04	1.46243478E+04	1.44027067E+04
1.51353172E+05	3.65673955E+04	3.57653428E+04	2.98135563E+04	1.48325642E+04
1.51647735E+05	3.68021297E+04	3.60336572E+04	3.00655028E+04	1.50361488E+04
1.51982942E+05	3.70692266E+04	3.63064574E+04	3.03291649E+04
1.52619081E+05	3.74665714E+04	3.68229541E+04	3.07983765E+04
1.53276672E+05	3.78998478E+04	3.73503521E+04	3.13197612E+04
1.53957331E+05	3.83702977E+04	3.78864193E+04	3.17958855E+04
1.54660585E+05	3.88787999E+04	3.84334072E+04
1.55568045E+05	3.93711132E+04	3.91138423E+04
1.56567322E+05	3.99290614E+04
1.57224425E+05	4.04609415E+04
1.58050588E+05
1.60701033E+05
