1s 2s 2p- 2p+ 3s 3p- 3p+ 3d- 3d+ 4s 4p- 4p+ 4d- 4d+ 5s 5p- 5p+ 4f- 4f+ 5d- 5d+ 6s 6p- 6p+ 5f- 5f+ 6d- 6d+ 7s 
1.60495060E+05	3.18370689E+04	3.08611565E+04	2.33633387E+04	8.44268663E+03	7.98774002E+03	6.18608602E+03	5.47473875E+03	5.14813662E+03	2.35349304E+03	2.13775480E+03	1.63199754E+03	1.29121724E+03	1.20435414E+03	5.74906451E+02	4.81867680E+02	3.45789634E+02	7.51786597E+02	7.27445646E+02	2.07505109E+02	1.86787845E+02	9.23473902E+01	6.23940208E+01	3.37621079E+01	2.76196513E+01	2.33426742E+01	6.24120304E+00	0	6.84566140E+00
1.60503162E+05	3.18452203E+04	3.08693368E+04	2.33715089E+04	8.45076606E+03	7.99586309E+03	6.19423695E+03	5.48284750E+03	5.15626183E+03	2.36143450E+03	2.14577758E+03	1.64004842E+03	1.29926388E+03	1.21243495E+03	5.82835220E+02	4.89935898E+02	3.53864427E+02	7.59836345E+02	7.35515207E+02	2.15586139E+02	1.94913992E+02	9.99069579E+01	7.03003639E+01	4.13802664E+01	3.56392885E+01	3.14761519E+01	1.39894506E+01	0	1.58676695E+01
1.60512257E+05	3.18543020E+04	3.08783927E+04	2.33805559E+04	8.45984458E+03	8.00492561E+03	6.20327970E+03	5.49189382E+03	5.16528936E+03	2.37046401E+03	2.15479423E+03	1.64901869E+03	1.30826898E+03	1.22139667E+03	5.91852879E+02	4.98927177E+02	3.62723856E+02	7.68848070E+02	7.44493119E+02	2.24487052E+02	2.03724294E+02	1.08897251E+02	7.93372578E+01	5.00762405E+01	4.45476573E+01	4.02181046E+01	2.19291676E+01
1.60524634E+05	3.18666802E+04	3.08907144E+04	2.33928986E+04	8.47211349E+03	8.01718118E+03	6.21555459E+03	5.50412915E+03	5.17758021E+03	2.38269997E+03	2.16698286E+03	1.66127265E+03	1.32041699E+03	1.23368411E+03	6.04118208E+02	5.11041723E+02	3.74981180E+02	7.81038273E+02	7.56781711E+02	2.36571971E+02	2.16072723E+02	1.21128873E+02	9.04483186E+01	6.14800434E+01	5.65558060E+01	5.25091464E+01	3.29309214E+01
1.60538223E+05	3.18803315E+04	3.09043205E+04	2.34064413E+04	8.48565371E+03	8.03071305E+03	6.22895455E+03	5.51764626E+03	5.19101088E+03	2.39617889E+03	2.18043872E+03	1.67447776E+03	1.33385395E+03	1.24691752E+03	6.17572568E+02	5.24412703E+02	3.87886440E+02	7.94427330E+02	7.70048758E+02	2.49931845E+02	2.28982085E+02	1.34467065E+02	1.02892682E+02	7.34699717E+01	6.96350265E+01	6.52800326E+01	4.39484233E+01
1.60552971E+05	3.18950830E+04	3.09190594E+04	2.34212603E+04	8.50019817E+03	8.04526180E+03	6.24364644E+03	5.53224042E+03	5.20568693E+03	2.41065409E+03	2.19491916E+03	1.68925794E+03	1.34839025E+03	1.26165615E+03	6.32024649E+02	5.38864618E+02	4.02996539E+02	8.08974556E+02	7.84740415E+02	2.64546850E+02	2.44129011E+02	1.48814483E+02	1.17007113E+02	8.87344253E+01	8.42303704E+01	8.05314282E+01
1.60576337E+05	3.19187135E+04	3.09425759E+04	2.34447771E+04	8.52411349E+03	8.06933134E+03	6.26735737E+03	5.55583627E+03	5.22865675E+03	2.43448038E+03	2.21880735E+03	1.71222279E+03	1.37121888E+03	1.28448110E+03	6.54819368E+02	5.61989770E+02	4.24246052E+02	8.32177768E+02	8.05891625E+02	2.84807586E+02	2.60512460E+02	1.67887534E+02	1.35481529E+02	1.05500280E+02	1.04081544E+02	1.00599065E+02
1.60600704E+05	3.19435683E+04	3.09673471E+04	2.34696700E+04	8.54930976E+03	8.09472369E+03	6.29228474E+03	5.58136865E+03	5.25343238E+03	2.45953742E+03	2.24396576E+03	1.73734395E+03	1.39632691E+03	1.30935814E+03	6.78660062E+02	5.86345783E+02	4.46484125E+02	8.57065759E+02	8.30588848E+02	3.08044902E+02	2.81074983E+02	1.87655510E+02	1.54769829E+02	1.23218412E+02	1.25324242E+02	1.21999443E+02
1.60626228E+05	3.19696355E+04	3.09933064E+04	2.34957358E+04	8.57574371E+03	8.12135549E+03	6.31842490E+03	5.60827122E+03	5.27958863E+03	2.48575511E+03	2.27028446E+03	1.76387665E+03	1.42291269E+03	1.33591749E+03	7.03518842E+02	6.11728394E+02	4.69796867E+02	8.84251564E+02	8.57126682E+02	3.27855493E+02	3.03659695E+02	2.08106111E+02	1.74746650E+02	1.41242069E+02	1.48830129E+02	1.45561203E+02
1.60652861E+05	3.19968383E+04	3.10203872E+04	2.35228929E+04	8.60337274E+03	8.14914095E+03	6.34579127E+03	5.63624018E+03	5.30694607E+03	2.51307719E+03	2.29768957E+03	1.79098156E+03	1.45034912E+03	1.36277381E+03	7.29385338E+02	6.38095855E+02	4.94284542E+02	9.12275855E+02	8.84085715E+02	3.54815573E+02	3.27425569E+02	2.29252394E+02	1.95398717E+02	1.59885498E+02	1.73513669E+02	1.70565584E+02
1.60680589E+05	3.20251967E+04	3.10486129E+04	2.35512316E+04	8.63216751E+03	8.17811537E+03	6.37443110E+03	5.66490544E+03	5.33558331E+03	2.54149817E+03	2.32620050E+03	1.81889251E+03	1.47807699E+03	1.39048248E+03	7.56108375E+02	6.65286332E+02	5.19905334E+02	9.29262678E+02	9.11827571E+02	3.69331623E+02	3.52268364E+02	2.50966495E+02	2.16643703E+02	1.79181391E+02	1.97398726E+02	1.95088492E+02
1.60707989E+05	3.20544660E+04	3.10779704E+04	2.35808349E+04	8.66207041E+03	8.20816460E+03	6.40440103E+03	5.69473397E+03	5.36562513E+03	2.57095519E+03	2.35575167E+03	1.84813161E+03	1.50731336E+03	1.41963579E+03	7.83561619E+02	6.92952870E+02	5.46757541E+02	9.58644160E+02	9.41070195E+02	3.95412879E+02	3.78528105E+02	2.73155646E+02	2.38280983E+02	1.99245433E+02	2.24810591E+02	2.19838401E+02
1.60739524E+05	3.20854918E+04	3.11085681E+04	2.36117176E+04	8.69323060E+03	8.23924411E+03	6.43581673E+03	5.72533616E+03	5.39729571E+03	2.60148139E+03	2.38626859E+03	1.87890476E+03	1.53812252E+03	1.45057891E+03	8.11745712E+02	7.20895042E+02	5.75000553E+02	9.90238151E+02	9.72276714E+02	4.23304178E+02	4.06585964E+02	2.95825084E+02	2.60126702E+02	2.20243709E+02	2.49840160E+02
1.60769875E+05	3.21166106E+04	3.11394606E+04	2.36429418E+04	8.72581797E+03	8.27161730E+03	6.46855557E+03	5.75888929E+03	5.42985497E+03	2.63314364E+03	2.41773939E+03	1.91032239E+03	1.56994470E+03	1.48207014E+03	8.43126054E+02	7.53070958E+02	6.06224973E+02	1.02377412E+03	1.00409700E+03	4.50779712E+02	4.36619417E+02	3.20892740E+02	2.84238782E+02	2.42478560E+02	2.78996039E+02
1.60802073E+05	3.21496155E+04	3.11722958E+04	2.36758442E+04	8.75911710E+03	8.30469234E+03	6.50151330E+03	5.79101601E+03	5.46293398E+03	2.66564290E+03	2.45018997E+03	1.94174145E+03	1.60180655E+03	1.51341230E+03	8.73243168E+02	7.81452919E+02	6.34548757E+02	1.05334017E+03	1.03566766E+03	4.83780114E+02	4.63960402E+02	3.44620386E+02	3.06570164E+02	2.63402527E+02	3.05316163E+02
1.60835229E+05	3.21836009E+04	3.12061108E+04	2.37099838E+04	8.79372835E+03	8.33889724E+03	6.53623257E+03	5.82482351E+03	5.49771702E+03	2.69926468E+03	2.48361049E+03	1.97535818E+03	1.63513302E+03	1.54666614E+03	9.04666014E+02	8.11132717E+02	6.64817391E+02	1.08608562E+03	1.06899144E+03	5.09818495E+02	4.93178625E+02	3.69307390E+02	3.29732191E+02	2.85791758E+02	3.33937417E+02
1.60869316E+05	3.22185339E+04	3.12408635E+04	2.37448840E+04	8.82944293E+03	8.37420902E+03	6.57184363E+03	5.85998652E+03	5.53370730E+03	2.73383701E+03	2.51797154E+03	2.00973309E+03	1.66901638E+03	1.58137095E+03	9.37116391E+02	8.41999093E+02	6.95557141E+02	1.12083157E+03	1.10396513E+03	5.39915115E+02	5.23697329E+02	3.94693388E+02	3.53666634E+02	3.08513751E+02	3.64149561E+02
1.60904387E+05	3.22544674E+04	3.12766020E+04	2.37808016E+04	8.86615444E+03	8.41065761E+03	6.60778870E+03	5.89635037E+03	5.56968248E+03	2.76931643E+03	2.55332690E+03	2.04383066E+03	1.70366581E+03	1.61538973E+03	9.70270014E+02	8.73977570E+02	7.26160756E+02	1.15474480E+03	1.13841374E+03	5.72099972E+02	5.53179396E+02	4.20533597E+02	3.78308516E+02	3.30983217E+02	3.93133155E+02
1.60940452E+05	3.22914319E+04	3.13133471E+04	2.38178435E+04	8.90384109E+03	8.44828053E+03	6.64512178E+03	5.93398034E+03	5.60632670E+03	2.80565194E+03	2.58965550E+03	2.07946083E+03	1.73955492E+03	1.64969147E+03	1.00408941E+03	9.07195786E+02	7.58491953E+02	1.19866024E+03	1.17302784E+03	6.10043189E+02	5.82556641E+02	4.46803970E+02	4.03669222E+02	3.54498099E+02	4.21633892E+02
1.60977462E+05	3.23293810E+04	3.13510591E+04	2.38560433E+04	8.94257797E+03	8.48707406E+03	6.68505877E+03	5.97324286E+03	5.64691145E+03	2.84289638E+03	2.62695500E+03	2.11817184E+03	1.77718143E+03	1.68971781E+03	1.03882890E+03	9.41688868E+02	7.94973138E+02	1.23770117E+03	1.21319396E+03	6.43842225E+02	6.20424566E+02	4.73663377E+02	4.29727315E+02	3.80469981E+02
1.61006000E+05	3.23574143E+04	3.13793017E+04	2.38837248E+04	8.96989071E+03	8.51454816E+03	6.71202726E+03	6.00046732E+03	5.67425376E+03	2.86938907E+03	2.65367786E+03	2.14422410E+03	1.80327233E+03	1.71600437E+03	1.06363513E+03	9.66916026E+02	8.18781259E+02	1.26378853E+03	1.23942090E+03	6.67623572E+02	6.44631961E+02	4.92232170E+02	4.50276569E+02	4.00909545E+02
1.61035159E+05	3.23860172E+04	3.14081281E+04	2.39123054E+04	8.99776551E+03	8.54257646E+03	6.73982379E+03	6.02866149E+03	5.70219008E+03	2.89646916E+03	2.68095220E+03	2.17109578E+03	1.83072695E+03	1.74315173E+03	1.08911669E+03	9.92733209E+02	8.43796723E+02	1.29135031E+03	1.26689921E+03	6.93168580E+02	6.69531273E+02	5.12327260E+02	4.72301564E+02	4.23815502E+02
1.61064947E+05	3.24151622E+04	3.14374891E+04	2.39413763E+04	9.02619901E+03	8.57111658E+03	6.76810833E+03	6.05667694E+03	5.73049560E+03	2.92413686E+03	2.70871493E+03	2.19846284E+03	1.85743834E+03	1.77037900E+03	1.11529652E+03	1.01902731E+03	8.69342099E+02	1.31832317E+03	1.29415242E+03	7.17414021E+02	6.94508251E+02	5.34114223E+02	4.94788697E+02	4.44817952E+02
1.61095375E+05	3.24448727E+04	3.14674237E+04	2.39711398E+04	9.05520934E+03	8.60019834E+03	6.79715503E+03	6.08625753E+03	5.75963693E+03	2.95243283E+03	2.73702787E+03	2.22676648E+03	1.88667596E+03	1.79875954E+03	1.14224828E+03	1.04591107E+03	8.96116563E+02	1.34732340E+03	1.32261426E+03	7.45569142E+02	7.21126127E+02	5.57946129E+02	5.18200887E+02
1.61129614E+05	3.24775634E+04	3.14997249E+04	2.40037930E+04	9.08689224E+03	8.63138139E+03	6.82877567E+03	6.11790986E+03	5.79138616E+03	2.98306006E+03	2.76696560E+03	2.25723076E+03	1.91702200E+03	1.82928911E+03	1.17072877E+03	1.07300360E+03	9.24124135E+02	1.37788653E+03	1.35327419E+03	7.72638999E+02	7.48794064E+02	5.78165586E+02	5.43293598E+02
1.61164761E+05	3.25110084E+04	3.15334807E+04	2.40371520E+04	9.11933625E+03	8.66394120E+03	6.86110440E+03	6.15036755E+03	5.82378389E+03	3.01457406E+03	2.79852659E+03	2.28849992E+03	1.94832968E+03	1.86053842E+03	1.20048522E+03	1.10266702E+03	9.53273681E+02	1.40921969E+03	1.38458031E+03	8.01505696E+02	7.77533693E+02	6.04011452E+02
1.61199698E+05	3.25446693E+04	3.15677885E+04	2.40711796E+04	9.15204967E+03	8.69719187E+03	6.89417307E+03	6.18368536E+03	5.85704726E+03	3.04602954E+03	2.83063720E+03	2.32028567E+03	1.98035702E+03	1.89247353E+03	1.22902059E+03	1.13231125E+03	9.81972328E+02	1.44138172E+03	1.41670545E+03	8.30244928E+02	8.05980773E+02	6.30518905E+02
1.61235924E+05	3.25794957E+04	3.16028401E+04	2.41059230E+04	9.18600660E+03	8.73123711E+03	6.92801312E+03	6.21765560E+03	5.89096352E+03	3.07903964E+03	2.86368404E+03	2.35301962E+03	2.01314877E+03	1.92518511E+03	1.26009742E+03	1.16330464E+03	1.01231948E+03	1.47419979E+03	1.44948876E+03	8.60327058E+02	8.35883145E+02
1.61283760E+05	3.26270095E+04	3.16509972E+04	2.41525637E+04	9.23210487E+03	8.77766805E+03	6.97343114E+03	6.26322814E+03	5.93494574E+03	3.12242231E+03	2.90747299E+03	2.39543715E+03	2.05500287E+03	1.96428505E+03	1.29670123E+03	1.20120883E+03	1.04104819E+03	1.51597847E+03	1.49110593E+03	8.94436794E+02	8.70508460E+02
1.61332416E+05	3.26753957E+04	3.16999520E+04	2.42005721E+04	9.27892573E+03	8.82481559E+03	7.02012388E+03	6.31087200E+03	5.98194918E+03	3.16650163E+03	2.95199596E+03	2.43916761E+03	2.09958536E+03	2.00821681E+03	1.33412731E+03	1.24035121E+03	1.07413243E+03	1.56001533E+03	1.53525953E+03	9.31306585E+02	9.07339521E+02
1.61381892E+05	3.27247132E+04	3.17496744E+04	2.42497446E+04	9.32649207E+03	8.87265770E+03	7.06728908E+03	6.35927569E+03	6.02950612E+03	3.21132434E+03	2.99715746E+03	2.48315116E+03	2.14532911E+03	2.05264525E+03	1.37259252E+03	1.28031667E+03	1.11005828E+03	1.60516730E+03	1.57992412E+03	9.69677572E+02	9.46583515E+02
1.61432202E+05	3.27749865E+04	3.18001841E+04	2.42999590E+04	9.37481139E+03	8.92120023E+03	7.11501865E+03	6.40718113E+03	6.07753371E+03	3.25690217E+03	3.04297090E+03	2.52763719E+03	2.18944117E+03	2.09676058E+03	1.41205830E+03	1.32107692E+03	1.14754009E+03	1.64987465E+03	1.62418869E+03	1.00594594E+03	9.84217973E+02
1.61483327E+05	3.28262187E+04	3.18514534E+04	2.43512459E+04	9.42387047E+03	8.97042507E+03	7.16376943E+03	6.45617816E+03	6.12649406E+03	3.30324825E+03	3.08941453E+03	2.57327216E+03	2.23533422E+03	2.14172864E+03	1.45268123E+03	1.36252097E+03	1.18640749E+03	1.69415147E+03	1.67005106E+03	1.04441645E+03	1.02089158E+03
1.61535245E+05	3.28785332E+04	3.19035260E+04	2.44039267E+04	9.47372135E+03	9.02034745E+03	7.21383402E+03	6.50741983E+03	6.17749765E+03	3.35051343E+03	3.13660837E+03	2.62054571E+03	2.28474843E+03	2.19004375E+03	1.49507963E+03	1.40533577E+03	1.22802179E+03	1.74413041E+03	1.71803618E+03	1.08723158E+03
1.61589358E+05	3.29323637E+04	3.19569777E+04	2.44574919E+04	9.52496831E+03	9.07154444E+03	7.26389516E+03	6.55684273E+03	6.22793434E+03	3.39815585E+03	3.18347158E+03	2.66631155E+03	2.32739900E+03	2.23556539E+03	1.53461038E+03	1.43832828E+03	1.26575679E+03	1.78933135E+03	1.76393514E+03	1.12545327E+03
1.61644399E+05	3.29871758E+04	3.20115887E+04	2.45126314E+04	9.57701794E+03	9.12361818E+03	7.31621671E+03	6.60877544E+03	6.28080148E+03	3.44685800E+03	3.23148666E+03	2.71493082E+03	2.37483249E+03	2.28426815E+03	1.57644622E+03	1.47486602E+03	1.30553747E+03	1.83930801E+03	1.81303539E+03	1.16725347E+03
1.61700411E+05	3.30428064E+04	3.20674060E+04	2.45676656E+04	9.62978065E+03	9.17660846E+03	7.36706381E+03	6.66142909E+03	6.33258069E+03	3.49627801E+03	3.28069103E+03	2.76120047E+03	2.42301673E+03	2.33120020E+03	1.61930496E+03	1.51512263E+03	1.34329441E+03	1.88747684E+03	1.86062612E+03	1.20596560E+03
1.61757396E+05	3.30992483E+04	3.21244479E+04	2.46248686E+04	9.68327189E+03	9.23051601E+03	7.42210501E+03	6.71588945E+03	6.38771292E+03	3.54653514E+03	3.33109801E+03	2.81400698E+03	2.47341469E+03	2.38354891E+03	1.66378260E+03	1.55930591E+03	1.39017936E+03	1.93836523E+03	1.91282489E+03
1.61843551E+05	3.31879673E+04	3.22128955E+04	2.47131199E+04	9.77167478E+03	9.32048372E+03	7.50767310E+03	6.80223153E+03	6.46784523E+03	3.62190141E+03	3.40847899E+03	2.88381672E+03	2.54439138E+03	2.44334385E+03	1.71842927E+03	1.61375677E+03	1.43920377E+03	2.01071401E+03	1.98588682E+03
1.61931354E+05	3.32782782E+04	3.23028401E+04	2.48037141E+04	9.86166718E+03	9.41218474E+03	7.59464314E+03	6.89447741E+03	6.55451743E+03	3.69845260E+03	3.48746917E+03	2.95478440E+03	2.62136549E+03	2.51182893E+03	1.77375240E+03	1.66896627E+03	1.49018656E+03	2.08603195E+03	2.06155904E+03
1.62020624E+05	3.33701337E+04	3.23942539E+04	2.48957677E+04	9.95333883E+03	9.50540884E+03	7.68336731E+03	6.98937035E+03	6.64418355E+03	3.77633829E+03	3.56765337E+03	3.02715826E+03	2.70220590E+03	2.58373017E+03	1.82978383E+03	1.72485565E+03	1.54225599E+03	2.16728287E+03	2.14255200E+03
1.62111341E+05	3.34635175E+04	3.24871089E+04	2.49888349E+04	1.00468501E+04	9.60014897E+03	7.77419145E+03	7.08564892E+03	6.73575098E+03	3.85581012E+03	3.64907044E+03	3.10120908E+03	2.78073537E+03	2.65736105E+03	1.88658165E+03	1.78143926E+03	1.59411081E+03	2.25148978E+03	2.22755169E+03
1.62203546E+05	3.35584776E+04	3.25814548E+04	2.50835941E+04	1.01421079E+04	9.69643237E+03	7.86725708E+03	7.17969674E+03	6.82944671E+03	3.93663228E+03	3.73167888E+03	3.17695974E+03	2.85963109E+03	2.73272266E+03	1.94409815E+03	1.83871478E+03	1.64638779E+03	2.33157396E+03	2.30972646E+03
1.62297233E+05	3.36550134E+04	3.26772873E+04	2.51802402E+04	1.02390756E+04	9.79419655E+03	7.96304008E+03	7.27640603E+03	6.92609130E+03	4.01872123E+03	3.81530617E+03	3.25481903E+03	2.94165164E+03	2.81057869E+03	2.00231553E+03	1.89665135E+03	1.69973454E+03	2.41017705E+03	2.39024456E+03
1.62392368E+05	3.37530748E+04	3.27745439E+04	2.52788614E+04	1.03380905E+04	9.89347270E+03	8.06222175E+03	7.37611287E+03	7.02643254E+03	4.10261882E+03	3.90004816E+03	3.33549074E+03	3.02161203E+03	2.89174093E+03	2.06135281E+03	1.95524023E+03	1.75446328E+03	2.49493125E+03
1.62488778E+05	3.38525702E+04	3.28730780E+04	2.53793569E+04	1.04402751E+04	9.99491690E+03	8.16608211E+03	7.48332803E+03	7.13147158E+03	4.19020144E+03	3.98741216E+03	3.42046532E+03	3.10950622E+03	2.97764123E+03	2.12158422E+03	2.01468584E+03	1.81084469E+03	2.59170193E+03
1.62588059E+05	3.39549214E+04	3.29748497E+04	2.54808998E+04	1.05411637E+04	1.00939643E+04	8.26290402E+03	7.57378628E+03	7.22979856E+03	4.27334838E+03	4.06704888E+03	3.49726323E+03	3.17808820E+03	3.05467944E+03	2.18097615E+03	2.07352531E+03	1.86424133E+03	2.67370880E+03
1.62688893E+05	3.40588455E+04	3.30781533E+04	2.55856099E+04	1.06446085E+04	1.01953593E+04	8.36598742E+03	7.67161621E+03	7.33338179E+03	4.35908252E+03	4.14926980E+03	3.57920758E+03	3.24779341E+03	3.13621390E+03	2.24144016E+03	2.13325759E+03	1.92100006E+03	2.76147390E+03
1.62791210E+05	3.41642816E+04	3.31829322E+04	2.56909178E+04	1.07501737E+04	1.02991596E+04	8.47158209E+03	7.77409322E+03	7.44169475E+03	4.44682407E+03	4.23414082E+03	3.66290116E+03	3.32668520E+03	3.22158805E+03	2.30277804E+03	2.19390254E+03	1.97831352E+03	2.85496735E+03
1.62895107E+05	3.42713513E+04	3.32892778E+04	2.57977370E+04	1.08573407E+04	1.04054104E+04	8.57337610E+03	7.87961028E+03	7.54627875E+03	4.53578102E+03	4.32156584E+03	3.74325483E+03	3.41019910E+03	3.30301459E+03	2.36479427E+03	2.25546187E+03	2.03394526E+03	2.94351667E+03
1.63000579E+05	3.43800616E+04	3.33971895E+04	2.59067513E+04	1.09659607E+04	1.05141944E+04	8.67964111E+03	7.98826660E+03	7.64886482E+03	4.62576522E+03	4.41158887E+03	3.82728901E+03	3.49645899E+03	3.38221844E+03	2.42742953E+03	2.31792603E+03	2.09114562E+03	3.02924615E+03
1.63106222E+05	3.44901247E+04	3.35066065E+04	2.60184132E+04	1.10764608E+04	1.06255367E+04	8.79660345E+03	8.10226801E+03	7.77064506E+03	4.71750987E+03	4.50421425E+03	3.92104278E+03	3.58797059E+03	3.48224948E+03	2.49083986E+03	2.38127701E+03	2.15306253E+03
1.63178395E+05	3.45588774E+04	3.35767668E+04	2.60851355E+04	1.11400451E+04	1.06902002E+04	8.85821497E+03	8.16571423E+03	7.83444035E+03	4.77456120E+03	4.56262922E+03	3.97504185E+03	3.64381484E+03	3.53896712E+03	2.53167642E+03	2.42791985E+03	2.19933332E+03
1.63253200E+05	3.46287766E+04	3.36476722E+04	2.61545289E+04	1.12046532E+04	1.07556506E+04	8.92219202E+03	8.23178234E+03	7.89912733E+03	4.83282531E+03	4.62198535E+03	4.03229470E+03	3.70312797E+03	3.59659696E+03	2.57611494E+03	2.47702482E+03	2.25030352E+03
1.63327979E+05	3.46992901E+04	3.37192612E+04	2.62245982E+04	1.12701653E+04	1.08217509E+04	8.98669258E+03	8.29580489E+03	7.96405060E+03	4.89229121E+03	4.68202163E+03	4.09011154E+03	3.75933934E+03	3.65430233E+03	2.62436070E+03	2.52726944E+03	2.29721426E+03
1.63404073E+05	3.47707122E+04	3.37915575E+04	2.62964912E+04	1.13366905E+04	1.08886306E+04	9.05320165E+03	8.36470728E+03	8.03128786E+03	4.95305195E+03	4.74299160E+03	4.15051596E+03	3.82345969E+03	3.71520235E+03	2.67672482E+03	2.57960973E+03
1.63490291E+05	3.48491405E+04	3.38677379E+04	2.63743969E+04	1.14085092E+04	1.09580337E+04	9.12432836E+03	8.43622862E+03	8.10331207E+03	5.01687568E+03	4.80309262E+03	4.21326335E+03	3.88584403E+03	3.77854287E+03	2.72039403E+03	2.63521199E+03
1.63579783E+05	3.49285040E+04	3.39492720E+04	2.64531517E+04	1.14815781E+04	1.10320972E+04	9.19661711E+03	8.50976393E+03	8.17621458E+03	5.08299272E+03	4.86963717E+03	4.27798102E+03	3.95123966E+03	3.84341378E+03	2.77626179E+03
1.63661172E+05	3.50040092E+04	3.40283152E+04	2.65302310E+04	1.15513374E+04	1.11045086E+04	9.26764364E+03	8.58234911E+03	8.24831169E+03	5.14389601E+03	4.93401694E+03	4.34035272E+03	4.01521178E+03	3.90679910E+03	2.83250288E+03
1.63748244E+05	3.50833635E+04	3.41080786E+04	2.66089918E+04	1.16249973E+04	1.11785429E+04	9.34049154E+03	8.65607962E+03	8.32180957E+03	5.21066878E+03	5.00102002E+03	4.40565497E+03	4.08109979E+03	3.97229762E+03
1.63868321E+05	3.52005293E+04	3.42285865E+04	2.67220876E+04	1.17320478E+04	1.12875930E+04	9.44416226E+03	8.76165290E+03	8.41821285E+03	5.29336035E+03	5.08857390E+03	4.47316432E+03	4.16273537E+03	4.05493089E+03
1.63989862E+05	3.53195542E+04	3.43504168E+04	2.68393476E+04	1.18402836E+04	1.13977372E+04	9.55064354E+03	8.87340774E+03	8.52701184E+03	5.37806797E+03	5.17845226E+03	4.55009831E+03	4.25049878E+03	4.14213749E+03
1.64112845E+05	3.54405633E+04	3.44734810E+04	2.69595721E+04	1.19497587E+04	1.15088759E+04	9.65763029E+03	8.98762976E+03	8.63669257E+03	5.46515007E+03	5.26980517E+03	4.63254360E+03	4.34170402E+03	4.23487800E+03
1.64237294E+05	3.55635981E+04	3.45977999E+04	2.70821136E+04	1.20604877E+04	1.16210214E+04	9.76506534E+03	9.09762897E+03	8.74629916E+03	5.55460418E+03	5.36261551E+03	4.71789149E+03	4.42698650E+03	4.32325125E+03
1.64363231E+05	3.56887099E+04	3.47233816E+04	2.72072337E+04	1.21724847E+04	1.17341699E+04	9.87488902E+03	9.21092478E+03	8.85727569E+03	5.64657186E+03	5.45680562E+03	4.80594785E+03	4.51690900E+03	4.40890337E+03
1.64490611E+05	3.58161012E+04	3.48503049E+04	2.73362847E+04	1.22858449E+04	1.18483952E+04	9.98849504E+03	9.33194074E+03	8.97636997E+03	5.74158633E+03	5.55334477E+03	4.89932235E+03	4.61695811E+03
1.64623378E+05	3.59464006E+04	3.49791308E+04	2.74650284E+04	1.24012044E+04	1.19636736E+04	1.00981805E+04	9.43450546E+03	9.08844079E+03	5.82946890E+03	5.62876255E+03	4.98415815E+03	4.70646165E+03
1.64758153E+05	3.60785968E+04	3.51109511E+04	2.75987693E+04	1.25180173E+04	1.20809680E+04	1.02145992E+04	9.55137490E+03	9.20791196E+03	5.92210178E+03	5.71217419E+03	5.07339104E+03	4.80426807E+03
1.64894941E+05	3.62122098E+04	3.52458267E+04	2.77298651E+04	1.26359439E+04	1.22003184E+04	1.03250867E+04	9.66932881E+03	9.32323522E+03	6.01702837E+03	5.80372492E+03	5.15797652E+03	4.89480890E+03
1.65033766E+05	3.63473176E+04	3.53838146E+04	2.78680522E+04	1.27551294E+04	1.23217310E+04	1.04495278E+04	9.79300601E+03	9.44923682E+03	6.11571722E+03	5.90360068E+03	5.26140585E+03
1.65172726E+05	3.64752990E+04	3.55161736E+04	2.79899737E+04	1.28657197E+04	1.24361289E+04	1.05527264E+04	9.90425756E+03	9.56143867E+03	6.19164280E+03	5.99208874E+03	5.34825099E+03
1.65314398E+05	3.66049851E+04	3.56496704E+04	2.81189318E+04	1.29785113E+04	1.25520923E+04	1.06640597E+04	1.00214389E+04	9.67447984E+03	6.27452968E+03	6.08475022E+03	5.44347196E+03
1.65458960E+05	3.67363755E+04	3.57843821E+04	2.82489841E+04	1.30935462E+04	1.26692340E+04	1.07761084E+04	1.01332801E+04	9.78820967E+03	6.36469119E+03	6.17959726E+03	5.53132349E+03
1.65606327E+05	3.68695250E+04	3.59202435E+04	2.83833710E+04	1.32109106E+04	1.27879379E+04	1.08931533E+04	1.02575431E+04	9.90774770E+03	6.46248232E+03	6.27833546E+03
1.65778049E+05	3.70177478E+04	3.60620484E+04	2.85300297E+04	1.33370213E+04	1.29053034E+04	1.10170456E+04	1.03830542E+04	1.00350651E+04	6.54524160E+03	6.38462956E+03
1.65958087E+05	3.71677037E+04	3.62186029E+04	2.86781832E+04	1.34664868E+04	1.30379587E+04	1.11440034E+04	1.05143808E+04	1.01643346E+04	6.65016513E+03
1.66112472E+05	3.73040608E+04	3.63654667E+04	2.88190801E+04	1.35821362E+04	1.31630100E+04	1.12642701E+04	1.06403721E+04	1.02887132E+04	6.75461310E+03
1.66281848E+05	3.74506683E+04	3.65135727E+04	2.89639316E+04	1.37103442E+04	1.32925882E+04	1.13899169E+04	1.07692051E+04	1.04167322E+04
1.66536907E+05	3.76936799E+04	3.67683300E+04	2.91912647E+04	1.38944416E+04	1.34919610E+04	1.15472834E+04	1.09612508E+04	1.06090807E+04
1.66795181E+05	3.79413217E+04	3.70258549E+04	2.94317842E+04	1.40829940E+04	1.36955358E+04	1.17210792E+04	1.11695249E+04	1.08134691E+04
1.67056655E+05	3.81939951E+04	3.72859038E+04	2.96809647E+04	1.42765485E+04	1.39019304E+04	1.19044440E+04	1.13853943E+04	1.10321977E+04
1.67321391E+05	3.84518139E+04	3.75485063E+04	2.99364181E+04	1.44751162E+04	1.41111230E+04	1.20933612E+04	1.15870220E+04	1.12394980E+04
1.67589402E+05	3.87149337E+04	3.78136912E+04	3.01990897E+04	1.46788343E+04	1.43230442E+04	1.22881925E+04	1.17980174E+04	1.14389809E+04
1.67860690E+05	3.89838815E+04	3.80817205E+04	3.04737433E+04	1.48884088E+04	1.45391184E+04	1.24941829E+04	1.20320203E+04
1.68146484E+05	3.92593588E+04	3.83524282E+04	3.07425445E+04	1.50862803E+04	1.47178856E+04	1.26835299E+04	1.22452532E+04
1.68437279E+05	3.95391671E+04	3.86315103E+04	3.10277917E+04	1.52926524E+04	1.49131705E+04	1.28843688E+04	1.24804197E+04
1.68733171E+05	3.98220146E+04	3.89191790E+04	3.13011095E+04	1.55034329E+04	1.51250956E+04	1.30733618E+04	1.26967473E+04
1.69034241E+05	4.01082635E+04	3.92156542E+04	3.15983685E+04	1.57211824E+04	1.53538359E+04	1.32985842E+04
1.69326636E+05	4.03604835E+04	3.94843973E+04	3.18274610E+04	1.58816923E+04	1.55471553E+04	1.34839321E+04
1.69626113E+05	4.06172015E+04	3.97552212E+04	3.20822198E+04	1.60572615E+04	1.57480231E+04	1.36866871E+04
1.69933168E+05	4.08784497E+04	4.00283828E+04	3.23391217E+04	1.62484130E+04	1.59535852E+04	1.38741045E+04
1.70247568E+05	4.11443355E+04	4.03036798E+04	3.26089203E+04	1.64556179E+04	1.61669281E+04
1.70632240E+05	4.14461383E+04	4.05795629E+04	3.29055352E+04	1.66385916E+04	1.64052832E+04
1.71042969E+05	4.17518109E+04	4.09096797E+04	3.32051998E+04	1.68636953E+04
1.71362842E+05	4.20053233E+04	4.12020870E+04	3.34765258E+04	1.70836393E+04
1.71729932E+05	4.22952242E+04	4.14980439E+04	3.37605830E+04
1.72406971E+05	4.27212818E+04	4.20547943E+04	3.42580878E+04
1.73106444E+05	4.31863516E+04	4.26215105E+04	3.48114633E+04
1.73830198E+05	4.36917150E+04	4.31969421E+04	3.53158852E+04
1.74577456E+05	4.42381461E+04	4.37824373E+04
1.75584621E+05	4.47817547E+04	4.45371795E+04
1.76706816E+05	4.53905380E+04
1.77422874E+05	4.59719174E+04
1.78336110E+05
1.81271916E+05
