1s 2s 2p- 2p+ 3s 3p- 3p+ 3d- 3d+ 4s 4p- 4p+ 4d- 4d+ 5s 5p- 5p+ 4f- 4f+ 5d- 5d+ 6s 6p- 6p+ 5f- 5f+ 6d- 6d+ 7s 
1.64484431E+05	3.27658357E+04	3.17830372E+04	2.38888122E+04	8.71341697E+03	8.25270394E+03	6.35186053E+03	5.62985833E+03	5.28847284E+03	2.44261736E+03	2.22308742E+03	1.68750221E+03	1.34063090E+03	1.24929462E+03	6.03469171E+02	5.08254719E+02	3.62906450E+02	7.88706156E+02	7.63044775E+02	2.21356663E+02	1.99142317E+02	9.96001017E+01	6.91750608E+01	3.71689801E+01	3.50097169E+01	2.99967858E+01	0	0	7.44011557E+00
1.64492915E+05	3.27742485E+04	3.17914590E+04	2.38972245E+04	8.72179451E+03	8.26111649E+03	6.36027100E+03	5.63821943E+03	5.29686294E+03	2.45087995E+03	2.23141003E+03	1.69583025E+03	1.34895071E+03	1.25765205E+03	6.11673089E+02	5.16568712E+02	3.71187652E+02	7.97050344E+02	7.71400694E+02	2.29556440E+02	2.07449151E+02	1.07284532E+02	7.70200850E+01	4.47476706E+01	4.28960502E+01	3.82560730E+01	0	0	1.66541260E+01
1.64502123E+05	3.27834370E+04	3.18006212E+04	2.39063727E+04	8.73092520E+03	8.27023544E+03	6.36940142E+03	5.64736898E+03	5.30597288E+03	2.46003182E+03	2.24057096E+03	1.70496670E+03	1.35814156E+03	1.26678632E+03	6.20888903E+02	5.25804993E+02	3.80320827E+02	8.06207314E+02	7.80536932E+02	2.38856136E+02	2.16558396E+02	1.16620532E+02	8.66655118E+01	5.39710638E+01	5.23020696E+01	4.73691858E+01	2.34471668E+01
1.64515201E+05	3.27962361E+04	3.18133512E+04	2.39191229E+04	8.74359747E+03	8.28290994E+03	6.38202748E+03	5.65992810E+03	5.31860110E+03	2.47263279E+03	2.25316236E+03	1.71750651E+03	1.37062165E+03	1.27931210E+03	6.33350327E+02	5.38179851E+02	3.92652051E+02	8.18801562E+02	7.93065366E+02	2.50965427E+02	2.28825184E+02	1.28800154E+02	9.78565887E+01	6.54087899E+01	6.42056384E+01	5.94454637E+01	3.42823501E+01
1.64529112E+05	3.28101686E+04	3.18272106E+04	2.39330186E+04	8.75739052E+03	8.29667918E+03	6.39582611E+03	5.67367242E+03	5.33241622E+03	2.48632977E+03	2.26679946E+03	1.73122782E+03	1.38421049E+03	1.29307507E+03	6.47035057E+02	5.51679980E+02	4.06352257E+02	8.32441095E+02	8.06832286E+02	2.64425034E+02	2.42597706E+02	1.42320238E+02	1.10002947E+02	7.79964047E+01	7.74842459E+01	7.31273138E+01	4.65301629E+01
1.64544081E+05	3.28251153E+04	3.18421567E+04	2.39478709E+04	8.77215940E+03	8.31144339E+03	6.41042435E+03	5.68843002E+03	5.34706186E+03	2.50106145E+03	2.28150078E+03	1.74563177E+03	1.39888550E+03	1.30751228E+03	6.61708254E+02	5.66256373E+02	4.20387054E+02	8.47062692E+02	8.21309308E+02	2.78969329E+02	2.56654873E+02	1.56741676E+02	1.23439392E+02	9.08974659E+01	9.17905083E+01	8.70311571E+01	5.85146923E+01
1.64559891E+05	3.28410164E+04	3.18580262E+04	2.39638496E+04	8.78786986E+03	8.32717220E+03	6.42630967E+03	5.70420006E+03	5.36293531E+03	2.51669222E+03	2.29714296E+03	1.76161383E+03	1.41459010E+03	1.32344878E+03	6.77279189E+02	5.81823778E+02	4.36688939E+02	8.62781303E+02	8.37195088E+02	2.94691018E+02	2.72970192E+02	1.72068234E+02	1.38514508E+02	1.07171855E+02	1.07439201E+02	1.03393695E+02
1.64584468E+05	3.28661168E+04	3.18830580E+04	2.39888865E+04	8.81331554E+03	8.35278535E+03	6.45154483E+03	5.72931979E+03	5.38737260E+03	2.54200917E+03	2.32252870E+03	1.78600847E+03	1.43884020E+03	1.34769474E+03	7.01380656E+02	6.06268569E+02	4.59098374E+02	8.87428217E+02	8.59667193E+02	3.16253213E+02	2.90282155E+02	1.92086814E+02	1.57954032E+02	1.24772708E+02	1.28441418E+02	1.24615807E+02
1.64610220E+05	3.28924171E+04	3.19092647E+04	2.40152435E+04	8.83997693E+03	8.37965216E+03	6.47790453E+03	5.75634376E+03	5.41359819E+03	2.56847838E+03	2.34910513E+03	1.81253224E+03	1.46535337E+03	1.37396188E+03	7.26475439E+02	6.31895790E+02	4.82462941E+02	9.13721553E+02	8.85754833E+02	3.40655217E+02	3.11896242E+02	2.12765076E+02	1.78169962E+02	1.43317562E+02	1.50811550E+02	1.47145600E+02
1.64637126E+05	3.29199120E+04	3.19366542E+04	2.40427416E+04	8.86785141E+03	8.40774182E+03	6.50548103E+03	5.78471356E+03	5.44117725E+03	2.59606122E+03	2.37679541E+03	1.84042624E+03	1.49330284E+03	1.40187814E+03	7.52529224E+02	6.58494621E+02	5.06866268E+02	9.42321632E+02	9.13652956E+02	3.61093579E+02	3.35533115E+02	2.34094420E+02	1.99041037E+02	1.62161169E+02	1.75452773E+02	1.71836319E+02
1.64665059E+05	3.29484836E+04	3.19651038E+04	2.40712787E+04	8.89687955E+03	8.43693938E+03	6.53422931E+03	5.81410828E+03	5.46992326E+03	2.62472537E+03	2.40554761E+03	1.86885087E+03	1.52208798E+03	1.43004233E+03	7.79563243E+02	6.86036314E+02	5.32419107E+02	9.71818818E+02	9.41942568E+02	3.87668171E+02	3.60326184E+02	2.56100817E+02	2.20561700E+02	1.81567385E+02	2.01260401E+02	1.97976817E+02
1.64694133E+05	3.29782178E+04	3.19946988E+04	2.41009970E+04	8.92705785E+03	8.46727585E+03	6.56421356E+03	5.84411345E+03	5.49990742E+03	2.65443028E+03	2.43534304E+03	1.89800332E+03	1.55104790E+03	1.45898684E+03	8.07416636E+02	7.14376426E+02	5.59078280E+02	9.89763516E+02	9.70923720E+02	4.04167472E+02	3.86173086E+02	2.78659818E+02	2.42658965E+02	2.01607838E+02	2.26178593E+02	2.23569907E+02
1.64724288E+05	3.30090640E+04	3.20253925E+04	2.41319005E+04	8.95833619E+03	8.49867053E+03	6.59550150E+03	5.87527471E+03	5.53127422E+03	2.68517523E+03	2.46616643E+03	1.92846819E+03	1.58150472E+03	1.48935322E+03	8.35981639E+02	7.43185085E+02	5.86955247E+02	1.02007315E+03	1.00141441E+03	4.31234892E+02	4.13422289E+02	3.01685182E+02	2.65153526E+02	2.22408370E+02	2.54582951E+02	2.49355185E+02
1.64755526E+05	3.30410461E+04	3.20571751E+04	2.41640361E+04	8.99072497E+03	8.53105444E+03	6.62821756E+03	5.90720186E+03	5.56423877E+03	2.71691499E+03	2.49792358E+03	1.96043601E+03	1.61352678E+03	1.52148430E+03	8.65241397E+02	7.72227565E+02	6.16207849E+02	1.05336636E+03	1.03380754E+03	4.60096044E+02	4.42448056E+02	3.25182904E+02	2.87862077E+02	2.44136683E+02	2.80418968E+02
1.64787175E+05	3.30734934E+04	3.20893846E+04	2.41966098E+04	9.02465806E+03	8.56472554E+03	6.66231355E+03	5.94209030E+03	5.59817942E+03	2.74982017E+03	2.53062365E+03	1.99311539E+03	1.64663303E+03	1.55425904E+03	8.97743963E+02	8.05465059E+02	6.48486575E+02	1.08781316E+03	1.06694510E+03	4.88661197E+02	4.73537891E+02	3.51044665E+02	3.12700851E+02	2.67093020E+02	3.10854963E+02
1.64820616E+05	3.31077713E+04	3.21234878E+04	2.42307840E+04	9.05922948E+03	8.59906294E+03	6.69650385E+03	5.97542259E+03	5.63251237E+03	2.78351786E+03	2.56426408E+03	2.02564274E+03	1.67963649E+03	1.58671183E+03	9.28836592E+02	8.34756087E+02	6.77697123E+02	1.11840893E+03	1.09964963E+03	5.21390685E+02	5.01748248E+02	3.75507347E+02	3.35814219E+02	2.88671182E+02	3.38083117E+02
1.64855012E+05	3.31430196E+04	3.21585566E+04	2.42661954E+04	9.09510333E+03	8.63452084E+03	6.73249578E+03	6.01045445E+03	5.66856664E+03	2.81831739E+03	2.59885780E+03	2.06041767E+03	1.71410405E+03	1.62109642E+03	9.61231218E+02	8.65349348E+02	7.08872319E+02	1.15221380E+03	1.13412076E+03	5.49509215E+02	5.31838525E+02	4.00932296E+02	3.59738221E+02	3.11756558E+02	3.67634496E+02
1.64890332E+05	3.31792008E+04	3.21945509E+04	2.43023457E+04	9.13206949E+03	8.67107093E+03	6.76937391E+03	6.04684893E+03	5.70586058E+03	2.85405765E+03	2.63438729E+03	2.09596413E+03	1.74913706E+03	1.65697640E+03	9.94670799E+02	8.97161442E+02	7.40554780E+02	1.18812392E+03	1.17028659E+03	5.80431170E+02	5.63287698E+02	4.27062789E+02	3.84432720E+02	3.35190457E+02	3.98846823E+02
1.64926623E+05	3.32163918E+04	3.22315310E+04	2.43395233E+04	9.17003432E+03	8.70877198E+03	6.80652866E+03	6.08445978E+03	5.74306603E+03	2.89068968E+03	2.67089670E+03	2.13113807E+03	1.78489348E+03	1.69210390E+03	1.02880424E+03	9.30101236E+02	7.72016097E+02	1.22313097E+03	1.20587828E+03	6.13643350E+02	5.93649631E+02	4.53647366E+02	4.09835368E+02	3.58304338E+02	4.28752870E+02
1.64963911E+05	3.32545911E+04	3.22695039E+04	2.43778073E+04	9.20896117E+03	8.74763730E+03	6.84507910E+03	6.12333083E+03	5.78089856E+03	2.92817376E+03	2.70837964E+03	2.16786819E+03	1.82190126E+03	1.72744344E+03	1.06359317E+03	9.64288159E+02	8.05225865E+02	1.26863719E+03	1.24156804E+03	6.52962464E+02	6.23811713E+02	4.80657265E+02	4.35952944E+02	3.82472599E+02	4.58125085E+02
1.65002134E+05	3.32937651E+04	3.23084330E+04	2.44172507E+04	9.24892202E+03	8.78766050E+03	6.88628332E+03	6.16384425E+03	5.82278436E+03	2.96654909E+03	2.74681650E+03	2.20774578E+03	1.86065674E+03	1.76868597E+03	1.09930813E+03	9.99759034E+02	8.42682281E+02	1.30886330E+03	1.28295381E+03	6.87694348E+02	6.62697174E+02	5.08258442E+02	4.62767224E+02	4.09150242E+02
1.65031535E+05	3.33226186E+04	3.23375049E+04	2.44457286E+04	9.27701855E+03	8.81592999E+03	6.91401688E+03	6.19185278E+03	5.85091274E+03	2.99376844E+03	2.77427609E+03	2.23450101E+03	1.88745921E+03	1.79568623E+03	1.12476087E+03	1.02564903E+03	8.67097494E+02	1.33566539E+03	1.30989837E+03	7.12092866E+02	6.87530430E+02	5.27337030E+02	4.83877847E+02	4.30117474E+02
1.65061569E+05	3.33520532E+04	3.23671719E+04	2.44751319E+04	9.30567288E+03	8.84474534E+03	6.94258712E+03	6.22083541E+03	5.87962522E+03	3.02157320E+03	2.80228583E+03	2.26208970E+03	1.91564668E+03	1.82355664E+03	1.15089693E+03	1.05213193E+03	8.92748321E+02	1.36396578E+03	1.33811553E+03	7.38289262E+02	7.13061331E+02	5.47976764E+02	5.06481999E+02	4.53600769E+02
1.65092228E+05	3.33820228E+04	3.23973706E+04	2.45050162E+04	9.33487601E+03	8.87406065E+03	6.97162965E+03	6.24960232E+03	5.90869286E+03	3.04997008E+03	2.83078233E+03	2.29016234E+03	1.94304801E+03	1.85148853E+03	1.17773804E+03	1.07909315E+03	9.18917515E+02	1.39164604E+03	1.36608145E+03	7.63140408E+02	7.38663564E+02	5.70343444E+02	5.29550413E+02	4.75121743E+02
1.65123528E+05	3.34125569E+04	3.24281388E+04	2.45355978E+04	9.36466229E+03	8.90392653E+03	7.00144922E+03	6.27998029E+03	5.93861164E+03	3.07899846E+03	2.85983091E+03	2.31919266E+03	1.97304834E+03	1.88059922E+03	1.20535540E+03	1.10664430E+03	9.46343173E+02	1.42140158E+03	1.39527906E+03	7.91995098E+02	7.65932874E+02	5.94766952E+02	5.53550401E+02
1.65158836E+05	3.34462091E+04	3.24613805E+04	2.45691987E+04	9.39724109E+03	8.93598127E+03	7.03395211E+03	6.31252281E+03	5.97125219E+03	3.11045436E+03	2.89057286E+03	2.35046553E+03	2.00420455E+03	1.91194314E+03	1.23457061E+03	1.13443124E+03	9.75047429E+02	1.45278650E+03	1.42676330E+03	8.19741847E+02	7.94297498E+02	6.15458113E+02	5.79302765E+02
1.65195071E+05	3.34806233E+04	3.24961247E+04	2.46035084E+04	9.43059343E+03	8.96945655E+03	7.06717435E+03	6.34588300E+03	6.00454712E+03	3.14280752E+03	2.92297445E+03	2.38254977E+03	2.03633259E+03	1.94400588E+03	1.26508025E+03	1.16485218E+03	1.00491259E+03	1.48494514E+03	1.45889172E+03	8.49328831E+02	8.23747162E+02	6.41949920E+02
1.65230978E+05	3.35151741E+04	3.25313554E+04	2.46384342E+04	9.46413847E+03	9.00356361E+03	7.10108167E+03	6.38005384E+03	6.03865916E+03	3.17504123E+03	2.95589122E+03	2.41511562E+03	2.06915360E+03	1.97672944E+03	1.29429276E+03	1.19521005E+03	1.03426694E+03	1.51790987E+03	1.49181713E+03	8.78750461E+02	8.52863019E+02	6.69094852E+02
1.65268228E+05	3.35509457E+04	3.25673434E+04	2.46740875E+04	9.49896776E+03	9.03848686E+03	7.13578127E+03	6.41489235E+03	6.07343911E+03	3.20886589E+03	2.98975664E+03	2.44864421E+03	2.10274507E+03	2.01023382E+03	1.32610489E+03	1.22694133E+03	1.06531375E+03	1.55153337E+03	1.52540363E+03	9.09536885E+02	8.83460852E+02
1.65317234E+05	3.35995781E+04	3.26166561E+04	2.47218240E+04	9.54613295E+03	9.08600092E+03	7.18223227E+03	6.46151153E+03	6.11841669E+03	3.25319969E+03	3.03451461E+03	2.49197317E+03	2.14550281E+03	2.05016222E+03	1.36349213E+03	1.26566255E+03	1.09463407E+03	1.59427693E+03	1.56793116E+03	9.44372017E+02	9.18819532E+02
1.65367055E+05	3.36491037E+04	3.26667651E+04	2.47709521E+04	9.59402187E+03	9.13422957E+03	7.22997000E+03	6.51023610E+03	6.16647419E+03	3.29822609E+03	3.07999991E+03	2.53661406E+03	2.19102361E+03	2.09501719E+03	1.40171150E+03	1.30561468E+03	1.12840117E+03	1.63920848E+03	1.61302597E+03	9.82007383E+02	9.56402644E+02
1.65417511E+05	3.36995322E+04	3.27176317E+04	2.48212564E+04	9.64265014E+03	9.18315124E+03	7.27818203E+03	6.55972563E+03	6.21509285E+03	3.34400070E+03	3.12612696E+03	2.58152349E+03	2.23773251E+03	2.14037531E+03	1.44098509E+03	1.34639024E+03	1.16505183E+03	1.68544987E+03	1.65864291E+03	1.02117528E+03	9.96447920E+02
1.65468972E+05	3.37509481E+04	3.27692810E+04	2.48725982E+04	9.69203351E+03	9.23276821E+03	7.32694126E+03	6.60867883E+03	6.26416287E+03	3.39053121E+03	3.17290132E+03	2.62691073E+03	2.28273324E+03	2.18538803E+03	1.48127944E+03	1.38796162E+03	1.20327314E+03	1.73110916E+03	1.70382546E+03	1.05816774E+03	1.03483240E+03
1.65521252E+05	3.38033373E+04	3.28217039E+04	2.49250361E+04	9.74216205E+03	9.28306931E+03	7.37673387E+03	6.65873023E+03	6.31416257E+03	3.43783946E+03	3.22031090E+03	2.67345932E+03	2.32954407E+03	2.23124094E+03	1.52274640E+03	1.43022834E+03	1.24289560E+03	1.77613491E+03	1.75061468E+03	1.09739052E+03	1.07221171E+03
1.65574335E+05	3.38568108E+04	3.28749263E+04	2.49788888E+04	9.79308521E+03	9.33407164E+03	7.42786553E+03	6.71107314E+03	6.36627306E+03	3.48606164E+03	3.26847000E+03	2.72167534E+03	2.37994210E+03	2.28054140E+03	1.56596352E+03	1.47384724E+03	1.28528824E+03	1.82725552E+03	1.79957917E+03	1.14105868E+03
1.65629642E+05	3.39118451E+04	3.29295744E+04	2.50336249E+04	9.84542879E+03	9.38635921E+03	7.47896319E+03	6.76152821E+03	6.41776028E+03	3.53467098E+03	3.31627329E+03	2.76833115E+03	2.42346817E+03	2.32695354E+03	1.60625821E+03	1.50759061E+03	1.32372368E+03	1.87336617E+03	1.84639463E+03	1.18002409E+03
1.65685889E+05	3.39678591E+04	3.29853953E+04	2.50899575E+04	9.89858344E+03	9.43954323E+03	7.53238163E+03	6.81455352E+03	6.47174133E+03	3.58434851E+03	3.36525060E+03	2.81790446E+03	2.47184369E+03	2.37661436E+03	1.64888646E+03	1.54493005E+03	1.36423490E+03	1.92424159E+03	1.89647618E+03	1.22264674E+03
1.65743109E+05	3.40246972E+04	3.30424423E+04	2.51462056E+04	9.95244930E+03	9.49365121E+03	7.58426956E+03	6.86829797E+03	6.52458898E+03	3.63474665E+03	3.41543526E+03	2.86506176E+03	2.52095745E+03	2.42445893E+03	1.69255791E+03	1.58602355E+03	1.40268004E+03	1.97334496E+03	1.94501048E+03	1.26211057E+03
1.65801310E+05	3.40823341E+04	3.31007108E+04	2.52046100E+04	1.00070408E+04	9.54868207E+03	7.64042842E+03	6.92387908E+03	6.58084229E+03	3.68598782E+03	3.46683923E+03	2.91887754E+03	2.57232697E+03	2.47780191E+03	1.73788433E+03	1.63106803E+03	1.45041607E+03	2.02522228E+03	1.99821328E+03
1.65889282E+05	3.41727833E+04	3.31908617E+04	2.52945719E+04	1.00971240E+04	9.64035772E+03	7.72755891E+03	7.01184451E+03	6.66243957E+03	3.76275429E+03	3.54568014E+03	2.98991325E+03	2.64453596E+03	2.53872070E+03	1.79358348E+03	1.68660398E+03	1.50032530E+03	2.09890877E+03	2.07262605E+03
1.65978749E+05	3.42647937E+04	3.32825047E+04	2.53868872E+04	1.01887996E+04	9.73376707E+03	7.81611733E+03	7.10579141E+03	6.75071569E+03	3.84071335E+03	3.62613567E+03	3.06211703E+03	2.72282879E+03	2.60843114E+03	1.84996045E+03	1.74290071E+03	1.55220968E+03	2.17559479E+03	2.14966139E+03
1.66069679E+05	3.43583434E+04	3.33756087E+04	2.54806418E+04	1.02821528E+04	9.82868872E+03	7.90643655E+03	7.20238303E+03	6.84199714E+03	3.92002011E+03	3.70778835E+03	3.13573236E+03	2.80491516E+03	2.68157864E+03	1.90704814E+03	1.79987686E+03	1.60518726E+03	2.25829393E+03	2.23207353E+03
1.66160567E+05	3.44531349E+04	3.34701042E+04	2.55754204E+04	1.03772866E+04	9.92511556E+03	7.99887107E+03	7.30040936E+03	6.93519593E+03	4.00090859E+03	3.79067276E+03	3.21102691E+03	2.88485216E+03	2.75645680E+03	1.96489699E+03	1.85754605E+03	1.65795747E+03	2.34400691E+03	2.31857205E+03
1.66254439E+05	3.45497929E+04	3.35661382E+04	2.56718914E+04	1.04742549E+04	1.00231023E+04	8.09356108E+03	7.39609012E+03	7.03053487E+03	4.08319333E+03	3.87476331E+03	3.28803012E+03	2.96492529E+03	2.83307342E+03	2.02347720E+03	1.91590922E+03	1.71112669E+03	2.42550707E+03	2.40217907E+03
1.66351288E+05	3.46483270E+04	3.36637146E+04	2.57702613E+04	1.05730242E+04	1.01225922E+04	8.19098811E+03	7.49445618E+03	7.12883928E+03	4.16680223E+03	3.95990422E+03	3.36716028E+03	3.04792686E+03	2.91219986E+03	2.08277281E+03	1.97493944E+03	1.76537186E+03	2.50540183E+03	2.48403639E+03
1.66448070E+05	3.47480847E+04	3.37626529E+04	2.58706069E+04	1.06737805E+04	1.02235851E+04	8.29184241E+03	7.59593715E+03	7.23086706E+03	4.25222590E+03	4.04618030E+03	3.44912504E+03	3.13037512E+03	2.99465188E+03	2.14288433E+03	2.03462369E+03	1.82100764E+03	2.59150416E+03
1.66546169E+05	3.48492934E+04	3.38628887E+04	2.59728716E+04	1.07776210E+04	1.03266904E+04	8.39740447E+03	7.70480988E+03	7.33768962E+03	4.34119385E+03	4.13495875E+03	3.53538420E+03	3.21984429E+03	3.08190706E+03	2.20416351E+03	2.09515544E+03	1.87831582E+03	2.68993449E+03
1.66647165E+05	3.49533910E+04	3.39664120E+04	2.60761705E+04	1.08802386E+04	1.04274531E+04	8.49578438E+03	7.79681266E+03	7.43763281E+03	4.42573641E+03	4.21597896E+03	3.61334765E+03	3.28955714E+03	3.16014425E+03	2.26461464E+03	2.15506459E+03	1.93257366E+03	2.77328755E+03
1.66749707E+05	3.50590626E+04	3.40714623E+04	2.61826621E+04	1.09854064E+04	1.05305753E+04	8.60054146E+03	7.89627917E+03	7.54290224E+03	4.51288536E+03	4.29961166E+03	3.69655516E+03	3.35931646E+03	3.24293433E+03	2.32613900E+03	2.21587510E+03	1.99025173E+03	2.86244879E+03
1.66853756E+05	3.51662637E+04	3.41780000E+04	2.62897344E+04	1.10926904E+04	1.06361128E+04	8.70789182E+03	8.00042517E+03	7.65300149E+03	4.60205190E+03	4.38592273E+03	3.78158077E+03	3.43986830E+03	3.32963973E+03	2.38853548E+03	2.27760380E+03	2.04849877E+03	2.95746617E+03
1.66959347E+05	3.52750936E+04	3.42860973E+04	2.63983317E+04	1.12015858E+04	1.07441150E+04	8.81126259E+03	8.10763686E+03	7.75927809E+03	4.69245311E+03	4.47482125E+03	3.86311334E+03	3.52468220E+03	3.41231727E+03	2.45161466E+03	2.34025400E+03	2.10499879E+03	3.04744085E+03
1.67066557E+05	3.53855752E+04	3.43957646E+04	2.65091427E+04	1.13119376E+04	1.08546585E+04	8.91916116E+03	8.21801694E+03	7.86347092E+03	4.78390067E+03	4.56635335E+03	3.94837859E+03	3.61227524E+03	3.49270489E+03	2.51531707E+03	2.40381695E+03	2.16308302E+03	3.13452199E+03
1.67175344E+05	3.54976905E+04	3.45069881E+04	2.66226349E+04	1.14242440E+04	1.09677857E+04	9.03790644E+03	8.33381341E+03	7.98711688E+03	4.87715407E+03	4.66052136E+03	4.04349582E+03	3.70518630E+03	3.59418795E+03	2.57980821E+03	2.46827578E+03	2.22595092E+03
1.67248736E+05	3.55675745E+04	3.45783229E+04	2.66904258E+04	1.14888313E+04	1.10334929E+04	9.10046852E+03	8.39825642E+03	8.05190455E+03	4.93507951E+03	4.71985419E+03	4.09830128E+03	3.76188233E+03	3.65176228E+03	2.62134905E+03	2.51569956E+03	2.27291722E+03
1.67323402E+05	3.56383526E+04	3.46503676E+04	2.67609392E+04	1.15543897E+04	1.10999764E+04	9.16543449E+03	8.46535870E+03	8.11759058E+03	4.99421619E+03	4.78013019E+03	4.15641467E+03	3.82209248E+03	3.71025070E+03	2.66652778E+03	2.56560387E+03	2.32464677E+03
1.67399436E+05	3.57100212E+04	3.47231492E+04	2.68321274E+04	1.16209325E+04	1.11671268E+04	9.23092155E+03	8.53037010E+03	8.18350650E+03	5.05459466E+03	4.84109683E+03	4.21508094E+03	3.87914888E+03	3.76881512E+03	2.71556407E+03	2.61665460E+03	2.37224865E+03
1.67476794E+05	3.57826100E+04	3.47966459E+04	2.69051715E+04	1.16885008E+04	1.12350599E+04	9.29844678E+03	8.60032839E+03	8.25177213E+03	5.11628411E+03	4.90300480E+03	4.27637763E+03	3.94422510E+03	3.83061683E+03	2.76874700E+03	2.66981512E+03
1.67564763E+05	3.58625162E+04	3.48742427E+04	2.69844868E+04	1.17616142E+04	1.13056936E+04	9.37080458E+03	8.67309714E+03	8.32504654E+03	5.18121209E+03	4.96413983E+03	4.34014869E+03	4.00763521E+03	3.89499914E+03	2.81312727E+03	2.72638284E+03
1.67656138E+05	3.59433825E+04	3.49573588E+04	2.70646677E+04	1.18359762E+04	1.13810952E+04	9.44433030E+03	8.74791322E+03	8.39919811E+03	5.24845966E+03	5.03184046E+03	4.40592155E+03	4.07411854E+03	3.96093145E+03	2.86993498E+03
1.67739019E+05	3.60202081E+04	3.50378597E+04	2.71430861E+04	1.19069124E+04	1.14547618E+04	9.51653369E+03	8.82171568E+03	8.47248919E+03	5.31036290E+03	5.09730224E+03	4.46926787E+03	4.13911804E+03	4.02531738E+03	2.92710293E+03
1.67827771E+05	3.61009834E+04	3.51190507E+04	2.72232077E+04	1.19818282E+04	1.15300636E+04	9.59058414E+03	8.89667303E+03	8.54720227E+03	5.37824111E+03	5.16542279E+03	4.53560593E+03	4.20606347E+03	4.09185695E+03
1.67949602E+05	3.62198865E+04	3.52413522E+04	2.73379379E+04	1.20904523E+04	1.16407466E+04	9.69570849E+03	9.00374545E+03	8.64495444E+03	5.46217735E+03	5.25431517E+03	4.60406008E+03	4.28885367E+03	4.17563578E+03
1.68072899E+05	3.63406590E+04	3.53649642E+04	2.74568814E+04	1.22002671E+04	1.17525190E+04	9.80366499E+03	9.11707094E+03	8.75525328E+03	5.54816038E+03	5.34553685E+03	4.68207389E+03	4.37784775E+03	4.26403132E+03
1.68197651E+05	3.64634387E+04	3.54898149E+04	2.75788244E+04	1.23113337E+04	1.18652914E+04	9.91214113E+03	9.23287579E+03	8.86645136E+03	5.63654783E+03	5.43823852E+03	4.76565525E+03	4.47033325E+03	4.35803973E+03
1.68323870E+05	3.65882554E+04	3.56159151E+04	2.77031030E+04	1.24236623E+04	1.19790713E+04	1.00210471E+04	9.34440126E+03	8.97755812E+03	5.72733875E+03	5.53240281E+03	4.85216318E+03	4.55678810E+03	4.44760740E+03
1.68451591E+05	3.67151688E+04	3.57432818E+04	2.78299910E+04	1.25372664E+04	1.20938562E+04	1.01323619E+04	9.45921800E+03	9.09004100E+03	5.82066876E+03	5.62795726E+03	4.94140496E+03	4.64792245E+03	4.53439039E+03
1.68580776E+05	3.68443707E+04	3.58719858E+04	2.79608657E+04	1.26522409E+04	1.22097201E+04	1.02475096E+04	9.58182469E+03	9.21076553E+03	5.91705567E+03	5.72586684E+03	5.03602103E+03	4.74932540E+03
1.68715523E+05	3.69766789E+04	3.60028163E+04	2.80914851E+04	1.27693069E+04	1.23266825E+04	1.03587108E+04	9.68595524E+03	9.32438130E+03	6.00623066E+03	5.80251725E+03	5.12199184E+03	4.84006463E+03
1.68852285E+05	3.71108487E+04	3.61366478E+04	2.82271159E+04	1.28878249E+04	1.24456946E+04	1.04767480E+04	9.80446017E+03	9.44550793E+03	6.10020221E+03	5.88725044E+03	5.21241044E+03	4.93922718E+03
1.68991092E+05	3.72464251E+04	3.62735445E+04	2.83601938E+04	1.30074582E+04	1.25667948E+04	1.05887514E+04	9.92405466E+03	9.56241833E+03	6.19650114E+03	5.98020856E+03	5.29812045E+03	5.03101549E+03
1.69131963E+05	3.73834730E+04	3.64135592E+04	2.85002854E+04	1.31283518E+04	1.26899891E+04	1.07148633E+04	1.00494526E+04	9.69009914E+03	6.29662519E+03	6.08157050E+03	5.40290428E+03
1.69272932E+05	3.75132623E+04	3.65478304E+04	2.86238480E+04	1.32404345E+04	1.28059945E+04	1.08193953E+04	1.01621870E+04	9.80376757E+03	6.37370976E+03	6.17138407E+03	5.49088002E+03
1.69416645E+05	3.76447842E+04	3.66832562E+04	2.87545598E+04	1.33547595E+04	1.29235747E+04	1.09321878E+04	1.02809282E+04	9.91827432E+03	6.45783418E+03	6.26539748E+03	5.58733128E+03
1.69563277E+05	3.77780369E+04	3.68199211E+04	2.88863701E+04	1.34713669E+04	1.30423413E+04	1.10456926E+04	1.03942449E+04	1.00334722E+04	6.54930565E+03	6.36160768E+03	5.67630920E+03
1.69712746E+05	3.79130722E+04	3.69577508E+04	2.90225824E+04	1.35903418E+04	1.31626782E+04	1.11642579E+04	1.05201166E+04	1.01545576E+04	6.64846848E+03	6.46173352E+03
1.69887756E+05	3.80638718E+04	3.71019722E+04	2.91716158E+04	1.37185461E+04	1.32819435E+04	1.12900417E+04	1.06475638E+04	1.02838276E+04	6.73252073E+03	6.56975673E+03
1.70071419E+05	3.82164706E+04	3.72613762E+04	2.93221894E+04	1.38501070E+04	1.34168177E+04	1.14189253E+04	1.07809368E+04	1.04150532E+04	6.83908788E+03
1.70228423E+05	3.83550063E+04	3.74107740E+04	2.94652910E+04	1.39675350E+04	1.35438820E+04	1.15409565E+04	1.09088239E+04	1.05412577E+04	6.94514420E+03
1.70400898E+05	3.85040527E+04	3.75613399E+04	2.96124098E+04	1.40977610E+04	1.36755117E+04	1.16684633E+04	1.10395823E+04	1.06711671E+04
1.70659042E+05	3.87501627E+04	3.78193056E+04	2.98425027E+04	1.42843942E+04	1.38777470E+04	1.18277562E+04	1.12340239E+04	1.08658118E+04
1.70920421E+05	3.90009475E+04	3.80800229E+04	3.00859303E+04	1.44755595E+04	1.40842032E+04	1.20036851E+04	1.14449014E+04	1.10726321E+04
1.71184989E+05	3.92567936E+04	3.83432555E+04	3.03380899E+04	1.46717975E+04	1.42934909E+04	1.21892703E+04	1.16634029E+04	1.12939853E+04
1.71452876E+05	3.95178273E+04	3.86090394E+04	3.05965825E+04	1.48731253E+04	1.45055911E+04	1.23804568E+04	1.18675361E+04	1.15037264E+04
1.71724099E+05	3.97841998E+04	3.88774052E+04	3.08623764E+04	1.50796749E+04	1.47204409E+04	1.25776178E+04	1.20810293E+04	1.17054866E+04
1.71998594E+05	4.00564137E+04	3.91485915E+04	3.11403062E+04	1.52921382E+04	1.49394625E+04	1.27860648E+04	1.23177628E+04
1.72288036E+05	4.03357813E+04	3.94232027E+04	3.14125218E+04	1.54928125E+04	1.51207917E+04	1.29777142E+04	1.25336568E+04
1.72582563E+05	4.06193525E+04	3.97061782E+04	3.17011818E+04	1.57020740E+04	1.53188916E+04	1.31810107E+04	1.27717893E+04
1.72882267E+05	4.09059184E+04	3.99977303E+04	3.19782939E+04	1.59158012E+04	1.55338875E+04	1.33722903E+04	1.29908067E+04
1.73187228E+05	4.11957756E+04	4.02980642E+04	3.22789991E+04	1.61366064E+04	1.57659545E+04	1.36001311E+04
1.73483417E+05	4.14512330E+04	4.05703809E+04	3.25107842E+04	1.62993816E+04	1.59620396E+04	1.37876815E+04
1.73786762E+05	4.17112836E+04	4.08448277E+04	3.27686126E+04	1.64773999E+04	1.61656933E+04	1.39928301E+04
1.74097787E+05	4.19759601E+04	4.11216820E+04	3.30285984E+04	1.66711815E+04	1.63740776E+04	1.41824488E+04
1.74416148E+05	4.22453566E+04	4.14007119E+04	3.33016816E+04	1.68811806E+04	1.65902799E+04
1.74808271E+05	4.25523867E+04	4.16812204E+04	3.36028228E+04	1.70671661E+04	1.68326618E+04
1.75227570E+05	4.28635009E+04	4.20174777E+04	3.39071541E+04	1.72958239E+04
1.75552795E+05	4.31209537E+04	4.23150238E+04	3.41825139E+04	1.75192023E+04
1.75926868E+05	4.34157134E+04	4.26158934E+04	3.44708243E+04
1.76612248E+05	4.38477149E+04	4.31810113E+04	3.49740618E+04
1.77320237E+05	4.43193696E+04	4.37558798E+04	3.55339156E+04
1.78052758E+05	4.48319760E+04	4.43394806E+04	3.60440684E+04
1.78808949E+05	4.53862834E+04	4.49329458E+04
1.79837983E+05	4.59410934E+04	4.57040383E+04
1.80987376E+05	4.65607932E+04
1.81715992E+05	4.71527920E+04
1.82648074E+05
1.85645423E+05
