2.15098678E+03	1.97153490E+02	1.38351363E+02	1.37127427E+02	1.41084816E+01	1.00538922E+01	1.00163017E+01
2.16382877E+03	2.09486090E+02	1.50406859E+02	1.48953101E+02	2.47073175E+01	1.91503195E+01
2.17892983E+03	2.23762776E+02	1.64922068E+02	1.62585246E+02	3.66102479E+01	2.94148278E+01
2.19637690E+03	2.40025949E+02	1.81026996E+02	1.80156397E+02	4.98107009E+01
2.21557806E+03	2.57154051E+02	1.99137226E+02	1.98258030E+02	6.46430779E+01
2.23736038E+03	2.77207510E+02	2.19329307E+02	2.18444121E+02
2.29525991E+03	3.12909367E+02	2.62391958E+02	2.61694134E+02
2.35748114E+03	3.50652191E+02	3.07790426E+02	3.07790426E+02
2.42398120E+03	3.90389000E+02	3.73423438E+02	3.72756549E+02
2.49978970E+03	4.43241060E+02	4.24808751E+02
2.58004718E+03	4.98124338E+02	4.79773421E+02
2.66514272E+03	5.55591743E+02
2.73468897E+03	6.11387194E+02
2.81545338E+03
3.06986925E+03
