4.04596293E+03	4.49610996E+02	3.60093585E+02	3.56529447E+02	5.84952672E+01	3.37628223E+01	3.33820920E+01	0	0	5.15780363E+00
4.05373502E+03	4.57206570E+02	3.67822367E+02	3.64256761E+02	6.55813731E+01	4.10749057E+01	4.06887631E+01	0	0	1.14398776E+01
4.06312816E+03	4.66440168E+02	3.77071345E+02	3.73504803E+02	7.44697611E+01	4.98958375E+01	4.95043929E+01
4.08539362E+03	4.87509680E+02	3.97130302E+02	3.92830993E+02	8.84439164E+01	6.58523805E+01	6.55552019E+01
4.10973131E+03	5.10268181E+02	4.19361632E+02	4.15249365E+02	1.03227318E+02	8.26692187E+01	8.26692187E+01
4.13610817E+03	5.34637740E+02	4.44764439E+02	4.40878265E+02	1.18764693E+02	1.07423899E+02	1.07113612E+02
4.16530684E+03	5.61308196E+02	4.71385226E+02	4.67072626E+02	1.40327410E+02	1.26373302E+02
4.19641155E+03	5.89386290E+02	5.00202647E+02	4.94407229E+02	1.62720563E+02	1.46681838E+02
4.22964211E+03	6.19159269E+02	5.30236727E+02	5.26591589E+02	1.86215398E+02
4.26233450E+03	6.47496317E+02	5.60492066E+02	5.56816321E+02	2.10759625E+02
4.29827964E+03	6.79671870E+02	5.93100593E+02	5.89406244E+02
4.38765059E+03	7.33798916E+02	6.59026574E+02	6.56028611E+02
4.48145043E+03	7.90113803E+02	7.26179969E+02	7.26179969E+02
4.57964756E+03	8.48262280E+02	8.30995943E+02	8.19322420E+02
4.68924673E+03	9.24058246E+02	8.95167827E+02
4.80282988E+03	1.00077344E+03	9.74638847E+02
4.92153294E+03	1.08069790E+03
5.01712388E+03	1.15735173E+03
5.12722796E+03
5.46991534E+03
