7.12157337E+03	8.59313159E+02	7.32844682E+02	7.18533318E+02	1.04406243E+02	6.17253654E+01	6.08362182E+01	8.34486521E+00	1.71929820E+01	6.27463383E+00
7.13112851E+03	8.68596604E+02	7.42437088E+02	7.27955848E+02	1.13326815E+02	7.08632501E+01	7.00450381E+01	1.74617319E+01	2.47338559E+01	1.57633014E+01
7.14239949E+03	8.79563967E+02	7.53332730E+02	7.38941396E+02	1.24219740E+02	8.18123857E+01	8.09117119E+01	2.82497580E+01	3.73708398E+01
7.16415468E+03	9.01315408E+02	7.77006369E+02	7.61467132E+02	1.42807836E+02	1.01569489E+02	1.00416477E+02	5.36399734E+01	5.34713920E+01
7.18898361E+03	9.27340099E+02	8.01686507E+02	7.86477230E+02	1.66045176E+02	1.21096003E+02	1.20860978E+02	7.40544470E+01	7.39687160E+01
7.21674207E+03	9.56418088E+02	8.29831754E+02	8.15858323E+02	1.91265675E+02	1.45598063E+02	1.46253416E+02	9.80177705E+01	9.78883233E+01
7.24725164E+03	9.88361977E+02	8.61132627E+02	8.47010549E+02	2.18256541E+02	1.75509627E+02	1.71479131E+02	1.23844819E+02
7.28044555E+03	1.02303546E+03	8.95152021E+02	8.80665595E+02	2.46856418E+02	2.02872203E+02	1.99377041E+02	1.49782748E+02
7.31626983E+03	1.06033137E+03	9.32298717E+02	9.20089755E+02	2.76958450E+02	2.34128675E+02	2.32164656E+02
7.35667570E+03	1.09716327E+03	9.68922894E+02	9.54358407E+02	3.00564813E+02	2.61525039E+02	2.59959311E+02
7.39907373E+03	1.13548200E+03	1.00758384E+03	9.92582915E+02	3.24985773E+02	2.89080761E+02	2.89080761E+02
7.44350490E+03	1.17523765E+03	1.04596475E+03	1.03431135E+03	3.49976161E+02	3.32781360E+02	3.27503728E+02
7.49130160E+03	1.21769258E+03	1.08815800E+03	1.07709287E+03	3.83707759E+02	3.58507322E+02
7.54075221E+03	1.26107291E+03	1.13450954E+03	1.11993067E+03	4.17557880E+02	3.90763675E+02
7.59242227E+03	1.30631916E+03	1.18067409E+03	1.16814859E+03	4.52838709E+02
7.64100220E+03	1.34771064E+03	1.22516279E+03	1.21255033E+03	4.88691009E+02
7.69384826E+03	1.39417819E+03	1.27245578E+03	1.25979436E+03
7.82075213E+03	1.47042465E+03	1.36591039E+03	1.35490315E+03
7.95272420E+03	1.54969818E+03	1.47444510E+03	1.45661216E+03
8.08939138E+03	1.63032687E+03	1.58249779E+03	1.57378550E+03
8.24028519E+03	1.73470542E+03	1.68946710E+03
8.39353258E+03	1.83616191E+03	1.80019665E+03
8.55299562E+03	1.94333585E+03
8.68025272E+03	2.04535367E+03
8.82627829E+03
9.27778239E+03
