8.33542271E+03	1.01730594E+03	8.75935084E+02	8.58469824E+02	1.19434077E+02	7.31310573E+01	7.05424757E+01	4.66997173E+00	4.52831387E+00	6.63098647E+00
8.34540003E+03	1.02705713E+03	8.85667490E+02	8.68234258E+02	1.29302173E+02	8.28692853E+01	8.04180876E+01	1.45473851E+01	1.43492334E+01
8.36467283E+03	1.04632744E+03	9.05203995E+02	8.86872270E+02	1.46575818E+02	9.69905565E+01	9.57562759E+01	3.21848578E+01	3.20232495E+01
8.38755965E+03	1.06923592E+03	9.29091036E+02	9.09565460E+02	1.66468402E+02	1.16577969E+02	1.15043676E+02	5.25683592E+01	5.62682607E+01
8.41364088E+03	1.09527668E+03	9.55970488E+02	9.35962185E+02	1.88456334E+02	1.38829439E+02	1.37482475E+02	7.38041747E+01	8.01090330E+01
8.44266167E+03	1.12413939E+03	9.86743039E+02	9.65897678E+02	2.12241555E+02	1.64107083E+02	1.62388197E+02	1.06722035E+02	1.06416794E+02
8.47434235E+03	1.15715213E+03	1.01791217E+03	9.97780053E+02	2.40635997E+02	1.88076127E+02	1.87762522E+02	1.32231480E+02	1.32077745E+02
8.50874422E+03	1.19292139E+03	1.05327536E+03	1.03393867E+03	2.70680278E+02	2.17584141E+02	2.18165555E+02	1.61171784E+02
8.54575123E+03	1.23136536E+03	1.09100769E+03	1.07148072E+03	3.02295989E+02	2.52886376E+02	2.47864964E+02	1.92236743E+02
8.58536379E+03	1.27238828E+03	1.13117922E+03	1.11133196E+03	3.35372137E+02	2.84575092E+02	2.80218210E+02	2.22876827E+02
8.62755553E+03	1.31592074E+03	1.17463710E+03	1.15747782E+03	3.69852470E+02	3.20903039E+02	3.17944002E+02
8.67385597E+03	1.35780169E+03	1.21709762E+03	1.19656935E+03	3.96566911E+02	3.51996429E+02	3.49580273E+02
8.72218596E+03	1.40116542E+03	1.26104186E+03	1.23997184E+03	4.24179664E+02	3.82847051E+02	3.82847051E+02
8.77257581E+03	1.44593947E+03	1.30963582E+03	1.28688570E+03	4.52273870E+02	4.32106650E+02	4.25686248E+02
8.82656418E+03	1.49360930E+03	1.34958225E+03	1.33508155E+03	4.90088366E+02	4.60775251E+02
8.88207807E+03	1.54198025E+03	1.40268527E+03	1.38321239E+03	5.27567179E+02	4.97126655E+02
8.93989262E+03	1.59235556E+03	1.45421679E+03	1.43661423E+03	5.66753510E+02
8.99377715E+03	1.63808883E+03	1.50345433E+03	1.48573655E+03	6.06367307E+02
9.05229532E+03	1.68932678E+03	1.55565162E+03	1.53786981E+03
9.19171676E+03	1.77298211E+03	1.65835070E+03	1.64254471E+03
9.33654604E+03	1.86017047E+03	1.77539021E+03	1.75543959E+03
9.48631529E+03	1.94873930E+03	1.89303262E+03	1.88002774E+03
9.65104751E+03	2.06273132E+03	2.01102370E+03
9.81751343E+03	2.17191113E+03	2.13251929E+03
9.99070500E+03	2.28826640E+03
1.01286462E+04	2.39884307E+03
1.02868625E+04
1.07755027E+04
