8.98298653E+03	1.10530364E+03	9.57600296E+02	9.37547842E+02	1.30296902E+02	8.40133171E+01	8.13590849E+01	6.40508800E+00	6.09538370E+00	6.66033025E+00
8.99326599E+03	1.11535796E+03	9.67673604E+02	9.47620552E+02	1.40491234E+02	9.42424502E+01	9.15902954E+01	1.65648965E+01	1.62581339E+01
9.01311904E+03	1.13522035E+03	9.86899039E+02	9.66424748E+02	1.58416924E+02	1.08587083E+02	1.05672170E+02	3.34359339E+01	3.31796883E+01
9.03657438E+03	1.15870643E+03	1.01073485E+03	9.89200894E+02	1.78952427E+02	1.28752153E+02	1.24066974E+02	5.45726826E+01	5.43595383E+01
9.06321553E+03	1.18533076E+03	1.03847385E+03	1.01561745E+03	2.01600520E+02	1.47937283E+02	1.46074906E+02	7.79850421E+01	8.21347378E+01
9.09281237E+03	1.21479856E+03	1.06810587E+03	1.04552731E+03	2.26062502E+02	1.73409345E+02	1.71051030E+02	1.01880133E+02	1.08854979E+02
9.12522363E+03	1.24691385E+03	1.10321108E+03	1.07887155E+03	2.52159227E+02	2.00452134E+02	1.98385777E+02	1.38259687E+02	1.37862150E+02
9.16019306E+03	1.28323825E+03	1.13817854E+03	1.11404085E+03	2.82949934E+02	2.26463770E+02	2.26108115E+02	1.66196516E+02	1.65997543E+02
9.19782791E+03	1.32222914E+03	1.17598946E+03	1.15345822E+03	3.15291512E+02	2.60477700E+02	2.58380610E+02	1.97585295E+02
9.23802802E+03	1.36383826E+03	1.21685793E+03	1.19411027E+03	3.49147211E+02	2.96325779E+02	2.90767899E+02	2.31152907E+02
9.28081177E+03	1.40797270E+03	1.26002447E+03	1.23699741E+03	3.84412566E+02	3.34210744E+02	3.25291494E+02	2.64112740E+02
9.32615877E+03	1.45457553E+03	1.30659778E+03	1.28645554E+03	4.21050295E+02	3.69027608E+02	3.65451442E+02
9.37539773E+03	1.49896548E+03	1.35208711E+03	1.32794706E+03	4.49311985E+02	4.01961955E+02	3.99005893E+02
9.42668745E+03	1.54484216E+03	1.39855592E+03	1.37393667E+03	4.78530835E+02	4.34391696E+02	4.34391696E+02
9.48005917E+03	1.59211984E+03	1.44896726E+03	1.42342151E+03	5.08183827E+02	4.86528576E+02	4.79426212E+02
9.53714599E+03	1.64239469E+03	1.49074957E+03	1.47432579E+03	5.48051901E+02	5.16604721E+02
9.59569232E+03	1.69325104E+03	1.54753160E+03	1.52510975E+03	5.87303499E+02	5.55025453E+02
9.65658410E+03	1.74619235E+03	1.60175096E+03	1.58109173E+03	6.28443360E+02
9.71312627E+03	1.79409921E+03	1.65336774E+03	1.63257693E+03	6.69940100E+02
9.77449275E+03	1.84772780E+03	1.70802375E+03	1.68716033E+03
9.92017910E+03	1.93509690E+03	1.81536180E+03	1.79662479E+03
1.00714628E+04	2.02629426E+03	1.93661477E+03	1.91516671E+03
1.02278723E+04	2.11900369E+03	2.05906300E+03	2.04337405E+03
1.03994896E+04	2.23774278E+03	2.18262068E+03
1.05725964E+04	2.35068424E+03	2.30954637E+03
1.07526833E+04	2.47165200E+03
1.08959945E+04	2.58653078E+03
1.10603529E+04
1.15677456E+04
