1.18709572E+04	1.54301107E+03	1.36653390E+03	1.33058149E+03	2.15419654E+02	1.55754840E+02	1.50207434E+02	4.79781228E+01	4.72522373E+01	1.46813016E+01	9.72902232E+00	9.52317148E+00
1.18822089E+04	1.55409761E+03	1.37768170E+03	1.34172063E+03	2.26445725E+02	1.66615371E+02	1.61019194E+02	5.84129619E+01	5.78912063E+01	2.47258010E+01	1.81094213E+01
1.18951376E+04	1.56673546E+03	1.39018743E+03	1.35426656E+03	2.38940460E+02	1.78858509E+02	1.73070904E+02	7.11414663E+01	7.01430010E+01	3.58265769E+01	2.77822597E+01
1.19097450E+04	1.58097003E+03	1.40448147E+03	1.36863203E+03	2.52982295E+02	1.92829858E+02	1.87652404E+02	8.52730655E+01	8.45431367E+01	4.81092005E+01
1.19266454E+04	1.59725665E+03	1.42109348E+03	1.38523300E+03	2.68401702E+02	2.08826721E+02	2.03629618E+02	1.01259531E+02	1.00519813E+02	6.20602666E+01
1.19451314E+04	1.61513114E+03	1.43903089E+03	1.40316808E+03	2.85910821E+02	2.26323006E+02	2.21109253E+02	1.18638392E+02	1.17893972E+02
1.19798532E+04	1.64970208E+03	1.47298967E+03	1.43609550E+03	3.14745417E+02	2.50188385E+02	2.44787454E+02	1.46911312E+02	1.46262113E+02
1.20173065E+04	1.68684052E+03	1.51097556E+03	1.47228330E+03	3.45152318E+02	2.84593876E+02	2.72534198E+02	1.79305823E+02	1.78752721E+02
1.20574330E+04	1.72645754E+03	1.55222805E+03	1.51177823E+03	3.77055047E+02	3.07422248E+02	3.03782680E+02	2.13207064E+02	2.18788921E+02
1.21002216E+04	1.76847039E+03	1.59544424E+03	1.55462083E+03	4.10362862E+02	3.42930581E+02	3.37910325E+02	2.46908279E+02	2.56301031E+02
1.21456366E+04	1.81281593E+03	1.64193482E+03	1.60085651E+03	4.45039284E+02	3.78228264E+02	3.74331697E+02	2.96345244E+02	2.95358586E+02
1.21933390E+04	1.86183084E+03	1.68996569E+03	1.64885250E+03	4.84926299E+02	4.20555313E+02	4.11301436E+02	3.33731554E+02	3.33253323E+02
1.22436409E+04	1.91327664E+03	1.74032643E+03	1.70080256E+03	5.26086239E+02	4.60986417E+02	4.53095159E+02	3.74461262E+02
1.22964140E+04	1.96722718E+03	1.79341552E+03	1.75354200E+03	5.68661850E+02	5.04041010E+02	4.93480705E+02	4.17900877E+02
1.23517491E+04	2.02354949E+03	1.84812998E+03	1.80831297E+03	6.12504017E+02	5.49145155E+02	5.36431036E+02	4.60047437E+02
1.24096259E+04	2.08224190E+03	1.90701195E+03	1.87082440E+03	6.57657814E+02	5.93227589E+02	5.86191501E+02
1.24705805E+04	2.13660946E+03	1.96350093E+03	1.92186727E+03	6.92088065E+02	6.33505420E+02	6.27410871E+02
1.25337221E+04	2.19251584E+03	2.02212296E+03	1.97822247E+03	7.27836108E+02	6.79657268E+02	6.71560935E+02
1.25990578E+04	2.24982682E+03	2.07993413E+03	2.03788101E+03	7.63902337E+02	7.25656831E+02	7.20701387E+02
1.26685408E+04	2.31047875E+03	2.14173960E+03	2.09963241E+03	8.12000128E+02	7.71480030E+02
1.27392780E+04	2.37126530E+03	2.19941951E+03	2.16105941E+03	8.58035389E+02	8.18298832E+02
1.28125315E+04	2.43450154E+03	2.26444149E+03	2.22736245E+03	9.07009309E+02
1.28797640E+04	2.49113324E+03	2.32562831E+03	2.28833632E+03	9.56065317E+02
1.29526143E+04	2.55437288E+03	2.39016717E+03	2.35276007E+03
1.31234155E+04	2.65667001E+03	2.51619083E+03	2.48140835E+03
1.33006672E+04	2.76420849E+03	2.65458883E+03	2.62242756E+03
1.34842544E+04	2.87487432E+03	2.79636732E+03	2.76551433E+03
1.36830531E+04	3.01190009E+03	2.94210035E+03
1.38831644E+04	3.13935995E+03	3.09100316E+03
1.40910671E+04	3.27893874E+03
1.42560640E+04	3.41119251E+03
1.44453331E+04
1.50290810E+04
