1.89851555E+04	2.70659110E+03	2.46859666E+03	2.37405515E+03	4.75517868E+02	3.85763648E+02	3.69491870E+02	2.10508716E+02	2.07738597E+02	6.57988659E+01	3.80708269E+01	3.48784156E+01	6.22734792E+00	6.10583795E+00	6.39965422E+00
1.89927077E+04	2.71404791E+03	2.47605298E+03	2.38151574E+03	4.82971885E+02	3.93202832E+02	3.76940997E+02	2.17900260E+02	2.15183439E+02	7.31952333E+01	4.52767410E+01	4.22389185E+01	1.31633414E+01	1.30771213E+01
1.90054843E+04	2.72705871E+03	2.48900441E+03	2.39454315E+03	4.95793865E+02	4.05996273E+02	3.89853026E+02	2.30863953E+02	2.28037074E+02	8.56510574E+01	5.74608391E+01	5.43982184E+01	2.39842304E+01
1.90203789E+04	2.74227585E+03	2.50408134E+03	2.40956937E+03	5.10708538E+02	4.20838796E+02	4.04492876E+02	2.45560819E+02	2.42850613E+02	9.98929646E+01	7.14669778E+01	6.77815274E+01	3.64693292E+01
1.90371109E+04	2.75938870E+03	2.52102908E+03	2.42640793E+03	5.27367514E+02	4.37415433E+02	4.20688676E+02	2.62265863E+02	2.58736098E+02	1.15524272E+02	8.72466194E+01	8.26331048E+01	4.92843316E+01
1.90555244E+04	2.77820931E+03	2.53983681E+03	2.44559089E+03	5.45566701E+02	4.55616323E+02	4.39710093E+02	2.80982285E+02	2.78157444E+02	1.32333894E+02	1.03081950E+02	1.00625645E+02
1.90788780E+04	2.80093653E+03	2.56278968E+03	2.46777006E+03	5.67139217E+02	4.77495824E+02	4.60083085E+02	3.02101063E+02	2.99453353E+02	1.47127639E+02	1.19840594E+02	1.17736924E+02
1.91035311E+04	2.82479731E+03	2.58695678E+03	2.49164939E+03	5.89702741E+02	5.00510460E+02	4.82171679E+02	3.25238140E+02	3.22122637E+02	1.62597240E+02	1.39813994E+02	1.36192728E+02
1.91295505E+04	2.84981160E+03	2.61184505E+03	2.51692172E+03	6.13211123E+02	5.23867866E+02	5.06481555E+02	3.48920346E+02	3.46114239E+02	1.78357131E+02	1.59685905E+02	1.57966680E+02
1.91569670E+04	2.87606099E+03	2.63859394E+03	2.54338178E+03	6.38360193E+02	5.49446008E+02	5.31310334E+02	3.74194765E+02	3.70870571E+02	2.00023766E+02	1.79333682E+02
1.91856337E+04	2.90325020E+03	2.66508324E+03	2.57064723E+03	6.63952460E+02	5.73339809E+02	5.56422339E+02	3.99522272E+02	3.96420744E+02	2.21219819E+02	1.99748049E+02
1.92156222E+04	2.93176498E+03	2.69389327E+03	2.59949781E+03	6.90884407E+02	6.00218906E+02	5.84079984E+02	4.26790022E+02	4.23899055E+02	2.43836662E+02
1.92463146E+04	2.96073583E+03	2.72370408E+03	2.62925552E+03	7.17181798E+02	6.27740822E+02	6.11528663E+02	4.54706723E+02	4.51787601E+02	2.67534200E+02
1.92789533E+04	2.99169412E+03	2.75485085E+03	2.66038247E+03	7.46349501E+02	6.56938533E+02	6.40657709E+02	4.83948791E+02	4.81014204E+02
1.93392044E+04	3.05037414E+03	2.81459047E+03	2.71634016E+03	7.92153143E+02	7.00524933E+02	6.79649880E+02	5.30935297E+02	5.28319524E+02
1.94019725E+04	3.11128366E+03	2.87817095E+03	2.77596848E+03	8.39281458E+02	7.45669409E+02	7.23507159E+02	5.83099140E+02	5.80773281E+02
1.94672517E+04	3.17444359E+03	2.94354769E+03	2.83928292E+03	8.87775701E+02	7.90833339E+02	7.71439013E+02	6.35453753E+02	6.43542826E+02
1.95351774E+04	3.23971146E+03	3.01002775E+03	2.90621505E+03	9.37402248E+02	8.45268693E+02	8.22482890E+02	6.87934726E+02	7.00161745E+02
1.96057673E+04	3.30712969E+03	3.07913290E+03	2.97690226E+03	9.88226524E+02	8.93839919E+02	8.76062773E+02	7.61927219E+02	7.59912101E+02
1.96780004E+04	3.38067946E+03	3.15309950E+03	3.05073413E+03	1.04585214E+03	9.51330974E+02	9.32212576E+02	8.15388856E+02
1.97532214E+04	3.45587452E+03	3.22722079E+03	3.12586557E+03	1.10371005E+03	1.00738281E+03	9.90429929E+02	8.76148439E+02
1.98308091E+04	3.53380269E+03	3.30275245E+03	3.20220878E+03	1.16327684E+03	1.06909063E+03	1.04741835E+03	9.39414717E+02
1.99110505E+04	3.61387266E+03	3.38079934E+03	3.28008817E+03	1.22388821E+03	1.13357202E+03	1.10644522E+03	9.99863779E+02
1.99938636E+04	3.69633295E+03	3.46401124E+03	3.36824265E+03	1.28591788E+03	1.19592569E+03	1.17512296E+03
2.00782596E+04	3.77060468E+03	3.54129486E+03	3.43830227E+03	1.33269910E+03	1.25093366E+03	1.23164542E+03
2.01652500E+04	3.84662401E+03	3.62103591E+03	3.51548832E+03	1.38205567E+03	1.31082806E+03	1.29356440E+03
2.02549750E+04	3.92440087E+03	3.70176982E+03	3.59539010E+03	1.43309335E+03	1.37222931E+03	1.35486799E+03
2.03490087E+04	4.00541328E+03	3.78733591E+03	3.67876266E+03	1.49667695E+03	1.43562039E+03
2.04449172E+04	4.08638385E+03	3.85982677E+03	3.76165043E+03	1.55491033E+03	1.49961140E+03
2.05432890E+04	4.17049506E+03	3.94683571E+03	3.84895754E+03	1.61974309E+03
2.06322869E+04	4.24481668E+03	4.02751789E+03	3.92916855E+03	1.68412708E+03
2.07286887E+04	4.32761386E+03	4.11216118E+03	4.01356283E+03
2.09501181E+04	4.46020603E+03	4.27632776E+03	4.18067937E+03
2.11798841E+04	4.60144874E+03	4.45172868E+03	4.36516905E+03
2.14189110E+04	4.75178279E+03	4.63295308E+03	4.54213516E+03
2.16717417E+04	4.92402949E+03	4.82169960E+03
2.19295188E+04	5.07984813E+03	5.01569872E+03
2.21944010E+04	5.25757672E+03
2.24039449E+04	5.42553528E+03
2.26449908E+04
2.33890384E+04
