2.21187960E+04	3.23610167E+03	2.97358588E+03	2.84384488E+03	5.95323424E+02	4.93522354E+02	4.70351113E+02	2.89249316E+02	2.85428081E+02	8.60122940E+01	5.22539090E+01	4.74362730E+01	6.45685211E+00	1.02121196E+01	6.70165612E+00
2.21272110E+04	3.24439389E+03	2.98186900E+03	2.85213339E+03	6.03617693E+02	5.01799101E+02	4.78643259E+02	2.97348115E+02	2.93714092E+02	9.43302738E+01	5.99624084E+01	5.57341083E+01	1.47199318E+01	1.67182350E+01
2.21417492E+04	3.25891060E+03	2.99644060E+03	2.86672635E+03	6.18078376E+02	5.16294544E+02	4.93018245E+02	3.12666372E+02	3.07779585E+02	1.07121796E+02	7.14371842E+01	6.86764184E+01	2.64572973E+01	2.99593607E+01
2.21583485E+04	3.27548154E+03	3.01302143E+03	2.88354303E+03	6.34479547E+02	5.32679412E+02	5.09669269E+02	3.29007495E+02	3.24839204E+02	1.21319671E+02	8.81853766E+01	8.34060992E+01	4.49294545E+01	4.44649187E+01
2.21765615E+04	3.29407678E+03	3.03166459E+03	2.90217548E+03	6.52619262E+02	5.50882270E+02	5.27565449E+02	3.46839029E+02	3.42730733E+02	1.38468076E+02	1.03506318E+02	9.90533553E+01	5.93555352E+01	5.91299555E+01
2.21964665E+04	3.31435453E+03	3.05180513E+03	2.92244501E+03	6.72273121E+02	5.70472361E+02	5.47294988E+02	3.66582355E+02	3.62418928E+02	1.56739160E+02	1.21405741E+02	1.16960194E+02	7.53327357E+01
2.22178984E+04	3.33624051E+03	3.07344040E+03	2.94403733E+03	6.93350680E+02	5.91418116E+02	5.67959011E+02	3.87432468E+02	3.83364848E+02	1.76080594E+02	1.40478221E+02	1.34964145E+02	9.27216633E+01
2.22408393E+04	3.35964034E+03	3.09658649E+03	2.96704356E+03	7.15751487E+02	6.13702681E+02	5.89699115E+02	4.08730340E+02	4.04769878E+02	1.96347508E+02	1.60779815E+02	1.54198120E+02	1.09835605E+02
2.22652326E+04	3.38449912E+03	3.12146008E+03	2.99249675E+03	7.39413622E+02	6.37383143E+02	6.14578113E+02	4.34489442E+02	4.30234855E+02	2.17524498E+02	1.81155751E+02	1.76967915E+02
2.22940247E+04	3.41230449E+03	3.14959134E+03	3.01961496E+03	7.65470365E+02	6.63827909E+02	6.39194453E+02	4.60145031E+02	4.56123385E+02	2.35200889E+02	2.01315027E+02	1.97617528E+02
2.23240845E+04	3.44118170E+03	3.17888974E+03	3.04856167E+03	7.92464458E+02	6.91413987E+02	6.65694601E+02	4.87941776E+02	4.83287329E+02	2.53695277E+02	2.24508548E+02	2.20072059E+02
2.23555045E+04	3.47116480E+03	3.20888510E+03	3.07883884E+03	8.20346551E+02	7.19252521E+02	6.94352674E+02	5.15842610E+02	5.11681694E+02	2.72437848E+02	2.47856598E+02	2.44713160E+02
2.23883804E+04	3.50240627E+03	3.24064457E+03	3.11037652E+03	8.49965754E+02	7.49894873E+02	7.23688460E+02	5.47286360E+02	5.41075711E+02	2.97837374E+02	2.71371181E+02
2.24225765E+04	3.53455502E+03	3.27192131E+03	3.14270546E+03	8.79818418E+02	7.77079271E+02	7.53206116E+02	5.75627857E+02	5.71112436E+02	3.22053297E+02	2.95495658E+02
2.24580291E+04	3.56804770E+03	3.30582674E+03	3.17660295E+03	9.11123074E+02	8.08376575E+02	7.85192984E+02	6.07390447E+02	6.03026848E+02	3.48198394E+02
2.24936929E+04	3.60151677E+03	3.34034459E+03	3.21104096E+03	9.41220310E+02	8.39947006E+02	8.16660643E+02	6.39513669E+02	6.35110800E+02	3.75315562E+02
2.25315261E+04	3.63718511E+03	3.37625564E+03	3.24692040E+03	9.74523411E+02	8.73316258E+02	8.49933436E+02	6.73008491E+02	6.68584368E+02
2.26010455E+04	3.70445947E+03	3.44597522E+03	3.31107573E+03	1.02639152E+03	9.23904071E+02	8.94447130E+02	7.26732642E+02	7.22750155E+02
2.26730733E+04	3.77394311E+03	3.51837617E+03	3.37917642E+03	1.07959140E+03	9.72948531E+02	9.44178628E+02	7.86079984E+02	7.82468168E+02
2.27475937E+04	3.84569993E+03	3.59255816E+03	3.45118542E+03	1.13420904E+03	1.03332595E+03	9.98247399E+02	8.47418003E+02	8.44763974E+02
2.28247882E+04	3.91949034E+03	3.66794425E+03	3.52691500E+03	1.18987128E+03	1.08432145E+03	1.05549113E+03	9.04403902E+02	9.16124703E+02
2.29047280E+04	3.99538758E+03	3.74504048E+03	3.60657849E+03	1.24665747E+03	1.13880359E+03	1.11537348E+03	9.84563387E+02	9.82806068E+02
2.29859667E+04	4.07824622E+03	3.82912000E+03	3.69056506E+03	1.31118163E+03	1.20307646E+03	1.17926415E+03	1.04720297E+03
2.30705520E+04	4.16198772E+03	3.91117617E+03	3.77356694E+03	1.37496483E+03	1.26454710E+03	1.24297210E+03	1.11495863E+03
2.31574562E+04	4.24878695E+03	3.99503003E+03	3.85890372E+03	1.44082859E+03	1.33370838E+03	1.30622739E+03	1.18581150E+03
2.32470532E+04	4.33765922E+03	4.08189642E+03	3.94530917E+03	1.50767754E+03	1.40699602E+03	1.37109501E+03	1.25315146E+03
2.33392449E+04	4.42899691E+03	4.17422783E+03	4.04301494E+03	1.57605818E+03	1.47615135E+03	1.44683710E+03
2.34324776E+04	4.51076965E+03	4.25937760E+03	4.12021094E+03	1.62750271E+03	1.53673309E+03	1.50909611E+03
2.35284818E+04	4.59438272E+03	4.34697728E+03	4.20523924E+03	1.68210847E+03	1.60206418E+03	1.57748132E+03
2.36274694E+04	4.67992209E+03	4.43607713E+03	4.29279187E+03	1.73943569E+03	1.66930258E+03	1.64381116E+03
2.37307025E+04	4.76854558E+03	4.52874777E+03	4.38424445E+03	1.80851094E+03	1.73911129E+03
2.38364628E+04	4.85728054E+03	4.60918796E+03	4.47528162E+03	1.87104135E+03	1.80963502E+03
2.39444357E+04	4.94936111E+03	4.70462210E+03	4.57064262E+03	1.94191627E+03
2.40417681E+04	5.03042944E+03	4.79277604E+03	4.65818749E+03	2.01214685E+03
2.41472546E+04	5.12071228E+03	4.88510997E+03	4.75020085E+03
2.43878493E+04	5.26484965E+03	5.06390283E+03	4.93179675E+03
2.46374921E+04	5.41896063E+03	5.25393281E+03	5.13233339E+03
2.48972682E+04	5.58413511E+03	5.45027475E+03	5.32296347E+03
2.51706819E+04	5.77013771E+03	5.65498538E+03
2.54517055E+04	5.93699276E+03	5.86636201E+03
2.57385171E+04	6.12941242E+03
2.59652498E+04	6.31115451E+03
2.62265165E+04
2.70337640E+04
