2.79384186E+04	4.24926573E+03	3.94304610E+03	3.73506982E+03	8.35686043E+02	7.12356193E+02	6.73597901E+02	4.57242453E+02	4.49585387E+02	1.37330952E+02	9.55085706E+01	8.84060955E+01	2.30358297E+01	2.20578902E+01	9.41805969E+00	5.55274304E+00
2.79471603E+04	4.25792139E+03	3.95170696E+03	3.74372566E+03	8.44296546E+02	7.20960136E+02	6.82229938E+02	4.65843577E+02	4.58205940E+02	1.45939101E+02	1.04087858E+02	9.72191561E+01	3.18173842E+01	3.08885038E+01	1.73125575E+01
2.79583506E+04	4.26894488E+03	3.96282794E+03	3.75483699E+03	8.55207454E+02	7.32000153E+02	6.93265805E+02	4.76933710E+02	4.69294458E+02	1.56474766E+02	1.14936405E+02	1.08039429E+02	4.24415414E+01	4.14934780E+01	2.69904409E+01
2.79707995E+04	4.28118318E+03	3.97507038E+03	3.76708066E+03	8.67392102E+02	7.44193008E+02	7.05455561E+02	4.89119217E+02	4.81480792E+02	1.68586852E+02	1.27044470E+02	1.20131446E+02	5.43929254E+01	5.34374979E+01
2.79917138E+04	4.30207452E+03	3.99624616E+03	3.78751288E+03	8.88025931E+02	7.64946208E+02	7.25607899E+02	5.09267953E+02	5.00152617E+02	1.86534720E+02	1.43273557E+02	1.34455758E+02	7.10657621E+01	7.02254750E+01
2.80142186E+04	4.32454217E+03	4.01907313E+03	3.80972419E+03	9.10100586E+02	7.87198696E+02	7.47988867E+02	5.31123195E+02	5.22421921E+02	2.05434780E+02	1.60810428E+02	1.51348919E+02	8.99894779E+01	8.92562578E+01
2.80382533E+04	4.34851423E+03	4.04332242E+03	3.83366556E+03	9.33522647E+02	8.10786726E+02	7.71067344E+02	5.52142607E+02	5.45665161E+02	2.25215413E+02	1.78660881E+02	1.70431003E+02	1.09379986E+02	1.12537837E+02
2.80638137E+04	4.37393927E+03	4.06886649E+03	3.85930163E+03	9.58236894E+02	8.35589144E+02	7.95636603E+02	5.77345643E+02	5.69952225E+02	2.45745364E+02	2.01103589E+02	1.91210594E+02	1.28980892E+02	1.33743810E+02
2.80908589E+04	4.40077468E+03	4.09567805E+03	3.88663870E+03	9.84182751E+02	8.61487878E+02	8.22000401E+02	6.04583598E+02	5.96979953E+02	2.67003852E+02	2.20677066E+02	2.13264179E+02	1.57233281E+02	1.56483263E+02
2.81189329E+04	4.42949377E+03	4.12459182E+03	3.91562040E+03	1.01153804E+03	8.89015678E+02	8.49215772E+02	6.31482524E+02	6.24322916E+02	2.91743341E+02	2.43893616E+02	2.36439693E+02	1.77620443E+02
2.81485877E+04	4.45952082E+03	4.15432012E+03	3.94550563E+03	1.03997624E+03	9.17316254E+02	8.77491506E+02	6.59601348E+02	6.52671743E+02	3.17006017E+02	2.68651684E+02	2.61269160E+02	2.00981879E+02
2.81795698E+04	4.49101837E+03	4.18532622E+03	3.97658595E+03	1.06965103E+03	9.46754933E+02	9.06633458E+02	6.89281305E+02	6.82371383E+02	3.43192248E+02	2.94859845E+02	2.85488890E+02	2.25362233E+02
2.82119444E+04	4.52384352E+03	4.21779536E+03	4.00883722E+03	1.10043687E+03	9.77412228E+02	9.36409494E+02	7.21302205E+02	7.11959945E+02	3.70053919E+02	3.21201642E+02	3.10876632E+02	2.48859910E+02
2.82456864E+04	4.55801393E+03	4.25205721E+03	4.04398887E+03	1.13232609E+03	1.00937663E+03	9.70121192E+02	7.54224981E+02	7.46464127E+02	3.97740076E+02	3.49447666E+02	3.40779622E+02
2.82832563E+04	4.59393014E+03	4.28848988E+03	4.07899507E+03	1.16543109E+03	1.04301526E+03	1.00142570E+03	7.87057092E+02	7.79634611E+02	4.19991911E+02	3.75003033E+02	3.67035224E+02
2.83221158E+04	4.63089260E+03	4.32605598E+03	4.11611701E+03	1.19947927E+03	1.07780846E+03	1.03499501E+03	8.22215116E+02	8.13992356E+02	4.43462348E+02	4.03278370E+02	3.95923748E+02
2.83623561E+04	4.66892816E+03	4.36443894E+03	4.15444997E+03	1.23445364E+03	1.11316255E+03	1.07053175E+03	8.56843556E+02	8.49376852E+02	4.67562408E+02	4.32216188E+02	4.25066783E+02
2.84041779E+04	4.70826313E+03	4.40426045E+03	4.19427841E+03	1.27116234E+03	1.15050244E+03	1.10716251E+03	9.00421297E+02	8.86319188E+02	4.98710040E+02	4.62023470E+02
2.84475524E+04	4.74857434E+03	4.44341818E+03	4.23494143E+03	1.30795252E+03	1.18430110E+03	1.14384988E+03	9.31733287E+02	9.23698036E+02	5.27467009E+02	4.92249575E+02
2.84921667E+04	4.79027971E+03	4.48575201E+03	4.27715284E+03	1.34640763E+03	1.22285264E+03	1.18289331E+03	9.70848285E+02	9.62880120E+02	5.59397552E+02
2.85360917E+04	4.83117159E+03	4.52807246E+03	4.31932973E+03	1.38276175E+03	1.26110662E+03	1.22098040E+03	1.00991289E+03	1.00188077E+03	5.92155329E+02
2.85826169E+04	4.87464483E+03	4.57188641E+03	4.36308386E+03	1.42288977E+03	1.30137510E+03	1.26109301E+03	1.05044075E+03	1.04237428E+03
2.86674547E+04	4.95604167E+03	4.65662998E+03	4.44069076E+03	1.48479011E+03	1.36489637E+03	1.31473433E+03	1.11528881E+03	1.10789877E+03
2.87547964E+04	5.03967694E+03	4.74414384E+03	4.52278360E+03	1.54808848E+03	1.43745847E+03	1.37423713E+03	1.18651549E+03	1.17959611E+03
2.88446100E+04	5.12571518E+03	4.83362087E+03	4.60919686E+03	1.61298458E+03	1.49727608E+03	1.43855240E+03	1.26007905E+03	1.25474860E+03
2.89371354E+04	5.21373821E+03	4.92392569E+03	4.69947485E+03	1.67884901E+03	1.57079805E+03	1.50612598E+03	1.32676326E+03	1.33826804E+03
2.90325774E+04	5.30374077E+03	5.01490969E+03	4.79393566E+03	1.74562181E+03	1.64771788E+03	1.57644061E+03	1.42036614E+03	1.41689969E+03
2.91288157E+04	5.40242915E+03	5.11634321E+03	4.89361492E+03	1.82208893E+03	1.68901090E+03	1.65331814E+03	1.49558504E+03
2.92290428E+04	5.49997188E+03	5.21071160E+03	4.99077733E+03	1.89528200E+03	1.77683584E+03	1.72592548E+03	1.57468776E+03
2.93315585E+04	5.60142724E+03	5.30816016E+03	5.09137977E+03	1.97153220E+03	1.86272629E+03	1.79980608E+03	1.65834437E+03
2.94368194E+04	5.70492537E+03	5.40982690E+03	5.19186319E+03	2.04877576E+03	1.93037033E+03	1.87422606E+03	1.73721436E+03
2.95447262E+04	5.81108915E+03	5.51742192E+03	5.30547010E+03	2.12782268E+03	2.01090024E+03	1.96174840E+03
2.96527804E+04	5.90545145E+03	5.61580719E+03	5.39459159E+03	2.18710002E+03	2.08086290E+03	2.03358219E+03
2.97639142E+04	6.00181321E+03	5.71662933E+03	5.49273778E+03	2.25056243E+03	2.15557171E+03	2.11258617E+03
2.98784120E+04	6.10033075E+03	5.81924322E+03	5.59311860E+03	2.31846921E+03	2.23264903E+03	2.18774704E+03
2.99971202E+04	6.20176822E+03	5.92465037E+03	5.69808105E+03	2.39688542E+03	2.31304725E+03
3.01195178E+04	6.30373209E+03	6.01826293E+03	5.80288582E+03	2.46656801E+03	2.39458495E+03
3.02441670E+04	6.40931693E+03	6.12801958E+03	5.91190666E+03	2.54766320E+03
3.03556496E+04	6.50180265E+03	6.22887079E+03	6.01185586E+03	2.62778870E+03
3.04766532E+04	6.60479030E+03	6.33424985E+03	6.11676224E+03
3.07494627E+04	6.76843825E+03	6.53788807E+03	6.32259441E+03
3.10324874E+04	6.94423463E+03	6.75297266E+03	6.54988006E+03
3.13268962E+04	7.13381012E+03	6.97495494E+03	6.76388196E+03
3.16350755E+04	7.34358771E+03	7.20642236E+03
3.19551819E+04	7.52974516E+03	7.44750175E+03
3.22812996E+04	7.74721078E+03
3.25373820E+04	7.95249898E+03
3.28335161E+04
3.37505214E+04
