3.45524948E+04	5.45505342E+03	5.10272519E+03	4.78223768E+03	1.14984385E+03	1.00406598E+03	9.41548513E+02	6.87356849E+02	6.74602734E+02	2.21499051E+02	1.68179824E+02	1.55560102E+02	6.77530667E+01	6.57049337E+01	2.60793908E+01	1.24049872E+01	1.09175058E+01
3.45634817E+04	5.46598741E+03	5.11367862E+03	4.79303062E+03	1.16069312E+03	1.01496345E+03	9.52226801E+02	6.98115284E+02	6.85423485E+02	2.32125437E+02	1.78945808E+02	1.65753853E+02	7.78970752E+01	7.60407223E+01	3.39484185E+01	2.10310855E+01	1.97220627E+01
3.45756857E+04	5.47809399E+03	5.12585001E+03	4.80512765E+03	1.17266230E+03	1.02700983E+03	9.64092808E+02	7.10163573E+02	6.97366925E+02	2.43792014E+02	1.90809596E+02	1.77126608E+02	8.98158700E+01	8.76144921E+01	4.24608209E+01	3.17772278E+01	2.97070792E+01
3.45891023E+04	5.49132969E+03	5.13905290E+03	4.81839544E+03	1.18571852E+03	1.04001870E+03	9.77263012E+02	7.23258179E+02	7.10513708E+02	2.56439679E+02	2.03396205E+02	1.90192312E+02	1.02352811E+02	1.00355655E+02	5.13495247E+01	4.28129739E+01	4.16587378E+01
3.46033705E+04	5.50537032E+03	5.15317428E+03	4.83247502E+03	1.19965988E+03	1.05401860E+03	9.91178347E+02	7.37261507E+02	7.24405952E+02	2.70225153E+02	2.17412630E+02	2.03753513E+02	1.16108832E+02	1.13740270E+02	6.38656629E+01	5.39944125E+01
3.46188672E+04	5.52051788E+03	5.16813772E+03	4.84764601E+03	1.21456226E+03	1.06863885E+03	1.00604630E+03	7.52138999E+02	7.39342277E+02	2.84676950E+02	2.31041555E+02	2.17949634E+02	1.30136398E+02	1.27933155E+02	7.62880963E+01	6.59012922E+01
3.46354096E+04	5.53667631E+03	5.18437601E+03	4.86385538E+03	1.23049989E+03	1.08458721E+03	1.02203936E+03	7.68095440E+02	7.55330039E+02	3.00207421E+02	2.46482222E+02	2.33755452E+02	1.45635110E+02	1.43559131E+02	8.98694017E+01
3.46533851E+04	5.55421824E+03	5.20215342E+03	4.88160960E+03	1.24762368E+03	1.10200256E+03	1.03943719E+03	7.85613792E+02	7.72840681E+02	3.16216232E+02	2.63039765E+02	2.50241266E+02	1.62002187E+02	1.59893389E+02	1.04526850E+02
3.46724805E+04	5.57282535E+03	5.22079760E+03	4.90024768E+03	1.26595613E+03	1.12035022E+03	1.05776705E+03	8.03973101E+02	7.91198498E+02	3.33952776E+02	2.80723619E+02	2.67867649E+02	1.79439164E+02	1.77311078E+02
3.47032715E+04	5.60343058E+03	5.25189606E+03	4.93014647E+03	1.29560216E+03	1.15020107E+03	1.08676293E+03	8.33301141E+02	8.18054746E+02	3.58491080E+02	3.03740866E+02	2.87653393E+02	2.02823344E+02	2.00913825E+02
3.47354458E+04	5.63537481E+03	5.28444992E+03	4.96174950E+03	1.32638961E+03	1.18127102E+03	1.11793254E+03	8.64206310E+02	8.49221368E+02	3.83757364E+02	3.25693803E+02	3.10416522E+02	2.28667850E+02	2.26944469E+02
3.47689607E+04	5.66864703E+03	5.31824209E+03	4.99501379E+03	1.35829863E+03	1.21346043E+03	1.14936318E+03	8.90876961E+02	8.81018181E+02	4.09783859E+02	3.55018463E+02	3.35628641E+02	2.55437384E+02	2.54173445E+02
3.48039022E+04	5.70321214E+03	5.35308050E+03	5.02992196E+03	1.39130639E+03	1.24668068E+03	1.18215932E+03	9.25996610E+02	9.13762552E+02	4.36347572E+02	3.78770693E+02	3.62551035E+02	2.80351203E+02	2.85458221E+02
3.48402967E+04	5.73908852E+03	5.38889677E+03	5.06655866E+03	1.42540632E+03	1.28074402E+03	1.21681259E+03	9.64884728E+02	9.49235161E+02	4.63479561E+02	4.02510142E+02	3.90741845E+02	3.15519285E+02	3.14643623E+02
3.48773703E+04	5.77716109E+03	5.42747392E+03	5.10489677E+03	1.46100969E+03	1.31665383E+03	1.25231972E+03	9.96439313E+02	9.85097339E+02	4.95082329E+02	4.33616287E+02	4.21244567E+02	3.43066467E+02
3.49162455E+04	5.81611140E+03	5.46578678E+03	5.14377476E+03	1.49732097E+03	1.35273600E+03	1.28824217E+03	1.03232394E+03	1.02127209E+03	5.26349694E+02	4.66223027E+02	4.51557168E+02	3.72737189E+02
3.49563503E+04	5.85666103E+03	5.50555837E+03	5.18391563E+03	1.53492800E+03	1.39001938E+03	1.32537450E+03	1.07004613E+03	1.05922784E+03	5.58755693E+02	4.96204747E+02	4.81689594E+02	4.03794824E+02
3.49978409E+04	5.89845163E+03	5.54695176E+03	5.22494360E+03	1.57355184E+03	1.42854954E+03	1.36257230E+03	1.11158696E+03	1.09656703E+03	5.91715716E+02	5.31937961E+02	5.12666484E+02	4.33371262E+02
3.50406622E+04	5.94156298E+03	5.59026238E+03	5.26941356E+03	1.61322073E+03	1.46838099E+03	1.40462854E+03	1.15261583E+03	1.13952935E+03	6.25564100E+02	5.65118334E+02	5.49304555E+02
3.50868647E+04	5.98540484E+03	5.63483298E+03	5.31209944E+03	1.65313931E+03	1.50899227E+03	1.44240275E+03	1.19240329E+03	1.17976703E+03	6.52279760E+02	5.95936398E+02	5.80992338E+02
3.51344322E+04	6.03030211E+03	5.68052256E+03	5.35725441E+03	1.69405144E+03	1.55077259E+03	1.48287490E+03	1.23476697E+03	1.22114828E+03	6.80730201E+02	6.29350556E+02	6.15994536E+02
3.51834545E+04	6.07629126E+03	5.72712419E+03	5.40352995E+03	1.73600157E+03	1.59334962E+03	1.52512393E+03	1.27601037E+03	1.26339873E+03	7.10682925E+02	6.63784575E+02	6.49863661E+02
3.52341308E+04	6.12357130E+03	5.77495729E+03	5.45151973E+03	1.77958000E+03	1.63738400E+03	1.56886439E+03	1.32068219E+03	1.30770124E+03	7.47148870E+02	6.99618917E+02
3.52867638E+04	6.17205344E+03	5.82200475E+03	5.50050668E+03	1.82327028E+03	1.67780401E+03	1.61263141E+03	1.36578860E+03	1.35236406E+03	7.80074964E+02	7.35909064E+02
3.53407150E+04	6.22196966E+03	5.87280244E+03	5.55102280E+03	1.86883789E+03	1.72359638E+03	1.65869551E+03	1.41221768E+03	1.39878630E+03	8.17768444E+02
3.53929702E+04	6.27029343E+03	5.92296359E+03	5.60094951E+03	1.91143893E+03	1.76854386E+03	1.70338937E+03	1.45821967E+03	1.44469031E+03	8.56165215E+02
3.54483193E+04	6.32160769E+03	5.97472344E+03	5.65260641E+03	1.95839894E+03	1.81572712E+03	1.75033803E+03	1.50578709E+03	1.49220590E+03
3.55483685E+04	6.41699579E+03	6.07424356E+03	5.74350941E+03	2.03032490E+03	1.89209136E+03	1.81306572E+03	1.58169907E+03	1.56904086E+03
3.56509405E+04	6.51472679E+03	6.17667492E+03	5.83953797E+03	2.10378184E+03	1.97304806E+03	1.88238604E+03	1.66476355E+03	1.65259773E+03
3.57559853E+04	6.61508764E+03	6.28132843E+03	5.94033225E+03	2.17910836E+03	2.05648114E+03	1.95701964E+03	1.75066796E+03	1.74069034E+03
3.58637210E+04	6.71757323E+03	6.38724078E+03	6.04512886E+03	2.25555039E+03	2.13153459E+03	2.03504562E+03	1.84460306E+03	1.82556587E+03
3.59743785E+04	6.82197980E+03	6.49294089E+03	6.15421517E+03	2.33277224E+03	2.22370640E+03	2.11589757E+03	1.92783404E+03	1.91830448E+03
3.60859400E+04	6.93635236E+03	6.61136742E+03	6.26937917E+03	2.42106000E+03	2.29074711E+03	2.20486200E+03	2.02188918E+03
3.62018246E+04	7.04747461E+03	6.71706137E+03	6.38081972E+03	2.50341031E+03	2.35740521E+03	2.28685612E+03	2.11210752E+03
3.63200965E+04	7.16345049E+03	6.82835852E+03	6.49704327E+03	2.58992247E+03	2.46136583E+03	2.37165199E+03	2.20866570E+03
3.64411411E+04	7.28159121E+03	6.94499111E+03	6.61147435E+03	2.67761833E+03	2.54079965E+03	2.45543278E+03	2.29912765E+03
3.65649025E+04	7.40266488E+03	7.06797527E+03	6.74099302E+03	2.76746961E+03	2.63281715E+03	2.55476608E+03
3.66879270E+04	7.50976070E+03	7.17979030E+03	6.84204099E+03	2.83467569E+03	2.71230218E+03	2.63621101E+03
3.68143509E+04	7.61901382E+03	7.29403040E+03	6.95344459E+03	2.90709679E+03	2.79669078E+03	2.72576174E+03
3.69444722E+04	7.73060097E+03	7.41014664E+03	7.06674657E+03	2.98539377E+03	2.88376686E+03	2.81010317E+03
3.70788855E+04	7.84505024E+03	7.52880686E+03	7.18532610E+03	3.07359365E+03	2.97476264E+03
3.72183437E+04	7.96065306E+03	7.63567363E+03	7.30419095E+03	3.15065063E+03	3.06751599E+03
3.73605330E+04	8.08007014E+03	7.76016815E+03	7.42718796E+03	3.24218631E+03
3.74865477E+04	8.18422951E+03	7.87407549E+03	7.53980581E+03	3.33242940E+03
3.76236114E+04	8.30025528E+03	7.99283208E+03	7.65788757E+03
3.79290309E+04	8.48379652E+03	8.22198193E+03	7.88812369E+03
3.82458092E+04	8.68161418E+03	8.46289270E+03	8.14231790E+03
3.85750943E+04	8.89548347E+03	8.71112715E+03	8.38020867E+03
3.89186092E+04	9.12990892E+03	8.96972025E+03
3.92789761E+04	9.33665100E+03	9.24163742E+03
3.96476019E+04	9.57997420E+03
3.99340414E+04	9.80963598E+03
4.02667213E+04
4.12997857E+04
