4.04369828E+04	6.55998618E+03	6.16873777E+03	5.72746641E+03	1.44850623E+03	1.28377343E+03	1.19367780E+03	9.09373553E+02	8.89676586E+02	3.07679020E+02	2.44709939E+02	2.23201134E+02	1.18833624E+02	1.13080089E+02	4.80196133E+01	2.84380843E+01	2.41468854E+01	1.00486683E+01	0	6.05090925E+00	0	4.65145719E+00
4.04434934E+04	6.56645427E+03	6.17522759E+03	5.73390403E+03	1.45487819E+03	1.29024038E+03	1.20007698E+03	9.15827068E+02	8.96070126E+02	3.13933688E+02	2.51138080E+02	2.29523219E+02	1.24675535E+02	1.19409014E+02	5.39517505E+01	3.46782586E+01	3.01414308E+01	1.64511452E+01	0	1.22378752E+01	0	1.05183716E+01
4.04510662E+04	6.57401133E+03	6.18277099E+03	5.74150078E+03	1.46246600E+03	1.29776335E+03	1.20766587E+03	9.23372042E+02	9.03666360E+02	3.21522595E+02	2.58620290E+02	2.37085895E+02	1.32473352E+02	1.26957013E+02	6.13921864E+01	4.19387387E+01	3.74616306E+01	2.39405248E+01	0	1.88639736E+01
4.04626294E+04	6.58568159E+03	6.19446350E+03	5.75311190E+03	1.47395316E+03	1.30929849E+03	1.21905676E+03	9.34736622E+02	9.14946953E+02	3.32834844E+02	2.69986696E+02	2.48329494E+02	1.43890443E+02	1.38012481E+02	7.23192963E+01	5.28819380E+01	4.85322348E+01	3.43884789E+01
4.04844260E+04	6.60863443E+03	6.21719603E+03	5.77611507E+03	1.49860325E+03	1.33388201E+03	1.24509615E+03	9.59880996E+02	9.41433671E+02	3.56173701E+02	2.92929153E+02	2.73447410E+02	1.67460568E+02	1.64039141E+02	8.85617325E+01	6.77756144E+01	6.43079157E+01
4.05012975E+04	6.62529093E+03	6.23394642E+03	5.79255495E+03	1.51494506E+03	1.35031049E+03	1.26114418E+03	9.76109056E+02	9.57773797E+02	3.71863629E+02	3.08819781E+02	2.88457112E+02	1.82573887E+02	1.79365968E+02	9.97324083E+01	8.02808523E+01	7.71087880E+01
4.05190846E+04	6.64279546E+03	6.25156465E+03	5.81006190E+03	1.53210230E+03	1.36758480E+03	1.27816504E+03	9.93477848E+02	9.74932300E+02	3.88308568E+02	3.25536142E+02	3.04529874E+02	1.99213824E+02	1.95669759E+02	1.11574382E+02	9.46210370E+01	9.13844897E+01
4.05378665E+04	6.66118736E+03	6.26999147E+03	5.82849816E+03	1.55009457E+03	1.38559168E+03	1.29627107E+03	1.01139744E+03	9.93009160E+02	4.05492995E+02	3.42770771E+02	3.22081045E+02	2.16012322E+02	2.12773497E+02	1.23725649E+02	1.09324397E+02	1.06449570E+02
4.05574601E+04	6.68031921E+03	6.28921661E+03	5.84772530E+03	1.56891682E+03	1.40444519E+03	1.31509335E+03	1.03046579E+03	1.01184559E+03	4.23801877E+02	3.61196205E+02	3.40155648E+02	2.36617910E+02	2.30708463E+02	1.40048510E+02	1.24442499E+02
4.05783004E+04	6.70051759E+03	6.30912020E+03	5.86798387E+03	1.58857950E+03	1.42366948E+03	1.33474638E+03	1.05011793E+03	1.03161005E+03	4.42503676E+02	3.78755073E+02	3.58653739E+02	2.52806562E+02	2.49193995E+02	1.55471558E+02	1.40073749E+02
4.06000758E+04	6.72161278E+03	6.33036218E+03	5.88916286E+03	1.60919912E+03	1.44432323E+03	1.35542989E+03	1.07079723E+03	1.05231710E+03	4.62289432E+02	3.98432102E+02	3.78664610E+02	2.72485512E+02	2.68981384E+02	1.72563237E+02
4.06228552E+04	6.74370290E+03	6.35281660E+03	5.91157185E+03	1.63057691E+03	1.46612173E+03	1.37719279E+03	1.09275225E+03	1.07425658E+03	4.81960114E+02	4.18838251E+02	3.98959788E+02	2.92758502E+02	2.89209680E+02	1.90577455E+02
4.06468512E+04	6.76693589E+03	6.37610953E+03	5.93485181E+03	1.65328357E+03	1.48885676E+03	1.39989330E+03	1.11551702E+03	1.09701575E+03	5.03618970E+02	4.40434408E+02	4.20459925E+02	3.14084067E+02	3.10506287E+02
4.06849754E+04	6.80467457E+03	6.41452879E+03	5.97169060E+03	1.68939548E+03	1.52525618E+03	1.43524757E+03	1.15134421E+03	1.12976459E+03	5.32835282E+02	4.68968750E+02	4.44179737E+02	3.42312037E+02	3.39055296E+02
4.07244204E+04	6.84368870E+03	6.45434959E+03	6.01030281E+03	1.72656073E+03	1.56279882E+03	1.47282901E+03	1.18956347E+03	1.16747891E+03	5.62763542E+02	5.02399732E+02	4.71281954E+02	3.73256826E+02	3.70240953E+02
4.07651677E+04	6.88402067E+03	6.49539219E+03	6.05064657E+03	1.76478582E+03	1.60139330E+03	1.51047336E+03	1.22818079E+03	1.20568796E+03	5.93494031E+02	5.29982057E+02	5.01101441E+02	4.05215689E+02	4.02916882E+02
4.08073124E+04	6.92559072E+03	6.53744454E+03	6.09263204E+03	1.80403921E+03	1.64098677E+03	1.54944103E+03	1.26034052E+03	1.24489114E+03	6.24682896E+02	5.63254808E+02	5.32670855E+02	4.34305540E+02	4.39434624E+02
4.08509390E+04	6.96842739E+03	6.58024782E+03	6.13640542E+03	1.84432327E+03	1.68130722E+03	1.59033580E+03	1.30340948E+03	1.28665644E+03	6.56313302E+02	5.93190657E+02	5.65518334E+02	4.75224347E+02	4.73681457E+02
4.08950386E+04	7.01386304E+03	6.62637225E+03	6.18198535E+03	1.88628936E+03	1.72350694E+03	1.63217362E+03	1.34508506E+03	1.32907847E+03	6.93401845E+02	6.19029339E+02	6.01918534E+02	5.08013880E+02
4.09411614E+04	7.05965585E+03	6.67120126E+03	6.22786250E+03	1.92862253E+03	1.76566881E+03	1.67397112E+03	1.38651249E+03	1.37129454E+03	7.29030950E+02	6.60454183E+02	6.36153766E+02	5.42452416E+02
4.09884825E+04	7.10726360E+03	6.71783575E+03	6.27520508E+03	1.97236400E+03	1.80905941E+03	1.71742229E+03	1.43069227E+03	1.41569643E+03	7.66180939E+02	6.90626155E+02	6.70934864E+02	5.78787925E+02
4.10371764E+04	7.15607889E+03	6.76626403E+03	6.32308299E+03	2.01708101E+03	1.85373911E+03	1.76031840E+03	1.48031331E+03	1.45915302E+03	8.03857929E+02	7.33981049E+02	7.06158484E+02	6.13134667E+02
4.10872018E+04	7.20623116E+03	6.81671970E+03	6.37488341E+03	2.06283452E+03	1.89974075E+03	1.80888687E+03	1.52770367E+03	1.50868217E+03	8.42543016E+02	7.72133035E+02	7.48057657E+02
4.11402982E+04	7.25636629E+03	6.86777230E+03	6.42365443E+03	2.10813146E+03	1.94586925E+03	1.85176035E+03	1.57298455E+03	1.55450093E+03	8.72806614E+02	8.07134230E+02	7.84030096E+02
4.11948261E+04	7.30757331E+03	6.91993144E+03	6.47518026E+03	2.15447667E+03	1.99318290E+03	1.89769746E+03	1.62105289E+03	1.60144386E+03	9.05254089E+02	8.44745630E+02	8.23776489E+02
4.12508926E+04	7.35990819E+03	6.97304669E+03	6.52780217E+03	2.20195034E+03	2.04137495E+03	1.94527744E+03	1.66761950E+03	1.64917363E+03	9.39964875E+02	8.83567129E+02	8.61592090E+02
4.13086603E+04	7.41352202E+03	7.02732019E+03	6.58229076E+03	2.25099041E+03	2.09087319E+03	1.99463888E+03	1.71877480E+03	1.69928412E+03	9.80670135E+02	9.24110570E+02
4.13688184E+04	7.46859902E+03	7.08072837E+03	6.63797515E+03	2.30023544E+03	2.13660909E+03	2.04406551E+03	1.76922424E+03	1.74978150E+03	1.01683202E+03	9.65258527E+02
4.14304199E+04	7.52514703E+03	7.13839079E+03	6.69518946E+03	2.35152499E+03	2.18824039E+03	2.09577998E+03	1.82154016E+03	1.80203019E+03	1.05916137E+03
4.14894297E+04	7.57946241E+03	7.19489735E+03	6.75136415E+03	2.39915470E+03	2.23858914E+03	2.14578632E+03	1.87312501E+03	1.85348177E+03	1.10210162E+03
4.15519746E+04	7.63711834E+03	7.25308378E+03	6.80940154E+03	2.45162864E+03	2.29135779E+03	2.19824046E+03	1.92636593E+03	1.90665288E+03
4.16641641E+04	7.74367389E+03	7.36440997E+03	6.91088894E+03	2.53161622E+03	2.37637051E+03	2.26823255E+03	2.01112232E+03	1.99251958E+03
4.17788870E+04	7.85269178E+03	7.47869437E+03	7.01806620E+03	2.61327830E+03	2.46558348E+03	2.34546290E+03	2.10365990E+03	2.08549956E+03
4.18960950E+04	7.96455883E+03	7.59532109E+03	7.13036663E+03	2.69706221E+03	2.55746519E+03	2.42840255E+03	2.19951186E+03	2.18388890E+03
4.20159680E+04	8.07882736E+03	7.71379141E+03	7.24680921E+03	2.78227084E+03	2.63675702E+03	2.51490411E+03	2.29356952E+03	2.27890834E+03
4.21386054E+04	8.19535155E+03	7.83249428E+03	7.36762228E+03	2.86863018E+03	2.74134791E+03	2.60449432E+03	2.39312896E+03	2.37767488E+03
4.22626917E+04	8.32158032E+03	7.96142006E+03	7.49504169E+03	2.96559214E+03	2.84505037E+03	2.70246235E+03	2.49933411E+03
4.23911245E+04	8.44370942E+03	8.07807293E+03	7.61796903E+03	3.05540431E+03	2.92148739E+03	2.79219078E+03	2.59845429E+03
4.25220719E+04	8.57127345E+03	8.20085121E+03	7.74691547E+03	3.15010597E+03	3.00412364E+03	2.88592484E+03	2.70535947E+03
4.26558517E+04	8.70119235E+03	8.32959557E+03	7.87244813E+03	3.24624958E+03	3.09410408E+03	2.97708755E+03	2.80514616E+03
4.27924415E+04	8.83428577E+03	8.46501208E+03	8.01472390E+03	3.34487087E+03	3.19543361E+03	3.08590640E+03
4.29275690E+04	8.95169390E+03	8.58773649E+03	8.12533906E+03	3.41850308E+03	3.28265771E+03	3.17507887E+03
4.30663590E+04	9.07138486E+03	8.71287383E+03	8.24733219E+03	3.49816129E+03	3.37497281E+03	3.27307364E+03
4.32091084E+04	9.19353376E+03	8.83991361E+03	8.37116751E+03	3.58465068E+03	3.47017974E+03	3.36492058E+03
4.33562677E+04	9.31854791E+03	8.96940658E+03	8.50074152E+03	3.68096012E+03	3.56972608E+03
4.35098506E+04	9.44540184E+03	9.08703240E+03	8.63110912E+03	3.76417648E+03	3.67163731E+03
4.36666707E+04	9.57616308E+03	9.22367163E+03	8.76553703E+03	3.86425237E+03
4.38046329E+04	9.68987630E+03	9.34832863E+03	8.88851202E+03	3.96277641E+03
4.39550018E+04	9.81661513E+03	9.47806703E+03	9.01736938E+03
4.42868327E+04	1.00163848E+04	9.72817184E+03	9.26727609E+03
4.46309302E+04	1.02321120E+04	9.99030102E+03	9.54318623E+03
4.49883946E+04	1.04655539E+04	1.02600264E+04	9.80047928E+03
4.53606021E+04	1.07202551E+04	1.05406793E+04
4.57547196E+04	1.09444583E+04	1.08382623E+04
4.61594305E+04	1.12091444E+04
4.64709956E+04	1.14589980E+04
4.68343195E+04
4.79654372E+04
