4.19779977E+04	6.83958647E+03	6.43867523E+03	5.96217675E+03	1.51017571E+03	1.34117998E+03	1.24347971E+03	9.51571684E+02	9.31070847E+02	3.13739971E+02	2.50186492E+02	2.26266606E+02	1.17526002E+02	1.13648873E+02	4.70782233E+01	2.89755821E+01	2.41736310E+01	6.57453030E+00	0	0	0	6.41431627E+00
4.19825747E+04	6.84408656E+03	6.44319202E+03	5.96670626E+03	1.51461210E+03	1.34565987E+03	1.24794643E+03	9.56047994E+02	9.35546586E+02	3.18086022E+02	2.54662474E+02	2.30673575E+02	1.22130949E+02	1.18086399E+02	5.11055391E+01	3.32955506E+01	2.82695658E+01	1.10582791E+01	0	0	0	9.99830589E+00
4.19901970E+04	6.85171322E+03	6.45080767E+03	5.97430692E+03	1.52219788E+03	1.35323616E+03	1.25552512E+03	9.63627969E+02	9.43122191E+02	3.25653337E+02	2.62182364E+02	2.38223836E+02	1.29514038E+02	1.25606386E+02	5.85436925E+01	4.04904464E+01	3.56098547E+01	1.85309030E+01
4.20096866E+04	6.87217016E+03	6.47108741E+03	5.99455882E+03	1.54411915E+03	1.37484883E+03	1.27665483E+03	9.84962360E+02	9.63878307E+02	3.46807441E+02	2.82388072E+02	2.58034400E+02	1.49337576E+02	1.44236633E+02	7.39389307E+01	5.43500386E+01	4.91931041E+01	3.64798446E+01
4.20316335E+04	6.89523024E+03	6.49393503E+03	6.01739591E+03	1.56882700E+03	1.39930771E+03	1.30109371E+03	1.00905949E+03	9.87354204E+02	3.70257552E+02	3.04878727E+02	2.80945469E+02	1.72015151E+02	1.65510748E+02	9.04208433E+01	6.92209644E+01	6.42500057E+01	5.58383903E+01
4.20557441E+04	6.92059661E+03	6.51906765E+03	6.04284180E+03	1.59598785E+03	1.42639840E+03	1.32984403E+03	1.03678480E+03	1.01665377E+03	3.95654704E+02	3.29848211E+02	3.08265857E+02	1.97709629E+02	1.93862044E+02	1.07867019E+02	8.53552627E+01	8.12406949E+01
4.20739022E+04	6.93850334E+03	6.53708089E+03	6.06050826E+03	1.61352163E+03	1.44402842E+03	1.34705375E+03	1.05419683E+03	1.03418965E+03	4.12417293E+02	3.46826458E+02	3.24294370E+02	2.13875862E+02	2.10255899E+02	1.19745938E+02	9.86918622E+01	9.49007569E+01
4.20929750E+04	6.95723559E+03	6.55594630E+03	6.07924954E+03	1.63184230E+03	1.46247914E+03	1.36523739E+03	1.07276540E+03	1.05251754E+03	4.29912409E+02	3.64607299E+02	3.41403757E+02	2.31656154E+02	2.27606806E+02	1.32339871E+02	1.13815763E+02	1.10133729E+02
4.21130187E+04	6.97683061E+03	6.57559401E+03	6.09889099E+03	1.65096648E+03	1.48163091E+03	1.38445974E+03	1.09177334E+03	1.07171774E+03	4.48128323E+02	3.82906479E+02	3.59953151E+02	2.49309179E+02	2.45684013E+02	1.45290210E+02	1.29349685E+02	1.25888499E+02
4.21338555E+04	6.99714385E+03	6.59600506E+03	6.11931447E+03	1.67091307E+03	1.50160404E+03	1.40441931E+03	1.11202832E+03	1.09170558E+03	4.67459914E+02	4.02321058E+02	3.79063874E+02	2.69789291E+02	2.64670445E+02	1.62456344E+02	1.45378540E+02
4.21559722E+04	7.01854517E+03	6.61708102E+03	6.14078481E+03	1.69169855E+03	1.52191104E+03	1.42520153E+03	1.13280701E+03	1.11260965E+03	4.87151738E+02	4.20804116E+02	3.98565951E+02	2.88209806E+02	2.84162312E+02	1.78542578E+02	1.61888638E+02
4.21790365E+04	7.04083789E+03	6.63953845E+03	6.16316949E+03	1.71344053E+03	1.54369509E+03	1.44700707E+03	1.15462064E+03	1.13444882E+03	5.07942488E+02	4.41485015E+02	4.19564732E+02	3.08880681E+02	3.04935147E+02	1.96468202E+02
4.22029694E+04	7.06401656E+03	6.66311792E+03	6.18669486E+03	1.73583659E+03	1.56654530E+03	1.46981639E+03	1.17764020E+03	1.15744990E+03	5.28489587E+02	4.62814277E+02	4.40772118E+02	3.30091698E+02	3.26098109E+02	2.15289703E+02
4.22281833E+04	7.08839033E+03	6.68755773E+03	6.21111917E+03	1.75960807E+03	1.59034820E+03	1.49358063E+03	1.20147932E+03	1.18128287E+03	5.51096024E+02	4.85357618E+02	4.63208804E+02	3.52361315E+02	3.48336144E+02
4.22681038E+04	7.12786416E+03	6.72775972E+03	6.24964400E+03	1.79728346E+03	1.62833429E+03	1.53047296E+03	1.23887193E+03	1.21545917E+03	5.81449163E+02	5.15336722E+02	4.87889125E+02	3.81769290E+02	3.78092116E+02
4.23093456E+04	7.16862033E+03	6.76937114E+03	6.28998392E+03	1.83600382E+03	1.66745583E+03	1.56961526E+03	1.27894986E+03	1.25477235E+03	6.12519230E+02	5.50207242E+02	5.16056553E+02	4.13961035E+02	4.10535552E+02
4.23518730E+04	7.21068616E+03	6.81219109E+03	6.33206509E+03	1.87577417E+03	1.70761853E+03	1.60877946E+03	1.31917021E+03	1.29455544E+03	6.44413409E+02	5.78039114E+02	5.47012029E+02	4.47200360E+02	4.44558302E+02
4.23957942E+04	7.25399247E+03	6.85603771E+03	6.37579860E+03	1.91655993E+03	1.74877412E+03	1.64925627E+03	1.35190689E+03	1.33534712E+03	6.76757379E+02	6.12362746E+02	5.79728591E+02	4.77260102E+02	4.82384830E+02
4.24412020E+04	7.29854951E+03	6.90058493E+03	6.42132492E+03	1.95836411E+03	1.79064595E+03	1.69167234E+03	1.39606083E+03	1.37863854E+03	7.09510890E+02	6.46128898E+02	6.13725353E+02	5.19618659E+02	5.17873220E+02
4.24870558E+04	7.34580936E+03	6.94849699E+03	6.46869880E+03	2.00189634E+03	1.83437777E+03	1.73507997E+03	1.44006088E+03	1.42269590E+03	7.47965972E+02	6.70148769E+02	6.51506001E+02	5.53736227E+02
4.25349809E+04	7.39329521E+03	6.99499603E+03	6.51631292E+03	2.04571846E+03	1.87804998E+03	1.77832071E+03	1.48283229E+03	1.46639750E+03	7.84641064E+02	7.12884190E+02	6.86767255E+02	5.89338755E+02
4.25840943E+04	7.44264851E+03	7.04333797E+03	6.56545534E+03	2.09097481E+03	1.92295619E+03	1.82334842E+03	1.52860115E+03	1.51239980E+03	8.22952873E+02	7.49051305E+02	7.22711010E+02	6.26988111E+02
4.26345901E+04	7.49320781E+03	7.09351858E+03	6.61502982E+03	2.13720171E+03	1.96916274E+03	1.86764700E+03	1.58033733E+03	1.55737687E+03	8.61796279E+02	7.89355187E+02	7.58973404E+02	6.62520174E+02
4.26864186E+04	7.54511351E+03	7.14575681E+03	6.66865430E+03	2.18446407E+03	2.01669656E+03	1.91782764E+03	1.62930947E+03	1.60853165E+03	9.01685056E+02	8.28744249E+02	8.02177600E+02
4.27412369E+04	7.59681900E+03	7.19842952E+03	6.71894160E+03	2.23110200E+03	2.06420278E+03	1.96197168E+03	1.67595870E+03	1.65573987E+03	9.32835635E+02	8.64791260E+02	8.39216247E+02
4.27975078E+04	7.64960573E+03	7.25220875E+03	6.77205967E+03	2.27880373E+03	2.11289893E+03	2.00927168E+03	1.72545217E+03	1.70407029E+03	9.66284344E+02	9.03462577E+02	8.80136729E+02
4.28553194E+04	7.70352246E+03	7.30694865E+03	6.82626662E+03	2.32765234E+03	2.16248429E+03	2.05818083E+03	1.77335064E+03	1.75316753E+03	1.00217439E+03	9.43382416E+02	9.18954076E+02
4.29148621E+04	7.75871915E+03	7.36283518E+03	6.88237767E+03	2.37805772E+03	2.21335757E+03	2.10894309E+03	1.82610178E+03	1.80472486E+03	1.04395590E+03	9.85095899E+02
4.29769459E+04	7.81546474E+03	7.41784854E+03	6.93975006E+03	2.42870277E+03	2.26042986E+03	2.15979001E+03	1.87791176E+03	1.85668760E+03	1.08092633E+03	1.02746247E+03
4.30404880E+04	7.87368081E+03	7.47724139E+03	6.99864746E+03	2.48143045E+03	2.31353048E+03	2.21292469E+03	1.93170684E+03	1.91039943E+03	1.12442101E+03
4.31012007E+04	7.92950463E+03	7.53534927E+03	7.05639528E+03	2.53032449E+03	2.36523930E+03	2.26426572E+03	1.98469556E+03	1.96324474E+03	1.16850436E+03
4.31655730E+04	7.98875950E+03	7.59515580E+03	7.11603904E+03	2.58418620E+03	2.41941407E+03	2.31810335E+03	2.03936267E+03	2.01783695E+03
4.32807900E+04	8.09810627E+03	7.70943450E+03	7.22016794E+03	2.66619794E+03	2.50660217E+03	2.38991230E+03	2.12633184E+03	2.10596023E+03
4.33985473E+04	8.20995059E+03	7.82667907E+03	7.33013463E+03	2.74992484E+03	2.59792668E+03	2.46912912E+03	2.22124065E+03	2.20128983E+03
4.35187955E+04	8.32470214E+03	7.94628767E+03	7.44531314E+03	2.83583777E+03	2.69192496E+03	2.55415083E+03	2.31958778E+03	2.30224088E+03
4.36417034E+04	8.44193869E+03	8.06785656E+03	7.56467180E+03	2.92327096E+03	2.78693649E+03	2.64278281E+03	2.41556896E+03	2.39973441E+03
4.37673387E+04	8.56157524E+03	8.18992823E+03	7.68843345E+03	3.01202092E+03	2.88045285E+03	2.73459661E+03	2.51741435E+03	2.50017268E+03
4.38945564E+04	8.69066797E+03	8.32131533E+03	7.81889461E+03	3.11104144E+03	2.98629652E+03	2.83474596E+03	2.62656675E+03
4.40261606E+04	8.81559037E+03	8.44081830E+03	7.94470769E+03	3.20275704E+03	3.06441714E+03	2.92643543E+03	2.72792482E+03
4.41602935E+04	8.94605864E+03	8.56651595E+03	8.07686453E+03	3.29951384E+03	3.14920860E+03	3.02243117E+03	2.83742016E+03
4.42972737E+04	9.07893554E+03	8.69830929E+03	8.20516893E+03	3.39778526E+03	3.24171421E+03	3.11542802E+03	2.93954618E+03
4.44370661E+04	9.21504582E+03	8.83685351E+03	8.35063959E+03	3.49861842E+03	3.34539217E+03	3.22662454E+03
4.45752400E+04	9.33505149E+03	8.96233072E+03	8.46365472E+03	3.57387029E+03	3.43457002E+03	3.31773562E+03
4.47171426E+04	9.45737142E+03	9.09021699E+03	8.58830280E+03	3.65534843E+03	3.52889076E+03	3.41784569E+03
4.48630686E+04	9.58217863E+03	9.22000963E+03	8.71478797E+03	3.74387780E+03	3.62615046E+03	3.51158686E+03
4.50134415E+04	9.70985721E+03	9.35223896E+03	8.84712643E+03	3.84224724E+03	3.72784883E+03
4.51706287E+04	9.83957619E+03	9.47258380E+03	8.98040950E+03	3.92704452E+03	3.83207959E+03
4.53311998E+04	9.97321704E+03	9.61231478E+03	9.11773295E+03	4.02928460E+03
4.54722007E+04	1.00893528E+04	9.73970611E+03	9.24333107E+03	4.12990774E+03
4.56259664E+04	1.02188128E+04	9.87223337E+03	9.37491843E+03
4.59644495E+04	1.04226871E+04	1.01276596E+04	9.62976572E+03
4.63154231E+04	1.06429378E+04	1.03951736E+04	9.91113617E+03
4.66799796E+04	1.08813087E+04	1.06703450E+04	1.01733168E+04
4.70594221E+04	1.11411558E+04	1.09565706E+04
4.74622135E+04	1.13698684E+04	1.12607274E+04
4.78762667E+04	1.16400005E+04
4.81942424E+04	1.18950090E+04
4.85654438E+04
4.97218727E+04
