4.51703623E+04	7.43115738E+03	7.01021382E+03	6.45644203E+03	1.65254568E+03	1.47447599E+03	1.35901852E+03	1.05191348E+03	1.02708737E+03	3.39229072E+02	2.72770835E+02	2.43221082E+02	1.27530140E+02	1.21074051E+02	4.71417027E+01	2.86144725E+01	2.27815038E+01	4.11991962E+00	6.59652092E+00	0	0	4.31548405E+00
4.51773507E+04	7.43807692E+03	7.01716195E+03	6.46339580E+03	1.65938073E+03	1.48136179E+03	1.36589801E+03	1.05879251E+03	1.03395933E+03	3.45970376E+02	2.79648877E+02	2.50042168E+02	1.32129787E+02	1.27882434E+02	5.35497146E+01	3.54009742E+01	2.92688368E+01	1.09755034E+01	1.33933803E+01	0	0	1.03244928E+01
4.51851801E+04	7.44588295E+03	7.02495884E+03	6.47118177E+03	1.66715218E+03	1.48912132E+03	1.37364775E+03	1.06654618E+03	1.04171358E+03	3.53725171E+02	2.87360263E+02	2.57764096E+02	1.41899411E+02	1.35612050E+02	6.11959810E+01	4.27146868E+01	3.68051522E+01	1.86523892E+01	2.11573587E+01
4.52049561E+04	7.46659186E+03	7.04549197E+03	6.49185670E+03	1.68921675E+03	1.51090261E+03	1.39591101E+03	1.08857151E+03	1.06384296E+03	3.75139008E+02	3.07942380E+02	2.79245556E+02	1.61210467E+02	1.56631677E+02	7.70790653E+01	5.69504895E+01	5.14689527E+01	3.85637368E+01	3.82137014E+01
4.52271835E+04	7.48990694E+03	7.06855940E+03	6.51497427E+03	1.71405790E+03	1.53537245E+03	1.42015764E+03	1.11265174E+03	1.08831302E+03	3.98894846E+02	3.30772213E+02	3.01690713E+02	1.84042413E+02	1.79169442E+02	9.40754335E+01	7.21905653E+01	6.64799767E+01	5.99923808E+01
4.52515778E+04	7.51549238E+03	7.09392163E+03	6.54032176E+03	1.74138275E+03	1.56226695E+03	1.44651336E+03	1.13926436E+03	1.11421857E+03	4.24637473E+02	3.55190019E+02	3.25813510E+02	2.08027101E+02	2.01875929E+02	1.12043189E+02	8.87340497E+01	8.24216950E+01	8.22326490E+01
4.52780252E+04	7.54326905E+03	7.12144740E+03	6.56784052E+03	1.77098170E+03	1.59156008E+03	1.47582919E+03	1.16826651E+03	1.14238283E+03	4.52104901E+02	3.81544000E+02	3.52636436E+02	2.34497161E+02	2.26841618E+02	1.30887350E+02	1.06177326E+02	9.97352745E+01	1.05416871E+02
4.53064094E+04	7.57308907E+03	7.15099884E+03	6.59778929E+03	1.80272489E+03	1.62323252E+03	1.50951816E+03	1.20065646E+03	1.17680921E+03	4.81170858E+02	4.10152628E+02	3.83842892E+02	2.64124823E+02	2.59312525E+02	1.50580597E+02	1.24639228E+02	1.19024179E+02
4.53270422E+04	7.59340256E+03	7.17145541E+03	6.61781618E+03	1.82253214E+03	1.64316048E+03	1.52894386E+03	1.22033830E+03	1.19663828E+03	4.99970819E+02	4.29198270E+02	4.01807187E+02	2.82292690E+02	2.77740443E+02	1.63813354E+02	1.39563181E+02	1.34323249E+02
4.53486136E+04	7.61450663E+03	7.19271744E+03	6.63893731E+03	1.84308601E+03	1.66386411E+03	1.54935191E+03	1.24121708E+03	1.21721521E+03	5.19474759E+02	4.49013447E+02	4.20903107E+02	3.02099121E+02	2.97095469E+02	1.77866984E+02	1.56203916E+02	1.51385046E+02
4.53711104E+04	7.63643046E+03	7.21473553E+03	6.66090924E+03	1.86440461E+03	1.68524167E+03	1.57074429E+03	1.26233142E+03	1.23859377E+03	5.39684155E+02	4.69360877E+02	4.41369777E+02	3.21566598E+02	3.17055131E+02	1.92430273E+02	1.73345047E+02	1.68494890E+02
4.53944160E+04	7.65907725E+03	7.23748589E+03	6.68369724E+03	1.88654815E+03	1.70740228E+03	1.59292617E+03	1.28490679E+03	1.26082941E+03	5.60992175E+02	4.90698112E+02	4.62491253E+02	3.42658694E+02	3.38083708E+02	2.11197146E+02	1.91132552E+02
4.54190753E+04	7.68284592E+03	7.26087090E+03	6.70755552E+03	1.90952964E+03	1.72983287E+03	1.61591814E+03	1.30789512E+03	1.28396904E+03	5.82613158E+02	5.10989989E+02	4.83949094E+02	3.64572255E+02	3.59541439E+02	2.28541842E+02	2.09361856E+02
4.54446614E+04	7.70748203E+03	7.28571484E+03	6.73229909E+03	1.93346694E+03	1.75382866E+03	1.63991897E+03	1.33192791E+03	1.30802057E+03	6.05372078E+02	5.33639270E+02	5.06878525E+02	3.87189126E+02	3.82246397E+02	2.48104632E+02
4.54709182E+04	7.73284960E+03	7.31155228E+03	6.75806695E+03	1.95788349E+03	1.77876412E+03	1.66480136E+03	1.35706350E+03	1.33313270E+03	6.27645899E+02	5.56789096E+02	5.29883061E+02	4.10250433E+02	4.05252248E+02	2.68517662E+02
4.54985219E+04	7.75945706E+03	7.33823818E+03	6.78473204E+03	1.98374785E+03	1.80466956E+03	1.69065551E+03	1.38301424E+03	1.35907456E+03	6.52119551E+02	5.81201677E+02	5.54166145E+02	4.34384436E+02	4.29348962E+02
4.55420199E+04	7.80238471E+03	7.38199485E+03	6.82661431E+03	2.02451982E+03	1.84580012E+03	1.73059696E+03	1.42350215E+03	1.39608106E+03	6.84722130E+02	6.14169692E+02	5.80748399E+02	4.66125886E+02	4.61493349E+02
4.55868177E+04	7.84658461E+03	7.42714566E+03	6.87036917E+03	2.06631454E+03	1.88804545E+03	1.77282011E+03	1.46718637E+03	1.43855723E+03	7.18061220E+02	6.52073852E+02	6.11035072E+02	5.00788570E+02	4.96425277E+02
4.56328857E+04	7.89210468E+03	7.47350107E+03	6.91591019E+03	2.10914444E+03	1.93131057E+03	1.81499203E+03	1.51077252E+03	1.48145996E+03	7.52273932E+02	6.79719050E+02	6.44249569E+02	5.36576321E+02	5.33125191E+02
4.56803349E+04	7.93886702E+03	7.52091656E+03	6.96311470E+03	2.15297820E+03	1.97557214E+03	1.85846587E+03	1.54599038E+03	1.52540178E+03	7.86944308E+02	7.19469433E+02	6.79257455E+02	5.76376199E+02	5.68466904E+02
4.57292740E+04	7.98686112E+03	7.56897924E+03	7.01212479E+03	2.19780280E+03	2.02053815E+03	1.90388089E+03	1.59302744E+03	1.57170162E+03	8.21967570E+02	7.51942969E+02	7.15550608E+02	6.11582855E+02	6.08377183E+02
4.57786523E+04	8.03774579E+03	7.62038278E+03	7.06308215E+03	2.24443667E+03	2.06730058E+03	1.95042245E+03	1.63934859E+03	1.61903210E+03	8.63121137E+02	7.78106883E+02	7.56036488E+02	6.50545498E+02
4.58301680E+04	8.08860338E+03	7.67023553E+03	7.11414911E+03	2.29122980E+03	2.11398299E+03	1.99652945E+03	1.68477634E+03	1.66568871E+03	9.01856302E+02	8.23518328E+02	7.93347574E+02	6.88456811E+02
4.58828801E+04	8.14143096E+03	7.72199125E+03	7.16689449E+03	2.33949946E+03	2.16191185E+03	2.04470875E+03	1.73370071E+03	1.71488115E+03	9.42464420E+02	8.71951981E+02	8.31619069E+02	7.28723505E+02
4.59369739E+04	8.19547578E+03	7.77567943E+03	7.21985394E+03	2.38873541E+03	2.21116605E+03	2.09179142E+03	1.78981175E+03	1.76289443E+03	9.83629705E+02	9.06008865E+02	8.69934461E+02	7.66619455E+02
4.59924033E+04	8.25087921E+03	7.83147781E+03	7.27711537E+03	2.43901134E+03	2.26176186E+03	2.14518824E+03	1.84194008E+03	1.81728565E+03	1.02592390E+03	9.47870096E+02	9.15741302E+02
4.60506687E+04	8.30572739E+03	7.88739291E+03	7.33043104E+03	2.48832708E+03	2.31202050E+03	2.19186556E+03	1.89132310E+03	1.86726908E+03	1.05885015E+03	9.86010986E+02	9.54908292E+02
4.61104371E+04	8.36167676E+03	7.94441995E+03	7.38673749E+03	2.53873960E+03	2.36348143E+03	2.24188789E+03	1.94366630E+03	1.91837136E+03	1.09430354E+03	1.02681322E+03	9.98166911E+02
4.61718053E+04	8.41876761E+03	8.00241096E+03	7.44411519E+03	2.59033761E+03	2.41585101E+03	2.29345675E+03	1.99423377E+03	1.97020513E+03	1.13253667E+03	1.06893503E+03	1.03900280E+03
4.62349074E+04	8.47713660E+03	8.06153071E+03	7.50347500E+03	2.64347745E+03	2.46948258E+03	2.34701729E+03	2.05014580E+03	2.02465190E+03	1.17649441E+03	1.11298455E+03
4.63008196E+04	8.53722970E+03	8.11977084E+03	7.56423863E+03	2.69693309E+03	2.51923575E+03	2.40071118E+03	2.10470839E+03	2.07955241E+03	1.21508900E+03	1.15779527E+03
4.63682815E+04	8.59879877E+03	8.18264582E+03	7.62651536E+03	2.75254834E+03	2.57528884E+03	2.45669693E+03	2.16147429E+03	2.13620146E+03	1.26092390E+03
4.64324213E+04	8.65765458E+03	8.24397631E+03	7.68742415E+03	2.80398378E+03	2.62973333E+03	2.51071846E+03	2.21728179E+03	2.19184385E+03	1.30730339E+03
4.65004764E+04	8.72012728E+03	8.30704407E+03	7.75029904E+03	2.86063632E+03	2.68673629E+03	2.56733576E+03	2.27481495E+03	2.24929125E+03
4.66217496E+04	8.83506008E+03	8.42723047E+03	7.85970716E+03	2.94670922E+03	2.77829414E+03	2.64278045E+03	2.36621234E+03	2.34192560E+03
4.67455761E+04	8.95256513E+03	8.55039714E+03	7.97525729E+03	3.03458196E+03	2.87388603E+03	2.72597915E+03	2.46586852E+03	2.44194859E+03
4.68719048E+04	9.07309352E+03	8.67596211E+03	8.09619237E+03	3.12477085E+03	2.97214594E+03	2.81517193E+03	2.56921476E+03	2.54800944E+03
4.70008878E+04	9.19628291E+03	8.80367461E+03	8.22138560E+03	3.21668066E+03	3.07182177E+03	2.90807263E+03	2.66916848E+03	2.65038135E+03
4.71325365E+04	9.32218966E+03	8.93246369E+03	8.35106228E+03	3.31028121E+03	3.17035804E+03	3.00434976E+03	2.77558066E+03	2.75436112E+03
4.72660025E+04	9.45695150E+03	9.06883416E+03	8.48759078E+03	3.41335341E+03	3.27996246E+03	3.10882561E+03	2.89051759E+03
4.74039259E+04	9.58750836E+03	9.19408816E+03	8.61919403E+03	3.50892602E+03	3.36169981E+03	3.20446587E+03	2.99637092E+03
4.75444466E+04	9.72380155E+03	9.32567518E+03	8.75780699E+03	3.60981025E+03	3.45085248E+03	3.30501579E+03	3.11105217E+03
4.76878501E+04	9.86261474E+03	9.46359494E+03	8.89165609E+03	3.71235995E+03	3.54832273E+03	3.40167109E+03	3.21786774E+03
4.78341127E+04	1.00047832E+04	9.60841985E+03	9.04352385E+03	3.81764322E+03	3.65672417E+03	3.51763074E+03
4.79784055E+04	1.01300092E+04	9.73943561E+03	9.16134955E+03	3.89615149E+03	3.74983416E+03	3.61262804E+03
4.81265626E+04	1.02576129E+04	9.87285140E+03	9.29132248E+03	3.98128428E+03	3.84819565E+03	3.71697670E+03
4.82788704E+04	1.03877611E+04	1.00081790E+04	9.42312412E+03	4.07389068E+03	3.94958612E+03	3.81452536E+03
4.84357045E+04	1.05207972E+04	1.01459142E+04	9.56101187E+03	4.17641538E+03	4.05560867E+03
4.86001667E+04	1.06563104E+04	1.02717377E+04	9.70017719E+03	4.26442547E+03	4.16451832E+03
4.87683599E+04	1.07957666E+04	1.04177242E+04	9.84333961E+03	4.37103125E+03
4.89154952E+04	1.09167881E+04	1.05506447E+04	9.97422690E+03	4.47588931E+03
4.90761700E+04	1.10517509E+04	1.06888056E+04	1.01113209E+04
4.94280212E+04	1.12638957E+04	1.09549804E+04	1.03760792E+04
4.97928127E+04	1.14932547E+04	1.12333641E+04	1.06684116E+04
5.01716163E+04	1.17415376E+04	1.15195206E+04	1.09404103E+04
5.05656051E+04	1.20117705E+04	1.18169660E+04
5.09860502E+04	1.22496824E+04	1.21344774E+04
5.14192042E+04	1.25308418E+04
5.17501652E+04	1.27962982E+04
5.21374016E+04
5.33454687E+04
