5.74592610E+04	9.74950253E+03	9.25440214E+03	8.34755803E+03	2.22171990E+03	2.00404480E+03	1.80873395E+03	1.44609703E+03	1.40292536E+03	4.52016410E+02	3.66676347E+02	3.19856272E+02	1.75023985E+02	1.64592620E+02	5.80346036E+01	3.36559535E+01	2.66930286E+01	1.15430639E+00	1.14515725E-01	0	0	4.77519461E+00
5.74666907E+04	9.75692074E+03	9.26184195E+03	8.35498650E+03	2.22548349E+03	2.01147467E+03	1.81614304E+03	1.45355378E+03	1.41036093E+03	4.59342278E+02	3.74094550E+02	3.27247566E+02	1.82468172E+02	1.72000490E+02	6.50750550E+01	4.09019786E+01	3.37865814E+01	8.61847094E+00	7.52396315E+00	0	0	1.11153692E+01
5.74752631E+04	9.76542864E+03	9.27033852E+03	8.36347963E+03	2.23392737E+03	2.01993272E+03	1.82461180E+03	1.46197673E+03	1.41880061E+03	4.67782284E+02	3.82531725E+02	3.35714511E+02	1.90897803E+02	1.80465496E+02	7.34732195E+01	4.91732636E+01	4.20885748E+01	1.69968057E+01	1.59638981E+01
5.74963112E+04	9.78726874E+03	9.29205737E+03	8.38534631E+03	2.25636552E+03	2.04275817E+03	1.84639646E+03	1.48495205E+03	1.44070586E+03	4.89121888E+02	4.04822310E+02	3.55880518E+02	2.08545162E+02	2.00189771E+02	9.04490889E+01	6.53451466E+01	5.73540026E+01	3.80476572E+01	3.71430183E+01
5.75197157E+04	9.81158912E+03	9.31623010E+03	8.40944522E+03	2.28138601E+03	2.06814607E+03	1.87082551E+03	1.51001607E+03	1.46507023E+03	5.12627161E+02	4.29324085E+02	3.78429967E+02	2.31404923E+02	2.22268245E+02	1.08580416E+02	8.26231894E+01	7.36706991E+01	6.06761733E+01	6.39351486E+01
5.75454123E+04	9.83829580E+03	9.34275841E+03	8.43595210E+03	2.30880690E+03	2.09582170E+03	1.89792814E+03	1.53732187E+03	1.49208454E+03	5.38022224E+02	4.54977294E+02	4.03292680E+02	2.58893967E+02	2.46566782E+02	1.27736321E+02	1.00864146E+02	9.10709334E+01	8.49452428E+01	8.44505524E+01
5.75732347E+04	9.86726276E+03	9.37150837E+03	8.46481822E+03	2.33849033E+03	2.12563718E+03	1.92784078E+03	1.56673328E+03	1.52205020E+03	5.65137196E+02	4.82624891E+02	4.30537083E+02	2.83856024E+02	2.73519004E+02	1.47854625E+02	1.19907124E+02	1.09653352E+02	1.09212552E+02	1.15696181E+02
5.76030658E+04	9.89834994E+03	9.40230582E+03	8.49600162E+03	2.37026963E+03	2.15732895E+03	1.96069956E+03	1.59818924E+03	1.55536613E+03	5.93823522E+02	5.12469513E+02	4.60244739E+02	3.12539247E+02	3.03505890E+02	1.68880010E+02	1.39867466E+02	1.29538411E+02	1.46381760E+02	1.45765025E+02
5.76343053E+04	9.93104055E+03	9.43469072E+03	8.52846970E+03	2.40488788E+03	2.19213227E+03	1.99498411E+03	1.63218899E+03	1.58948741E+03	6.26220966E+02	5.44193435E+02	4.90945836E+02	3.42492779E+02	3.33229613E+02	1.91436590E+02	1.60921998E+02	1.50113041E+02	1.74752792E+02	1.73811669E+02
5.76676187E+04	9.96586718E+03	9.46920620E+03	8.56298835E+03	2.44148346E+03	2.22824978E+03	2.03134686E+03	1.66840942E+03	1.62531568E+03	6.59877959E+02	5.76589892E+02	5.23812599E+02	3.73121689E+02	3.64316968E+02	2.14584354E+02	1.82673477E+02	1.71276605E+02	2.04661586E+02	2.03927184E+02
5.77027052E+04	1.00025983E+04	9.50556707E+03	8.59968142E+03	2.48007801E+03	2.26617101E+03	2.07010204E+03	1.70669552E+03	1.66389908E+03	6.94984743E+02	6.10133649E+02	5.58543109E+02	4.09197800E+02	3.98461229E+02	2.38571024E+02	2.05251404E+02	1.93700357E+02	2.37457782E+02
5.77394846E+04	1.00410600E+04	9.54368366E+03	8.63790814E+03	2.52055682E+03	2.30586053E+03	2.10950772E+03	1.74583123E+03	1.70395856E+03	7.31438306E+02	6.44758143E+02	5.92706607E+02	4.43465668E+02	4.32961410E+02	2.63314959E+02	2.28671327E+02	2.16187459E+02	2.72630647E+02
5.77780305E+04	1.00813442E+04	9.58363828E+03	8.67791248E+03	2.56285293E+03	2.34737934E+03	2.15028640E+03	1.78713680E+03	1.74422089E+03	7.69088743E+02	6.80537686E+02	6.27899790E+02	4.79082316E+02	4.66550437E+02	2.88763588E+02	2.52883511E+02	2.39276816E+02	3.06987686E+02
5.78182166E+04	1.01233922E+04	9.62533087E+03	8.71960387E+03	2.60684230E+03	2.39095016E+03	2.19388714E+03	1.83073973E+03	1.78615494E+03	8.07811849E+02	7.18066753E+02	6.65536651E+02	5.13710088E+02	5.01816918E+02	3.14874750E+02	2.77911623E+02	2.63604474E+02	3.41495337E+02
5.78600521E+04	1.01671526E+04	9.66872636E+03	8.76366169E+03	2.65259536E+03	2.43667406E+03	2.24263291E+03	1.87738611E+03	1.83629058E+03	8.47745928E+02	7.57602280E+02	7.08108792E+02	5.56091360E+02	5.46508060E+02	3.41700041E+02	3.03733940E+02	2.90220617E+02
5.78890429E+04	1.01954080E+04	9.69725521E+03	8.79145044E+03	2.67977847E+03	2.46406510E+03	2.26923564E+03	1.90443997E+03	1.86356644E+03	8.73066233E+02	7.83279225E+02	7.32272838E+02	5.80683416E+02	5.71490064E+02	3.59340661E+02	3.23810680E+02	3.10807445E+02
5.79189116E+04	1.02244010E+04	9.72652325E+03	8.82049419E+03	2.70765858E+03	2.49217043E+03	2.29695091E+03	1.93287187E+03	1.89153993E+03	8.99088150E+02	8.09692446E+02	7.57837730E+02	6.07123543E+02	5.97346336E+02	3.78265857E+02	3.45551918E+02	3.33720377E+02
5.79496653E+04	1.02541251E+04	9.75646094E+03	8.85026471E+03	2.73626092E+03	2.52090277E+03	2.32551721E+03	1.96102005E+03	1.92013478E+03	9.25854519E+02	8.36675113E+02	7.84579987E+02	6.32625285E+02	6.23570753E+02	3.98503472E+02	3.68017722E+02	3.55543798E+02
5.79813420E+04	1.02846117E+04	9.78711497E+03	8.88100885E+03	2.76567570E+03	2.55035955E+03	2.35506076E+03	1.99131118E+03	1.94984253E+03	9.53642491E+02	8.64442634E+02	8.12301591E+02	6.61322409E+02	6.51308380E+02	4.22443620E+02	3.91522960E+02
5.80147728E+04	1.03164840E+04	9.81838815E+03	8.91302543E+03	2.79608918E+03	2.57997536E+03	2.38551730E+03	2.02178247E+03	1.98054687E+03	9.81743888E+02	8.90851082E+02	8.40299110E+02	6.89256366E+02	6.79368990E+02	4.43799616E+02	4.15549189E+02
5.80491382E+04	1.03491799E+04	9.85147156E+03	8.94588180E+03	2.82749455E+03	2.61150839E+03	2.41696949E+03	2.05338051E+03	2.01212813E+03	1.01114971E+03	9.20173204E+02	8.69732544E+02	7.18475373E+02	7.08621059E+02	4.68920464E+02
5.80835060E+04	1.03820627E+04	9.88509209E+03	8.97935466E+03	2.85881044E+03	2.64358506E+03	2.44893069E+03	2.08575179E+03	2.04444962E+03	1.03931422E+03	9.49550950E+02	8.98862804E+02	7.47858188E+02	7.37915860E+02	4.94780537E+02
5.81195107E+04	1.04164356E+04	9.91959552E+03	9.01380486E+03	2.89187032E+03	2.67672152E+03	2.48196082E+03	2.11896862E+03	2.07764680E+03	1.07018259E+03	9.80378266E+02	9.29462591E+02	7.78392222E+02	7.68388381E+02
5.81753174E+04	1.04712206E+04	9.97557621E+03	9.06719132E+03	2.94321118E+03	2.72860730E+03	2.53229476E+03	2.16999767E+03	2.12432226E+03	1.11052847E+03	1.02278778E+03	9.62593766E+02	8.18141983E+02	8.08731859E+02
5.82324066E+04	1.05273059E+04	1.00329334E+04	9.12273105E+03	2.99554445E+03	2.78157337E+03	2.58497032E+03	2.22481302E+03	2.17763478E+03	1.15173412E+03	1.06775155E+03	1.00023741E+03	8.61301713E+02	8.52175143E+02
5.82907531E+04	1.05847946E+04	1.00915056E+04	9.18024402E+03	3.04890886E+03	2.83552634E+03	2.63755907E+03	2.28116767E+03	2.23130135E+03	1.19405514E+03	1.11417656E+03	1.04129580E+03	9.05934659E+02	8.98075393E+02
5.83504303E+04	1.06436119E+04	1.01512517E+04	9.23947550E+03	3.10327897E+03	2.89047267E+03	2.69133512E+03	2.33639398E+03	2.28584037E+03	1.23706921E+03	1.14898747E+03	1.08432108E+03	9.49682441E+02	9.42454116E+02
5.84114715E+04	1.07037598E+04	1.02118877E+04	9.30051642E+03	3.15865290E+03	2.94624841E+03	2.74698153E+03	2.37534808E+03	2.34261182E+03	1.28066758E+03	1.20678972E+03	1.12885515E+03	9.95957262E+02	9.88127698E+02
5.84733223E+04	1.07668771E+04	1.02749341E+04	9.36390445E+03	3.21580718E+03	3.00340336E+03	2.80440298E+03	2.43442376E+03	2.40138331E+03	1.33046137E+03	1.25798310E+03	1.17806141E+03	1.04561094E+03
5.85373834E+04	1.08295766E+04	1.03366015E+04	9.42698147E+03	3.27299851E+03	3.06057407E+03	2.86043658E+03	2.48912264E+03	2.45828050E+03	1.37628349E+03	1.29585406E+03	1.22262459E+03	1.09149981E+03
5.86026950E+04	1.08944984E+04	1.04003812E+04	9.49242150E+03	3.33173784E+03	3.11906974E+03	2.91944878E+03	2.54891487E+03	2.51856420E+03	1.42475822E+03	1.33471063E+03	1.26913210E+03	1.14085965E+03
5.86694033E+04	1.09606952E+04	1.04663521E+04	9.55712637E+03	3.39145731E+03	3.17896697E+03	2.97632728E+03	2.62227226E+03	2.57714625E+03	1.47400914E+03	1.37764955E+03	1.31443866E+03	1.18699412E+03
5.87374896E+04	1.10283384E+04	1.05346356E+04	9.62707639E+03	3.45224989E+03	3.24027267E+03	3.04090367E+03	2.68543278E+03	2.64279848E+03	1.52473448E+03	1.42817184E+03	1.36929943E+03
5.88079073E+04	1.10942380E+04	1.06019888E+04	9.69100794E+03	3.51094675E+03	3.30019574E+03	3.09642543E+03	2.74437840E+03	2.70247663E+03	1.56391948E+03	1.47369441E+03	1.41589896E+03
5.88799830E+04	1.11612921E+04	1.06704361E+04	9.75847371E+03	3.57085958E+03	3.36136648E+03	3.15596415E+03	2.80670534E+03	2.76326140E+03	1.60642449E+03	1.52207201E+03	1.46728779E+03
5.89538272E+04	1.12295466E+04	1.07398687E+04	9.82698953E+03	3.63208574E+03	3.42349237E+03	3.21684991E+03	2.86666936E+03	2.82469748E+03	1.65270393E+03	1.57196596E+03	1.51529621E+03
5.90295245E+04	1.12990968E+04	1.08103991E+04	9.89778058E+03	3.69486063E+03	3.48687175E+03	3.28021378E+03	2.93342967E+03	2.88924995E+03	1.70451070E+03	1.62420185E+03
5.91092536E+04	1.13711651E+04	1.08801341E+04	9.97060770E+03	3.75832979E+03	3.54613450E+03	3.34398458E+03	2.99793935E+03	2.95455239E+03	1.74894293E+03	1.67767485E+03
5.91909121E+04	1.14446997E+04	1.09554910E+04	1.00449103E+04	3.82422762E+03	3.61272086E+03	3.41010307E+03	3.06527210E+03	3.02162967E+03	1.80309666E+03
5.92673411E+04	1.15143586E+04	1.10283576E+04	1.01170756E+04	3.88470094E+03	3.67692401E+03	3.47364116E+03	3.13109646E+03	3.08719441E+03	1.85764712E+03
5.93486519E+04	1.15883224E+04	1.11030688E+04	1.01914546E+04	3.95129805E+03	3.74400685E+03	3.54012655E+03	3.19880593E+03	3.15477053E+03
5.94911045E+04	1.17228736E+04	1.12440041E+04	1.03193367E+04	4.05174760E+03	3.85109259E+03	3.62832852E+03	3.30575472E+03	3.26318498E+03
5.96361677E+04	1.18603001E+04	1.13879467E+04	1.04544775E+04	4.15433141E+03	3.96202654E+03	3.72556515E+03	3.42210277E+03	3.37960831E+03
5.97837912E+04	1.20011475E+04	1.15343701E+04	1.05955836E+04	4.25967554E+03	4.07557113E+03	3.82941590E+03	3.54303087E+03	3.50345527E+03
5.99340800E+04	1.21452589E+04	1.16832621E+04	1.07412250E+04	4.36743244E+03	4.19127882E+03	3.93729904E+03	3.65779922E+03	3.62247712E+03
6.00869975E+04	1.22930318E+04	1.18343582E+04	1.08916747E+04	4.47802146E+03	4.30804527E+03	4.04912283E+03	3.78024434E+03	3.74028012E+03
6.02422076E+04	1.24477285E+04	1.19898000E+04	1.10494759E+04	4.59549820E+03	4.43058637E+03	4.16881286E+03	3.91462106E+03
6.04024324E+04	1.25985853E+04	1.21356338E+04	1.12015686E+04	4.70511384E+03	4.52611417E+03	4.27851792E+03	4.03644544E+03
6.05655172E+04	1.27555417E+04	1.22883080E+04	1.13622204E+04	4.82071744E+03	4.63082397E+03	4.39467956E+03	4.16936755E+03
6.07316576E+04	1.29153950E+04	1.24479956E+04	1.15164760E+04	4.93852158E+03	4.74524422E+03	4.50472027E+03	4.29272937E+03
6.09008560E+04	1.30790020E+04	1.26151024E+04	1.16908287E+04	5.05968485E+03	4.87050503E+03	4.63745103E+03
6.10668649E+04	1.32227876E+04	1.27658825E+04	1.18256168E+04	5.14978946E+03	4.97766042E+03	4.74615533E+03
6.12372138E+04	1.33691740E+04	1.29190100E+04	1.19743985E+04	5.24788793E+03	5.09047891E+03	4.86544191E+03
6.14121795E+04	1.35183043E+04	1.30740511E+04	1.21249985E+04	5.35482288E+03	5.20661802E+03	4.97650225E+03
6.15920057E+04	1.36704223E+04	1.32314093E+04	1.22825416E+04	5.47223471E+03	5.32802160E+03
6.17831665E+04	1.38270242E+04	1.33769220E+04	1.24428962E+04	5.57206386E+03	5.45378752E+03
6.19794413E+04	1.39874924E+04	1.35456515E+04	1.26070432E+04	5.69438871E+03
6.21487965E+04	1.41261127E+04	1.36986385E+04	1.27569457E+04	5.81450466E+03
6.23346151E+04	1.42809808E+04	1.38571709E+04	1.29138500E+04
6.27339715E+04	1.45227683E+04	1.41621712E+04	1.32136390E+04
6.31478300E+04	1.47847251E+04	1.44797203E+04	1.35448182E+04
6.35772227E+04	1.50684137E+04	1.48053788E+04	1.38516286E+04
6.40229709E+04	1.53760496E+04	1.51429654E+04
6.45087810E+04	1.56481899E+04	1.55096835E+04
6.50136465E+04	1.59695329E+04
6.53920013E+04	1.62731774E+04
6.58386318E+04
6.72392644E+04
