9.83370646E+04	1.80455981E+04	1.73217666E+04	1.46003724E+04	4.48308443E+03	4.15910352E+03	3.53632623E+03	3.01479349E+03	2.88681591E+03	1.10162039E+03	9.59198701E+02	8.00081596E+02	5.68949817E+02	5.39214072E+02	2.20929295E+02	1.67670758E+02	1.33981242E+02	2.34171750E+02	2.27143163E+02	5.48373826E+01	5.00939469E+01	2.78569744E+01	1.40118803E+01	9.38031931E+00
9.83471487E+04	1.80557215E+04	1.73318637E+04	1.46104002E+04	4.49311510E+03	4.16915454E+03	3.54629647E+03	3.02477286E+03	2.89682147E+03	1.11153116E+03	9.69157182E+02	8.09914177E+02	5.78764505E+02	5.49086615E+02	2.30693449E+02	1.77557699E+02	1.43503523E+02	2.43972003E+02	2.36979360E+02	6.42352951E+01	5.96475384E+01	3.55465658E+01	2.22051569E+01	1.76947066E+01
9.83582118E+04	1.80667538E+04	1.73429145E+04	1.46214212E+04	4.50408599E+03	4.18014805E+03	3.55724089E+03	3.03579578E+03	2.90778759E+03	1.12243783E+03	9.80117676E+02	8.20755279E+02	5.89808792E+02	5.60031423E+02	2.41413029E+02	1.88420873E+02	1.54054822E+02	2.55018998E+02	2.47984997E+02	7.51517507E+01	7.02364964E+01	4.40517392E+01	3.18485547E+01	2.76416535E+01
9.83699556E+04	1.80786733E+04	1.73548911E+04	1.46333757E+04	4.51597983E+03	4.19206405E+03	3.56914113E+03	3.04759790E+03	2.91966835E+03	1.13425491E+03	9.91968570E+02	8.32579837E+02	6.01414543E+02	5.71803708E+02	2.53017612E+02	2.00109830E+02	1.65699812E+02	2.66696632E+02	2.59744053E+02	8.60630916E+01	8.14877423E+01	5.33045866E+01	4.20308144E+01	3.74392086E+01
9.83830919E+04	1.80914672E+04	1.73676668E+04	1.46461349E+04	4.52866661E+03	4.20474339E+03	3.58183054E+03	3.06037575E+03	2.93236108E+03	1.14688696E+03	1.00458880E+03	8.45222493E+02	6.14284058E+02	5.84463948E+02	2.65547282E+02	2.12595637E+02	1.78176735E+02	2.79489422E+02	2.72402218E+02	9.85429501E+01	9.38995706E+01	6.48643275E+01	5.28944975E+01
9.83976192E+04	1.81057643E+04	1.73818666E+04	1.46604407E+04	4.54282844E+03	4.21877536E+03	3.59600409E+03	3.07452875E+03	2.94654472E+03	1.16091248E+03	1.01840734E+03	8.59248277E+02	6.28263072E+02	5.98510387E+02	2.79178584E+02	2.25700089E+02	1.91739778E+02	2.93389049E+02	2.86450352E+02	1.12016189E+02	1.07234090E+02	7.57733257E+01	6.47416518E+01
9.84130602E+04	1.81209018E+04	1.73970441E+04	1.46755830E+04	4.55783653E+03	4.23379257E+03	3.61100353E+03	3.08953726E+03	2.96155356E+03	1.17582635E+03	1.03332096E+03	8.74149042E+02	6.43150338E+02	6.13406634E+02	2.93838098E+02	2.40301501E+02	2.06365927E+02	3.08357590E+02	3.01328094E+02	1.26430110E+02	1.21660184E+02	8.88380449E+01
9.84298939E+04	1.81374439E+04	1.74137294E+04	1.46922393E+04	4.57422525E+03	4.25032695E+03	3.62752675E+03	3.10610636E+03	2.97811645E+03	1.19196670E+03	1.04969241E+03	8.90478261E+02	6.59547247E+02	6.29790066E+02	3.09080375E+02	2.55999599E+02	2.21822516E+02	3.24759548E+02	3.17724561E+02	1.41572252E+02	1.36692354E+02	1.02928735E+02
9.84476483E+04	1.81548693E+04	1.74311953E+04	1.47096635E+04	4.59149723E+03	4.26761224E+03	3.64479418E+03	3.12338290E+03	2.99538822E+03	1.20912326E+03	1.06685370E+03	9.07599568E+02	6.76672816E+02	6.46905908E+02	3.25827618E+02	2.72694036E+02	2.38381165E+02	3.41852797E+02	3.34813306E+02	1.57853477E+02	1.52918114E+02
9.84727921E+04	1.81799703E+04	1.74565135E+04	1.47344493E+04	4.61633071E+03	4.29253334E+03	3.66939505E+03	3.14797288E+03	3.01932364E+03	1.23330652E+03	1.09119794E+03	9.31426056E+02	7.00165728E+02	6.69120941E+02	3.47185927E+02	2.94700395E+02	2.55291908E+02	3.65256244E+02	3.57986225E+02	1.77348902E+02	1.72676531E+02
9.84989432E+04	1.82060503E+04	1.74828343E+04	1.47603861E+04	4.64204144E+03	4.31835468E+03	3.69521073E+03	3.17408905E+03	3.04521964E+03	1.25830545E+03	1.11641480E+03	9.56491650E+02	7.25659039E+02	6.94250871E+02	3.69193896E+02	3.18068884E+02	2.74737432E+02	3.90295512E+02	3.83063302E+02	1.98809280E+02	1.94243610E+02
9.85259497E+04	1.82330666E+04	1.75100411E+04	1.47873664E+04	4.66859646E+03	4.34500783E+03	3.72160394E+03	3.20095480E+03	3.07172288E+03	1.28410933E+03	1.14240507E+03	9.81900968E+02	7.51957557E+02	7.19922513E+02	3.91956604E+02	3.42316919E+02	2.96197815E+02	4.16130623E+02	4.08640457E+02	2.21221620E+02	2.17272089E+02
9.85539393E+04	1.82610360E+04	1.75381796E+04	1.48153947E+04	4.69601366E+03	4.37252228E+03	3.74887900E+03	3.22829725E+03	3.09907839E+03	1.31070487E+03	1.16916575E+03	1.00820367E+03	7.78262104E+02	7.45968162E+02	4.15263177E+02	3.66708130E+02	3.18916551E+02	4.42340369E+02	4.34574192E+02	2.43515050E+02	2.39770410E+02
9.85828791E+04	1.82899412E+04	1.75671482E+04	1.48444569E+04	4.72427534E+03	4.40084945E+03	3.77720032E+03	3.25649341E+03	3.12757387E+03	1.33807072E+03	1.19657876E+03	1.03566224E+03	8.05420900E+02	7.73552352E+02	4.39037442E+02	3.91015006E+02	3.42616084E+02	4.69068055E+02	4.62126736E+02	2.67178538E+02	2.63139111E+02
9.86123715E+04	1.83199481E+04	1.75969894E+04	1.48744937E+04	4.75333549E+03	4.42985925E+03	3.80634662E+03	3.28624557E+03	3.15696850E+03	1.36659478E+03	1.22498168E+03	1.06410524E+03	8.35499786E+02	8.02017583E+02	4.66129248E+02	4.19154464E+02	3.69115349E+02	4.99891308E+02	4.90560382E+02	2.92679081E+02
9.86434614E+04	1.83508695E+04	1.76277556E+04	1.49055148E+04	4.78342747E+03	4.45996197E+03	3.83611687E+03	3.31556232E+03	3.18688069E+03	1.39545808E+03	1.25350610E+03	1.09236396E+03	8.61349522E+02	8.30069216E+02	4.91493183E+02	4.40047524E+02	3.93199668E+02	5.28649848E+02	5.18541970E+02	3.16480874E+02
9.86753846E+04	1.83828569E+04	1.76595044E+04	1.49376504E+04	4.81439105E+03	4.49086740E+03	3.86725718E+03	3.34646455E+03	3.21825568E+03	1.42536840E+03	1.28294776E+03	1.12229012E+03	8.90534865E+02	8.60020293E+02	5.18430444E+02	4.61898953E+02	4.18492751E+02	5.56016506E+02	5.48521131E+02	3.42263881E+02
9.87082547E+04	1.84157195E+04	1.76923308E+04	1.49700898E+04	4.84613614E+03	4.52264908E+03	3.89810444E+03	3.37820531E+03	3.24947271E+03	1.45599309E+03	1.31335857E+03	1.15129423E+03	9.20646039E+02	8.89186907E+02	5.45950766E+02	4.86223781E+02	4.43194076E+02	5.85919095E+02	5.77789831E+02	3.66405185E+02
9.87419977E+04	1.84494292E+04	1.77262243E+04	1.50042840E+04	4.87864575E+03	4.55528461E+03	3.93156805E+03	3.41120065E+03	3.28295582E+03	1.48737844E+03	1.34475176E+03	1.18438948E+03	9.52268394E+02	9.22136495E+02	5.74438058E+02	5.14227305E+02	4.73565849E+02	6.17683593E+02	6.10480249E+02
9.87956393E+04	1.85048897E+04	1.77814466E+04	1.50592174E+04	4.93460841E+03	4.61212526E+03	3.98634753E+03	3.46573301E+03	3.33421124E+03	1.53643115E+03	1.39491057E+03	1.23035634E+03	9.97534444E+02	9.60085769E+02	6.09763444E+02	5.48879193E+02	5.05563867E+02	6.63965010E+02	6.57145042E+02
9.88508512E+04	1.85619813E+04	1.78382642E+04	1.51163566E+04	4.99215165E+03	4.67078588E+03	4.04235063E+03	3.52479370E+03	3.38968373E+03	1.58659474E+03	1.44662241E+03	1.27740297E+03	1.04727074E+03	1.00484124E+03	6.45781905E+02	5.84294238E+02	5.39202261E+02	7.12658671E+02	7.06134915E+02
9.89076115E+04	1.86206992E+04	1.78966662E+04	1.51751712E+04	5.05131396E+03	4.73105538E+03	4.09990774E+03	3.58642518E+03	3.44769048E+03	1.63792113E+03	1.49949584E+03	1.32577279E+03	1.09312494E+03	1.05257133E+03	6.82502545E+02	6.20420262E+02	5.73758437E+02	7.65808369E+02	7.59397085E+02
9.89658843E+04	1.86810028E+04	1.79566136E+04	1.52351107E+04	5.11216262E+03	4.79289948E+03	4.15935257E+03	3.64890173E+03	3.50742495E+03	1.69052891E+03	1.55356554E+03	1.37572896E+03	1.14244947E+03	1.10194574E+03	7.19954082E+02	6.57277700E+02	6.08159867E+02	8.20877276E+02	8.15153849E+02
9.90257503E+04	1.87429708E+04	1.80181824E+04	1.52967857E+04	5.17453576E+03	4.85621918E+03	4.22085500E+03	3.71104006E+03	3.56917907E+03	1.74408030E+03	1.60841731E+03	1.42725838E+03	1.18353425E+03	1.15291170E+03	7.58055319E+02	6.94834165E+02	6.43337200E+02	8.73530317E+02	8.69152191E+02
9.90872920E+04	1.88066762E+04	1.80814566E+04	1.53604364E+04	5.23831263E+03	4.92060446E+03	4.28480613E+03	3.77402883E+03	3.63372306E+03	1.79836107E+03	1.66333326E+03	1.48060614E+03	1.23643646E+03	1.20618573E+03	7.96732397E+02	7.32920537E+02	6.79515778E+02	9.22868921E+02	9.29631405E+02
9.91505501E+04	1.88721640E+04	1.81463790E+04	1.54263041E+04	5.30355361E+03	4.98577113E+03	4.35174794E+03	3.83710283E+03	3.70200505E+03	1.85343651E+03	1.71808857E+03	1.53619333E+03	1.29214337E+03	1.26263479E+03	8.35996710E+02	7.71352695E+02	7.16993474E+02	9.94050093E+02	9.88447346E+02
9.92139647E+04	1.89381544E+04	1.82116677E+04	1.54922875E+04	5.37388000E+03	5.05689859E+03	4.42254499E+03	3.90931061E+03	3.77205133E+03	1.91554952E+03	1.78183744E+03	1.59686913E+03	1.34597285E+03	1.32217895E+03	8.77606835E+02	8.11736001E+02	7.55808653E+02	1.05057993E+03
9.92803080E+04	1.90070447E+04	1.82799732E+04	1.55604122E+04	5.44267258E+03	5.12388281E+03	4.48948446E+03	3.97652644E+03	3.83946191E+03	1.97367997E+03	1.83662593E+03	1.65152868E+03	1.40366834E+03	1.37637582E+03	9.17872689E+02	8.51230228E+02	7.92933476E+02	1.10691198E+03
9.93481085E+04	1.90773650E+04	1.83497645E+04	1.56310528E+04	5.51392176E+03	5.19313689E+03	4.56064753E+03	4.04412196E+03	3.91081129E+03	2.03393469E+03	1.89352491E+03	1.70968432E+03	1.46161033E+03	1.43412271E+03	9.59341238E+02	8.91585374E+02	8.32296431E+02	1.16812422E+03
9.94173293E+04	1.91491055E+04	1.84210049E+04	1.57026289E+04	5.58709474E+03	5.26451387E+03	4.63282327E+03	4.11485815E+03	3.98492027E+03	2.09575955E+03	1.95242246E+03	1.76818987E+03	1.52657689E+03	1.49398965E+03	1.00162926E+03	9.32778974E+02	8.71910329E+02	1.23240949E+03
9.94881198E+04	1.92224848E+04	1.84938629E+04	1.57756684E+04	5.66171955E+03	5.33797215E+03	4.70442302E+03	4.18819630E+03	4.05697450E+03	2.15843311E+03	2.01311749E+03	1.82612291E+03	1.58300918E+03	1.55111627E+03	1.04451975E+03	9.74789839E+02	9.11127953E+02	1.29372922E+03
9.95604672E+04	1.92974772E+04	1.85683091E+04	1.58505186E+04	5.73771746E+03	5.41369072E+03	4.77944494E+03	4.26408753E+03	4.12925551E+03	2.22190740E+03	2.07589659E+03	1.88688321E+03	1.65233476E+03	1.60833103E+03	1.08798336E+03	1.01760901E+03	9.51649614E+02	1.35370526E+03
9.96343194E+04	1.93740331E+04	1.86443072E+04	1.59277510E+04	5.81547073E+03	5.49171933E+03	4.86225678E+03	4.34404205E+03	4.21517979E+03	2.28672075E+03	2.14080504E+03	1.95479287E+03	1.71740699E+03	1.68056366E+03	1.13215328E+03	1.06121107E+03	9.95603029E+02
9.96840069E+04	1.94217931E+04	1.86928220E+04	1.59744479E+04	5.86035856E+03	5.53712857E+03	4.90600694E+03	4.38883093E+03	4.26031544E+03	2.32750266E+03	2.18232092E+03	1.99360623E+03	1.75727637E+03	1.72112532E+03	1.16065870E+03	1.09388578E+03	1.02877610E+03
9.97347173E+04	1.94703049E+04	1.87419951E+04	1.60230072E+04	5.90601285E+03	5.58325579E+03	4.95140777E+03	4.43556206E+03	4.30621393E+03	2.36917015E+03	2.22464233E+03	2.03467765E+03	1.79975123E+03	1.76258556E+03	1.19169142E+03	1.12856960E+03	1.06544965E+03
9.97864978E+04	1.95195811E+04	1.87918114E+04	1.60722449E+04	5.95245838E+03	5.63000865E+03	4.99745616E+03	4.48111033E+03	4.35250146E+03	2.41177649E+03	2.26757673E+03	2.07657266E+03	1.84016204E+03	1.80412495E+03	1.22555548E+03	1.16424811E+03	1.09941041E+03
9.98393480E+04	1.95696414E+04	1.88422685E+04	1.61227983E+04	5.99974632E+03	5.67748062E+03	5.04496870E+03	4.53020888E+03	4.40046704E+03	2.45543347E+03	2.31130543E+03	2.12024397E+03	1.88629303E+03	1.84806562E+03	1.26293481E+03	1.20158863E+03
9.98963147E+04	1.96227937E+04	1.88941010E+04	1.61760422E+04	6.04922292E+03	5.72549974E+03	5.09440322E+03	4.57979477E+03	4.45045128E+03	2.50005335E+03	2.35334660E+03	2.16463372E+03	1.93032386E+03	1.89275489E+03	1.29438354E+03	1.24031007E+03
9.99548917E+04	1.96766216E+04	1.89490228E+04	1.62300160E+04	6.09986003E+03	5.77654935E+03	5.14489871E+03	4.63086682E+03	4.50131606E+03	2.54645677E+03	2.39983812E+03	2.21059724E+03	1.97644541E+03	1.93871548E+03	1.33377720E+03
1.00010609E+05	1.97291177E+04	1.90032397E+04	1.62836278E+04	6.14897578E+03	5.82717889E+03	5.19507284E+03	4.68193716E+03	4.55220533E+03	2.58980650E+03	2.44536320E+03	2.25538547E+03	2.02204856E+03	1.98407819E+03	1.37372641E+03
1.00069413E+05	1.97840143E+04	1.90584068E+04	1.63385223E+04	6.20075601E+03	5.87915193E+03	5.24664314E+03	4.73399267E+03	4.60417896E+03	2.63726287E+03	2.49288191E+03	2.30223354E+03	2.06911433E+03	2.03097660E+03
1.00156136E+05	1.98688242E+04	1.91454863E+04	1.64209103E+04	6.27879486E+03	5.95833898E+03	5.32295909E+03	4.81146132E+03	4.67509166E+03	2.69756013E+03	2.55647237E+03	2.35200222E+03	2.12912307E+03	2.09193912E+03
1.00244488E+05	1.99552117E+04	1.92339346E+04	1.65063822E+04	6.35788863E+03	6.03859877E+03	5.40172709E+03	4.89380747E+03	4.75549449E+03	2.75924885E+03	2.62230603E+03	2.40861234E+03	2.19383397E+03	2.15669144E+03
1.00334445E+05	2.00433255E+04	1.93236173E+04	1.65943015E+04	6.43810255E+03	6.11983402E+03	5.48071692E+03	4.97842278E+03	4.83643966E+03	2.82272461E+03	2.68957784E+03	2.46971475E+03	2.26101857E+03	2.22546790E+03
1.00425454E+05	2.01330942E+04	1.94145563E+04	1.66841936E+04	6.51942470E+03	6.20206009E+03	5.56052529E+03	5.06000333E+03	4.91776022E+03	2.88787785E+03	2.75818379E+03	2.53328245E+03	2.32442689E+03	2.29133178E+03
1.00517795E+05	2.02246617E+04	1.95067336E+04	1.67761863E+04	6.60190338E+03	6.28524500E+03	5.64235240E+03	5.14491344E+03	5.00055152E+03	2.95501617E+03	2.82783614E+03	2.59908889E+03	2.39170318E+03	2.35575868E+03
1.00611397E+05	2.03184711E+04	1.96003655E+04	1.68711820E+04	6.68574272E+03	6.36950946E+03	5.72702759E+03	5.23642525E+03	5.08881487E+03	3.02541411E+03	2.89995145E+03	2.66932997E+03	2.46620086E+03
1.00708120E+05	2.04127334E+04	1.96933375E+04	1.69654576E+04	6.77026444E+03	6.45408424E+03	5.80867828E+03	5.30890719E+03	5.17214854E+03	3.09046736E+03	2.95362377E+03	2.73312420E+03	2.53285189E+03
1.00806395E+05	2.05092592E+04	1.97889510E+04	1.70637233E+04	6.85629594E+03	6.54025187E+03	5.89518305E+03	5.39556533E+03	5.26086184E+03	3.15937616E+03	3.01345575E+03	2.80037662E+03	2.60547861E+03
1.00906254E+05	2.06072306E+04	1.98872733E+04	1.71594094E+04	6.94338823E+03	6.62805784E+03	5.97765848E+03	5.48322289E+03	5.34667324E+03	3.22987083E+03	3.07984894E+03	2.86417037E+03	2.67288284E+03
1.01007715E+05	2.07068301E+04	1.99883833E+04	1.72621128E+04	7.03167268E+03	6.71750923E+03	6.07098881E+03	5.57517356E+03	5.44132890E+03	3.30292244E+03	3.15330475E+03	2.94235908E+03
1.01110320E+05	2.08019322E+04	2.00862322E+04	1.73537064E+04	7.11494631E+03	6.80295900E+03	6.14941019E+03	5.65904376E+03	5.52615465E+03	3.35888707E+03	3.21859408E+03	3.00822036E+03
1.01215067E+05	2.08983805E+04	2.01850774E+04	1.74503904E+04	7.19981681E+03	6.88980315E+03	6.23368680E+03	5.74746948E+03	5.61202309E+03	3.42007376E+03	3.28740449E+03	3.08059894E+03
1.01322064E+05	2.09961986E+04	2.02848934E+04	1.75481165E+04	7.28635455E+03	6.97769299E+03	6.31889000E+03	5.83209417E+03	5.69847022E+03	3.48692239E+03	3.35810137E+03	3.14758057E+03
1.01431330E+05	2.10954447E+04	2.03856919E+04	1.76489911E+04	7.37467906E+03	7.06696777E+03	6.40782613E+03	5.92646408E+03	5.78930280E+03	3.56011432E+03	3.43201416E+03
1.01550503E+05	2.12011749E+04	2.04873206E+04	1.77550912E+04	7.46590124E+03	7.15227117E+03	6.49895300E+03	6.01857495E+03	5.88283030E+03	3.62130537E+03	3.50915480E+03
1.01673527E+05	2.13079238E+04	2.05978571E+04	1.78623697E+04	7.56013682E+03	7.24807039E+03	6.59268486E+03	6.11481161E+03	5.97822829E+03	3.69826721E+03
1.01784315E+05	2.14073820E+04	2.07030749E+04	1.79654648E+04	7.64541402E+03	7.33930959E+03	6.68210007E+03	6.20795065E+03	6.07068140E+03	3.77524901E+03
1.01903545E+05	2.15133894E+04	2.08102068E+04	1.80715159E+04	7.73949628E+03	7.43425894E+03	6.77547469E+03	6.30341625E+03	6.16579931E+03
1.02100536E+05	2.16994094E+04	2.10054351E+04	1.82472316E+04	7.87860488E+03	7.58355006E+03	6.89687167E+03	6.45100522E+03	6.31485305E+03
1.02300371E+05	2.18891802E+04	2.12036432E+04	1.84331819E+04	8.02086969E+03	7.73673185E+03	7.03084016E+03	6.61112656E+03	6.47365256E+03
1.02503019E+05	2.20832377E+04	2.14044112E+04	1.86264311E+04	8.16692903E+03	7.89254018E+03	7.17282986E+03	6.77798356E+03	6.64322070E+03
1.02708550E+05	2.22816556E+04	2.16077904E+04	1.88249696E+04	8.31672733E+03	8.05090450E+03	7.31955573E+03	6.93339820E+03	6.80476421E+03
1.02916965E+05	2.24847055E+04	2.18137467E+04	1.90293134E+04	8.47054559E+03	8.21157259E+03	7.47113372E+03	7.09802683E+03	6.96154554E+03
1.03128168E+05	2.26933995E+04	2.20228807E+04	1.92429568E+04	8.62960480E+03	8.37615344E+03	7.63169722E+03	7.28072265E+03
1.03347540E+05	2.29007979E+04	2.22253928E+04	1.94497486E+04	8.77896023E+03	8.51004407E+03	7.77893944E+03	7.44544323E+03
1.03570627E+05	2.31140645E+04	2.24358684E+04	1.96693006E+04	8.93541948E+03	8.65636942E+03	7.93496992E+03	7.62653405E+03
1.03797535E+05	2.33307283E+04	2.26545483E+04	1.98782931E+04	9.09522725E+03	8.81528208E+03	8.08215912E+03	7.79372258E+03
1.04028301E+05	2.35516607E+04	2.28816971E+04	2.01114135E+04	9.26007781E+03	8.98706570E+03	8.25893547E+03
1.04252885E+05	2.37456999E+04	2.30867403E+04	2.02909346E+04	9.38193852E+03	9.13299329E+03	8.40388187E+03
1.04483109E+05	2.39430094E+04	2.32937736E+04	2.04896470E+04	9.51524118E+03	9.28566482E+03	8.56265046E+03
1.04719278E+05	2.41436698E+04	2.35026301E+04	2.06902706E+04	9.66064342E+03	9.44234199E+03	8.70973190E+03
1.04961432E+05	2.43478161E+04	2.37134074E+04	2.09003915E+04	9.81894874E+03	9.60569504E+03
1.05232043E+05	2.45664035E+04	2.39149568E+04	2.11208964E+04	9.95388470E+03	9.77966258E+03
1.05514253E+05	2.47873029E+04	2.41505875E+04	2.13440758E+04	1.01208462E+04
1.05747872E+05	2.49759256E+04	2.43621536E+04	2.15475509E+04	1.02843448E+04
1.06008682E+05	2.51883392E+04	2.45793845E+04	2.17603927E+04
1.06536545E+05	2.55126500E+04	2.49950261E+04	2.21532854E+04
1.07082936E+05	2.58653326E+04	2.54230991E+04	2.25885610E+04
1.07648960E+05	2.62476439E+04	2.58597494E+04	2.29883240E+04
1.08234818E+05	2.66608411E+04	2.63086320E+04
1.08924209E+05	2.70398051E+04	2.68271379E+04
1.09661694E+05	2.74800340E+04
1.10180530E+05	2.78977155E+04
1.10811823E+05
1.12819376E+05
