1.06683102E+05	1.98406572E+04	1.90735431E+04	1.58582334E+04	5.00911793E+03	4.66454070E+03	3.92207663E+03	3.37200295E+03	3.22150408E+03	1.27964838E+03	1.12623309E+03	9.32879158E+02	6.85318977E+02	6.49327100E+02	2.84383646E+02	2.24680598E+02	1.80665385E+02	3.21346535E+02	3.12448888E+02	9.06083900E+01	8.38132466E+01	4.78436692E+01	2.91678461E+01	2.05207309E+01	0	0	4.39209617E+00	0	4.80916413E+00
1.06698705E+05	1.98469421E+04	1.90798277E+04	1.58645160E+04	5.01541451E+03	4.67085286E+03	3.92840540E+03	3.37828349E+03	3.22779161E+03	1.28586271E+03	1.13250146E+03	9.39162947E+02	6.91598408E+02	6.55606364E+02	2.90563862E+02	2.30950914E+02	1.86926971E+02	3.27625931E+02	3.18732763E+02	9.68971197E+01	9.00086071E+01	5.37170624E+01	3.53872501E+01	2.66405457E+01	0	0	1.03346364E+01	0	1.07695110E+01
1.06696648E+05	1.98542186E+04	1.90870858E+04	1.58717607E+04	5.02265172E+03	4.67807641E+03	3.93560072E+03	3.38552215E+03	3.23501239E+03	1.29306545E+03	1.13969346E+03	9.46302526E+02	6.98779166E+02	6.62770656E+02	2.97760981E+02	2.38116604E+02	1.93995249E+02	3.34816549E+02	3.25903620E+02	1.03965411E+02	9.71021482E+01	6.07627973E+01	4.21599594E+01	3.31673120E+01	0	0	1.64134063E+01
1.06706722E+05	1.98643965E+04	1.90972510E+04	1.58819785E+04	5.03276305E+03	4.68818855E+03	3.94580282E+03	3.39565223E+03	3.24519775E+03	1.30313747E+03	1.14976579E+03	9.56557745E+02	7.08894980E+02	6.73012118E+02	3.07789079E+02	2.48125217E+02	2.04413574E+02	3.44936354E+02	3.36121889E+02	1.14064440E+02	1.07564655E+02	7.05089575E+01	5.16780409E+01	4.35323237E+01
1.06720557E+05	1.98781422E+04	1.91110211E+04	1.58956233E+04	5.04638936E+03	4.70185806E+03	3.95934211E+03	3.40923068E+03	3.25882159E+03	1.31661482E+03	1.16331663E+03	9.69902112E+02	7.22221164E+02	6.86424445E+02	3.20857004E+02	2.61368559E+02	2.17105932E+02	3.58200678E+02	3.49470634E+02	1.26631625E+02	1.20329447E+02	8.04573516E+01	6.24907253E+01	5.44564246E+01
1.06735144E+05	1.98926319E+04	1.91255588E+04	1.59101065E+04	5.06074021E+03	4.71624101E+03	3.97365510E+03	3.42368274E+03	3.27317982E+03	1.33081297E+03	1.17758446E+03	9.84009428E+02	7.36606892E+02	7.00665466E+02	3.34644755E+02	2.75334205E+02	2.30680361E+02	3.72643988E+02	3.63810655E+02	1.40523402E+02	1.33855192E+02	9.12581406E+01	7.46004662E+01	6.70680409E+01
1.06750463E+05	1.99078096E+04	1.91407787E+04	1.59252780E+04	5.07579428E+03	4.73131986E+03	3.98868683E+03	3.43858309E+03	3.28820171E+03	1.34571706E+03	1.19252668E+03	9.98885498E+02	7.51164392E+02	7.15466438E+02	3.49152024E+02	2.89927501E+02	2.45134030E+02	3.87244737E+02	3.78591864E+02	1.54127477E+02	1.47872126E+02	1.02976324E+02	8.71716953E+01	7.90461538E+01
1.06766521E+05	1.99236433E+04	1.91566602E+04	1.59411376E+04	5.09148990E+03	4.74702828E+03	4.00441288E+03	3.45446387E+03	3.30393991E+03	1.36131705E+03	1.20811644E+03	1.01451237E+03	7.67134812E+02	7.31119032E+02	3.64478866E+02	3.05190298E+02	2.60398490E+02	4.03046288E+02	3.94244798E+02	1.69819612E+02	1.63032644E+02	1.16797647E+02	1.00437397E+02
1.06784411E+05	1.99411372E+04	1.91740105E+04	1.59586436E+04	5.10875703E+03	4.76410095E+03	4.02168129E+03	3.47171387E+03	3.32124034E+03	1.37833373E+03	1.22484309E+03	1.03152191E+03	7.84077792E+02	7.48154175E+02	3.80820393E+02	3.20834082E+02	2.76632107E+02	4.20112776E+02	4.11290345E+02	1.85602328E+02	1.78992946E+02	1.29394262E+02	1.14669235E+02
1.06803106E+05	1.99593608E+04	1.91923102E+04	1.59768742E+04	5.12675559E+03	4.78212402E+03	4.03967411E+03	3.48972168E+03	3.33923908E+03	1.39616376E+03	1.24267522E+03	1.04932135E+03	8.01861135E+02	7.65943601E+02	3.98173205E+02	3.38107119E+02	2.93875443E+02	4.37883016E+02	4.29056651E+02	2.02575627E+02	1.95966981E+02	1.44700677E+02
1.06822947E+05	1.99787952E+04	1.92119437E+04	1.59964636E+04	5.14592503E+03	4.80149026E+03	4.05901435E+03	3.50913872E+03	3.35864907E+03	1.41493834E+03	1.26174514E+03	1.06832502E+03	8.20952078E+02	7.85013313E+02	4.15717433E+02	3.56206049E+02	3.11653012E+02	4.56991404E+02	4.48156489E+02	2.20079373E+02	2.13338628E+02	1.60915634E+02
1.06843727E+05	1.99990693E+04	1.92322640E+04	1.60167231E+04	5.16598139E+03	4.82156698E+03	4.07905863E+03	3.52920579E+03	3.37870648E+03	1.43478428E+03	1.28159747E+03	1.08811329E+03	8.40745864E+02	8.04790234E+02	4.34914259E+02	3.75329994E+02	3.30578802E+02	4.76751232E+02	4.67908943E+02	2.38710837E+02	2.31898317E+02
1.06872700E+05	2.00279600E+04	1.92614417E+04	1.60452257E+04	5.19443542E+03	4.85013719E+03	4.10722678E+03	3.55737762E+03	3.40607885E+03	1.46230603E+03	1.30930874E+03	1.11519735E+03	8.67442553E+02	8.29962410E+02	4.58870656E+02	4.00036667E+02	3.49523581E+02	5.03384494E+02	4.94282187E+02	2.60734325E+02	2.54235726E+02
1.06902610E+05	2.00577670E+04	1.92915413E+04	1.60748595E+04	5.22370818E+03	4.87954817E+03	4.13659127E+03	3.58713211E+03	3.43555555E+03	1.49058123E+03	1.33783109E+03	1.14352576E+03	8.96236403E+02	8.58341322E+02	4.83464672E+02	4.26059311E+02	3.71277224E+02	5.31419771E+02	5.22638233E+02	2.84833396E+02	2.78435103E+02
1.06933355E+05	2.00884734E+04	1.93224757E+04	1.61055280E+04	5.25377785E+03	4.90973905E+03	4.16647440E+03	3.61760695E+03	3.46559292E+03	1.51961899E+03	1.36707260E+03	1.17207693E+03	9.25864842E+02	8.87218613E+02	5.08841507E+02	4.52968634E+02	3.95187138E+02	5.60923303E+02	5.51454094E+02	3.09952231E+02	3.04246649E+02
1.06965036E+05	2.01201164E+04	1.93542987E+04	1.61372150E+04	5.28465724E+03	4.94073099E+03	4.19716240E+03	3.64836063E+03	3.49639507E+03	1.54941054E+03	1.39703676E+03	1.20147113E+03	9.55179711E+02	9.16337817E+02	5.34816838E+02	4.80318705E+02	4.20391565E+02	5.90185788E+02	5.80464651E+02	3.34474250E+02	3.29358779E+02
1.06997577E+05	2.01526741E+04	1.93869308E+04	1.61699090E+04	5.31634411E+03	4.97249727E+03	4.22886383E+03	3.68003241E+03	3.52830169E+03	1.57995737E+03	1.42764799E+03	1.23197785E+03	9.85664695E+02	9.46874961E+02	5.61403422E+02	5.07422552E+02	4.46658058E+02	6.19812372E+02	6.11054363E+02	3.60614930E+02	3.54758490E+02
1.07030749E+05	2.01863291E+04	1.94204033E+04	1.62036557E+04	5.34883778E+03	5.00495312E+03	4.26149069E+03	3.71331619E+03	3.56124949E+03	1.61160609E+03	1.45914862E+03	1.26361068E+03	1.01889100E+03	9.78640329E+02	5.91005284E+02	5.38713241E+02	4.75672206E+02	6.54422039E+02	6.42791493E+02	3.89125552E+02
1.07065530E+05	2.02209098E+04	1.94547905E+04	1.62383124E+04	5.38235773E+03	5.03847457E+03	4.29457747E+03	3.74590684E+03	3.59451629E+03	1.64354871E+03	1.49068901E+03	1.29477044E+03	1.04740847E+03	1.00957549E+03	6.18618806E+02	5.60470103E+02	5.01987098E+02	6.83161129E+02	6.73716566E+02	4.15281668E+02
1.07100764E+05	2.02564795E+04	1.94901735E+04	1.62741908E+04	5.41671387E+03	5.07279915E+03	4.32916915E+03	3.78023164E+03	3.62939046E+03	1.67652726E+03	1.52316583E+03	1.32778836E+03	1.07957646E+03	1.04262325E+03	6.47963790E+02	5.84560787E+02	5.29752568E+02	7.16334228E+02	7.06835444E+02	4.43697777E+02
1.07137313E+05	2.02929758E+04	1.95266571E+04	1.63101849E+04	5.45184643E+03	5.10798956E+03	4.36325978E+03	3.81534510E+03	3.66393474E+03	1.71021479E+03	1.55663221E+03	1.35962932E+03	1.11264681E+03	1.07470191E+03	6.77949357E+02	6.11486524E+02	5.56496428E+02	7.48368855E+02	7.39096178E+02	4.70215071E+02
1.07175116E+05	2.03303758E+04	1.95642342E+04	1.63480699E+04	5.48774328E+03	5.14403511E+03	4.40022452E+03	3.85180237E+03	3.70092960E+03	1.74466038E+03	1.59109462E+03	1.39595614E+03	1.14732404E+03	1.11082958E+03	7.08994085E+02	6.42067891E+02	5.89558064E+02	7.84042430E+02	7.74961878E+02
1.07234054E+05	2.03912652E+04	1.96248741E+04	1.64084180E+04	5.54899211E+03	5.20626873E+03	4.46007360E+03	3.91154444E+03	3.75694157E+03	1.79793398E+03	1.64558874E+03	1.44582474E+03	1.19761419E+03	1.15233860E+03	7.47340359E+02	6.79804632E+02	6.24303648E+02	8.34584921E+02	8.25945320E+02
1.07294537E+05	2.04537549E+04	1.96870733E+04	1.64709823E+04	5.61179312E+03	5.27029280E+03	4.52113223E+03	3.97603084E+03	3.81749849E+03	1.85229816E+03	1.70162653E+03	1.49675645E+03	1.25154537E+03	1.20094099E+03	7.86366583E+02	7.18295097E+02	6.60740688E+02	8.87610622E+02	8.79294089E+02
1.07356543E+05	2.05178425E+04	1.97508290E+04	1.65351882E+04	5.67619924E+03	5.33590022E+03	4.58375755E+03	4.04309716E+03	3.88065527E+03	1.90782774E+03	1.75881899E+03	1.54900908E+03	1.29829405E+03	1.25258399E+03	8.26085795E+02	7.57482738E+02	6.98161217E+02	9.45318129E+02	9.37082798E+02
1.07420033E+05	2.05834945E+04	1.98160977E+04	1.66004724E+04	5.74230810E+03	5.40306603E+03	4.64829617E+03	4.11100849E+03	3.94556040E+03	1.96467487E+03	1.81721172E+03	1.60286247E+03	1.35259260E+03	1.30588731E+03	8.66535493E+02	7.97386768E+02	7.35304360E+02	1.00508219E+03	9.97593383E+02
1.07485087E+05	2.06507831E+04	1.98829559E+04	1.66674701E+04	5.80995101E+03	5.47172665E+03	4.71490377E+03	4.17840238E+03	4.01248638E+03	2.02249485E+03	1.87649480E+03	1.65829353E+03	1.39715433E+03	1.36079314E+03	9.07638415E+02	8.37979852E+02	7.73216308E+02	1.06214866E+03	1.05621243E+03
1.07551771E+05	2.07197629E+04	1.99514666E+04	1.67364101E+04	5.87899004E+03	5.54152711E+03	4.78397814E+03	4.24700834E+03	4.08220655E+03	2.08105045E+03	1.93591903E+03	1.71556213E+03	1.45068315E+03	1.41801678E+03	9.49322736E+02	8.79146488E+02	8.12133072E+02	1.12627862E+03	1.11447901E+03
1.07620107E+05	2.07904694E+04	2.00215890E+04	1.68075014E+04	5.94948719E+03	5.61211111E+03	4.85604309E+03	4.31533430E+03	4.15560236E+03	2.14039777E+03	1.99507598E+03	1.77509214E+03	1.51095442E+03	1.47839280E+03	9.91605446E+02	9.20713655E+02	8.52346902E+02	1.18444222E+03
1.07688811E+05	2.08618602E+04	2.00922235E+04	1.68790296E+04	6.02523392E+03	5.68813860E+03	4.93229798E+03	4.39381530E+03	4.23135084E+03	2.20694443E+03	2.06325209E+03	1.83982385E+03	1.57022052E+03	1.54231310E+03	1.03613903E+03	9.63967677E+02	8.93972489E+02	1.25260906E+03
1.07760393E+05	2.09360938E+04	2.01658660E+04	1.69524683E+04	6.09902162E+03	5.76016923E+03	5.00403303E+03	4.46504220E+03	4.30370080E+03	2.26885298E+03	2.12145497E+03	1.89801040E+03	1.63224508E+03	1.60015334E+03	1.07931324E+03	1.00643757E+03	9.33662784E+02	1.31301108E+03
1.07833440E+05	2.10117755E+04	2.02409956E+04	1.70285313E+04	6.17533240E+03	5.83442820E+03	5.08028950E+03	4.53688688E+03	4.38020094E+03	2.33300223E+03	2.18209931E+03	1.95990495E+03	1.69354826E+03	1.66164327E+03	1.12366749E+03	1.04974637E+03	9.75778195E+02	1.37846189E+03
1.07907900E+05	2.10888789E+04	2.03175726E+04	1.71054867E+04	6.25364333E+03	5.91088308E+03	5.15776668E+03	4.61265919E+03	4.45976874E+03	2.39884294E+03	2.24495423E+03	2.02238077E+03	1.76361156E+03	1.72557977E+03	1.16886445E+03	1.09390613E+03	1.01819094E+03	1.44741684E+03
1.07983943E+05	2.11676073E+04	2.03957513E+04	1.71838776E+04	6.33341495E+03	5.98949751E+03	5.23420617E+03	4.69111188E+03	4.53700567E+03	2.46556738E+03	2.30975461E+03	2.08388317E+03	1.82335388E+03	1.78658526E+03	1.21467235E+03	1.13889503E+03	1.06000336E+03	1.51306979E+03
1.08061529E+05	2.12479426E+04	2.04755066E+04	1.72641658E+04	6.41455523E+03	6.06928811E+03	5.31308502E+03	4.77219651E+03	4.61409057E+03	2.53311169E+03	2.37671000E+03	2.14832904E+03	1.89902744E+03	1.84725719E+03	1.26105666E+03	1.18470188E+03	1.10315534E+03	1.57714111E+03
1.08140621E+05	2.13298452E+04	2.05568101E+04	1.73467852E+04	6.49748389E+03	6.15369033E+03	5.40247252E+03	4.85754062E+03	4.70574594E+03	2.60205510E+03	2.44585080E+03	2.22032446E+03	1.96827169E+03	1.92391593E+03	1.30815540E+03	1.23130296E+03	1.14994094E+03
1.08193788E+05	2.13808617E+04	2.06086929E+04	1.73966180E+04	6.54529412E+03	6.20208955E+03	5.44903040E+03	4.90525265E+03	4.75381523E+03	2.64537928E+03	2.48999008E+03	2.26153077E+03	2.01064941E+03	1.96702729E+03	1.33851164E+03	1.26610342E+03	1.18517602E+03
1.08248012E+05	2.14326428E+04	2.06612155E+04	1.74484258E+04	6.59389082E+03	6.25121359E+03	5.49735216E+03	4.95500764E+03	4.80266436E+03	2.68962965E+03	2.53495184E+03	2.30514527E+03	2.05576541E+03	2.01103486E+03	1.37158355E+03	1.30298631E+03	1.22409897E+03
1.08303339E+05	2.14852001E+04	2.07143771E+04	1.75009085E+04	6.64330112E+03	6.30096686E+03	5.54628561E+03	5.00344515E+03	4.85187660E+03	2.73485899E+03	2.58053715E+03	2.34953731E+03	2.09865053E+03	2.05511087E+03	1.40766935E+03	1.34089360E+03	1.26008755E+03
1.08359775E+05	2.15385563E+04	2.07681706E+04	1.75547819E+04	6.69357250E+03	6.35144814E+03	5.59677248E+03	5.05565054E+03	4.90286286E+03	2.78116448E+03	2.62693425E+03	2.39583612E+03	2.14761410E+03	2.10171812E+03	1.44735421E+03	1.38054654E+03
1.08420966E+05	2.15954291E+04	2.08235998E+04	1.76117240E+04	6.74635975E+03	6.40265082E+03	5.64946532E+03	5.10852683E+03	4.95615965E+03	2.82864344E+03	2.67167371E+03	2.44301502E+03	2.19442515E+03	2.14923948E+03	1.48059613E+03	1.42179361E+03
1.08483938E+05	2.16529916E+04	2.08823884E+04	1.76693621E+04	6.80032939E+03	6.45710135E+03	5.70323421E+03	5.16296174E+03	5.01033889E+03	2.87798487E+03	2.72114280E+03	2.49180890E+03	2.24345038E+03	2.19806026E+03	1.52245450E+03
1.08543436E+05	2.17089185E+04	2.09402516E+04	1.77264877E+04	6.85253745E+03	6.51096399E+03	5.75654808E+03	5.21726356E+03	5.06442520E+03	2.92396277E+03	2.76947723E+03	2.53927592E+03	2.29183611E+03	2.24616696E+03	1.56484352E+03
1.08606333E+05	2.17674170E+04	2.09990435E+04	1.77849393E+04	6.90756823E+03	6.56621850E+03	5.81131812E+03	5.27257689E+03	5.11963994E+03	2.97430016E+03	2.81989915E+03	2.58891463E+03	2.34174608E+03	2.29588365E+03
1.08698558E+05	2.18573121E+04	2.10913420E+04	1.78721504E+04	6.99010870E+03	6.65001173E+03	5.89193665E+03	5.35444657E+03	5.19456753E+03	3.03801129E+03	2.88712579E+03	2.64146302E+03	2.40513841E+03	2.36026225E+03
1.08792127E+05	2.19487835E+04	2.11849997E+04	1.79626110E+04	7.07371173E+03	6.73488054E+03	5.97504567E+03	5.44138985E+03	5.27944638E+03	3.10320854E+03	2.95659669E+03	2.70125811E+03	2.47345350E+03	2.42854734E+03
1.08887025E+05	2.20419851E+04	2.12798954E+04	1.80556033E+04	7.15843890E+03	6.82072404E+03	6.05842929E+03	5.53064591E+03	5.36492521E+03	3.17028915E+03	3.02750370E+03	2.76570752E+03	2.54440136E+03	2.50109958E+03
1.08983280E+05	2.21369365E+04	2.13760465E+04	1.81506092E+04	7.24430530E+03	6.90756148E+03	6.14257030E+03	5.61663140E+03	5.45069472E+03	3.23917851E+03	3.09977155E+03	2.83269247E+03	2.61121558E+03	2.57050133E+03
1.09080890E+05	2.22337385E+04	2.14734489E+04	1.82477865E+04	7.33134253E+03	6.99536547E+03	6.22878236E+03	5.70596183E+03	5.53787704E+03	3.31015193E+03	3.17317149E+03	2.90198909E+03	2.68202247E+03	2.63823911E+03
1.09179795E+05	2.23327608E+04	2.15722810E+04	1.83480957E+04	7.41972269E+03	7.08424187E+03	6.31798904E+03	5.80202048E+03	5.63100633E+03	3.38425685E+03	3.24894454E+03	2.97582198E+03	2.76054637E+03
1.09282087E+05	2.24324912E+04	2.16706780E+04	1.84476843E+04	7.50894351E+03	7.17351756E+03	6.40398067E+03	5.87934236E+03	5.71880756E+03	3.45272479E+03	3.30589016E+03	3.04288222E+03	2.83073453E+03
1.09385980E+05	2.25344503E+04	2.17717868E+04	1.85515391E+04	7.59966244E+03	7.26443553E+03	6.49512061E+03	5.97067613E+03	5.81230286E+03	3.52519423E+03	3.36931298E+03	3.11354745E+03	2.90727470E+03
1.09491519E+05	2.26378713E+04	2.18756809E+04	1.86525293E+04	7.69145473E+03	7.35704359E+03	6.58193333E+03	6.06302208E+03	5.90270553E+03	3.59937243E+03	3.43954115E+03	3.18055888E+03	2.97827086E+03
1.09598716E+05	2.27429283E+04	2.19824293E+04	1.87607552E+04	7.78445486E+03	7.45134579E+03	6.68010673E+03	6.15987435E+03	6.00224778E+03	3.67629676E+03	3.51697840E+03	3.26267813E+03
1.09706878E+05	2.28430597E+04	2.20855806E+04	1.88570452E+04	7.87192866E+03	7.54119747E+03	6.76237899E+03	6.24797902E+03	6.09132544E+03	3.73521095E+03	3.58572841E+03	3.33179656E+03
1.09817218E+05	2.29445681E+04	2.21896972E+04	1.89587090E+04	7.96107504E+03	7.63246980E+03	6.85086842E+03	6.34084684E+03	6.18142417E+03	3.79964463E+03	3.65811501E+03	3.40772308E+03
1.09929950E+05	2.30474922E+04	2.22947761E+04	1.90614180E+04	8.05196385E+03	7.72480689E+03	6.94020435E+03	6.42967608E+03	6.27211130E+03	3.87001705E+03	3.73244241E+03	3.47793833E+03
1.10045028E+05	2.31518807E+04	2.24008066E+04	1.91674453E+04	8.14470219E+03	7.81855470E+03	7.03348716E+03	6.52869183E+03	6.36739624E+03	3.94693243E+03	3.81011048E+03
1.10171549E+05	2.32637022E+04	2.25082123E+04	1.92795275E+04	8.24094851E+03	7.90852186E+03	7.12945941E+03	6.62572525E+03	6.46591997E+03	4.01121726E+03	3.89148885E+03
1.10302415E+05	2.33765670E+04	2.26252299E+04	1.93927007E+04	8.34028773E+03	8.00961617E+03	7.22809274E+03	6.72711429E+03	6.56632905E+03	4.09226132E+03
1.10419471E+05	2.34813947E+04	2.27363744E+04	1.95013346E+04	8.43000545E+03	8.10574231E+03	7.32208835E+03	6.82510534E+03	6.66352826E+03	4.17325912E+03
1.10545756E+05	2.35932338E+04	2.28493968E+04	1.96130642E+04	8.52904203E+03	8.20571563E+03	7.42023499E+03	6.92550015E+03	6.76352242E+03
1.10751862E+05	2.37880367E+04	2.30538517E+04	1.97968352E+04	8.67491084E+03	8.36245891E+03	7.54723832E+03	7.07998606E+03	6.91937590E+03
1.10960873E+05	2.39867378E+04	2.32612677E+04	1.99913265E+04	8.82412404E+03	8.52313258E+03	7.68741578E+03	7.24755896E+03	7.08530284E+03
1.11172753E+05	2.41898531E+04	2.34712466E+04	2.01933317E+04	8.97730588E+03	8.68645534E+03	7.83584691E+03	7.42220038E+03	7.26255332E+03
1.11387572E+05	2.43974683E+04	2.36838370E+04	2.04007666E+04	9.13441866E+03	8.85237205E+03	7.98913271E+03	7.58458857E+03	7.43125056E+03
1.11605331E+05	2.46098252E+04	2.38990125E+04	2.06142035E+04	9.29570731E+03	9.02066889E+03	8.14742387E+03	7.75640615E+03	7.59469794E+03
1.11825945E+05	2.48278182E+04	2.41173129E+04	2.08373319E+04	9.46225808E+03	9.19288660E+03	8.31500827E+03	7.94714488E+03
1.12055492E+05	2.50453144E+04	2.43299275E+04	2.10535840E+04	9.61876187E+03	9.33349063E+03	8.46870983E+03	8.11928685E+03
1.12288931E+05	2.52685347E+04	2.45506369E+04	2.12833866E+04	9.78256116E+03	9.48709556E+03	8.63159881E+03	8.30865788E+03
1.12526359E+05	2.54951580E+04	2.47796810E+04	2.15018757E+04	9.94987722E+03	9.65383685E+03	8.78519599E+03	8.48337981E+03
1.12767480E+05	2.57259710E+04	2.50173066E+04	2.17449590E+04	1.01225110E+04	9.83395986E+03	8.96947172E+03
1.13002296E+05	2.59288069E+04	2.52319988E+04	2.19321250E+04	1.02500326E+04	9.98683292E+03	9.12063070E+03
1.13242984E+05	2.61350559E+04	2.54485821E+04	2.21394286E+04	1.03895719E+04	1.01466138E+04	9.28616825E+03
1.13490200E+05	2.63448452E+04	2.56669652E+04	2.23486719E+04	1.05417732E+04	1.03105125E+04	9.43944558E+03
1.13743272E+05	2.65581869E+04	2.58871580E+04	2.25678966E+04	1.07073376E+04	1.04812921E+04
1.14029238E+05	2.67886143E+04	2.60991172E+04	2.27994691E+04	1.08489371E+04	1.06642444E+04
1.14328425E+05	2.70208123E+04	2.63475510E+04	2.30334203E+04	1.10241355E+04
1.14574079E+05	2.72186549E+04	2.65702273E+04	2.32466765E+04	1.11956425E+04
1.14849342E+05	2.74418677E+04	2.67984443E+04	2.34697534E+04
1.15399704E+05	2.77810506E+04	2.72344163E+04	2.38786742E+04
1.15969252E+05	2.81501155E+04	2.76826152E+04	2.43319889E+04
1.16559149E+05	2.85502959E+04	2.81394224E+04	2.47477851E+04
1.17169483E+05	2.89827558E+04	2.86083061E+04
1.17899837E+05	2.93831224E+04	2.91572226E+04
1.18685626E+05	2.98461878E+04
1.19231408E+05	3.02859439E+04
1.19899648E+05
1.22029285E+05
